 LAS 20130102  2.30  2.16100.00 59.60 94.10 317.1
 LAS 20130103  2.41  2.27100.00 59.50 94.10 305.8
 LAS 20130104  2.45  2.30100.00 59.40 94.10 303.5
 LAS 20130105  2.75  2.59100.00 59.30 94.10 275.9
 LAS 20130106  2.43  2.29100.00 59.20 94.10 309.8
 LAS 20130107  2.40  2.26100.00 59.10 94.10 316.0
 LAS 20130108  2.77  2.61100.00 59.00 94.10 280.5
 LAS 20130109  2.76  2.59100.00 58.80 94.20 284.2
 LAS 20130110  2.36  1.97 88.60 58.70 94.20 329.7
 LAS 20130111  2.22  2.09100.00 58.50 94.20 351.6
 LAS 20130112  2.29  2.16100.00 58.40 94.20 344.9
 LAS 20130113  2.20  2.07100.00 58.20 94.20 360.8
 LAS 20130114  2.16  2.03100.00 58.10 94.20 371.1
 LAS 20130115  2.67  2.51100.00 57.90 94.20 309.5
 LAS 20130116  2.86  2.70100.00 57.70 94.20 294.0
 LAS 20130117  3.24  3.05100.00 57.50 94.20 267.0
 LAS 20130118  3.47  3.26100.00 57.30 94.20 254.5
 LAS 20130119  3.36  3.17100.00 57.10 94.20 264.1
 LAS 20130120  3.38  3.19100.00 56.90 94.20 265.5
 LAS 20130121  3.41  3.21100.00 56.70 94.20 267.0
 LAS 20130122  3.75  3.53100.00 56.50 94.20 249.1
 LAS 20130123  3.95  3.62 97.20 56.30 94.20 240.4
 LAS 20130124  3.58  2.80 82.90 56.10 94.20 264.5
 LAS 20130125  3.45  2.68 82.30 55.80 94.20 276.6
 LAS 20130126  3.58  1.31 39.10 55.60 94.20 271.2
 LAS 20130127  3.55  3.17 94.70 55.40 94.20 276.0
 LAS 20130128  2.97  2.80100.00 55.10 94.20 326.8
 LAS 20130129  3.22  3.00 99.00 54.90 94.20 308.8
 LAS 20130130  3.26  3.07100.00 54.60 94.20 309.5
 LAS 20130131  3.30  3.11100.00 54.30 94.20 310.9
 LAS 20130201  3.05  2.88100.00 54.10 94.20 337.0
 LAS 20130202  3.97  3.59 96.10 53.80 94.20 272.5
 LAS 20130203  3.95  3.62 97.30 53.50 94.20 277.4
 LAS 20130204  4.08  3.84100.00 53.20 94.30 273.9
 LAS 20130205  4.53  4.26 99.80 52.90 94.30 254.0
 LAS 20130206  3.94  3.72100.00 52.60 94.30 289.8
 LAS 20130207  3.98  3.75100.00 52.30 94.30 291.8
 LAS 20130208  3.20  2.97 98.60 52.00 94.30 357.4
 LAS 20130209  3.08  2.88 99.10 51.70 94.30 375.1
 LAS 20130210  3.18  2.56 85.50 51.40 94.30 369.8
 LAS 20130211  3.18  3.00100.00 51.10 94.30 374.5
 LAS 20130212  3.59  3.39100.00 50.80 94.30 341.4
 LAS 20130213  3.97  3.74100.00 50.50 94.30 317.2
 LAS 20130214  4.44  4.18100.00 50.10 94.30 292.5
 LAS 20130215  4.68  4.41100.00 49.80 94.30 283.6
 LAS 20130216  5.01  4.69 99.20 49.50 94.30 271.7
 LAS 20130217  4.40  4.15100.00 49.10 94.30 308.0
 LAS 20130218  5.02  4.73100.00 48.80 94.30 279.1
 LAS 20130219  4.10  3.59 92.70 48.40 94.30 336.4
 LAS 20130220  3.34  1.92 61.10 48.10 94.30 409.2
 LAS 20130221  3.96  3.73100.00 47.70 94.30 357.1
 LAS 20130222  4.32  4.08100.00 47.40 94.40 335.6
 LAS 20130223  4.19  3.95100.00 47.00 94.40 349.8
 LAS 20130224  4.16  3.93100.00 46.60 94.40 356.4
 LAS 20130225  4.86  4.59100.00 46.30 94.40 316.1
 LAS 20130226  4.79  4.52100.00 45.90 94.40 324.6
 LAS 20130227  4.52  4.26100.00 45.50 94.40 345.9
 LAS 20130228  4.82  4.55100.00 45.20 94.40 331.4
 LAS 20130301  5.79  5.47100.00 44.80 94.40 287.9
 LAS 20130302  6.53  6.01 98.50 44.40 93.40 263.8
 LAS 20130303  6.65  6.21 99.90 44.00 93.40 263.3
 LAS 20130304  5.90  5.51100.00 43.60 93.40 294.8
 LAS 20130305  6.17  5.77100.00 43.20 93.40 287.6
 LAS 20130306  5.82  5.44100.00 42.90 93.40 306.0
 LAS 20130307  5.56  4.93 94.90 42.50 93.40 321.9
 LAS 20130308  4.14  2.66 69.20 42.10 93.40 420.8
 LAS 20130309  4.02  3.42 91.00 41.70 93.40 436.9
 LAS 20130310  5.32  4.97100.00 41.30 93.40 347.1
 LAS 20130311  6.25  5.84100.00 40.90 93.40 306.8
 LAS 20130312  6.84  6.39100.00 40.50 93.50 288.2
 LAS 20130313  7.17  6.70 99.90 40.10 93.50 279.9
 LAS 20130314  7.86  7.33 99.80 39.70 93.50 262.5
 LAS 20130315  7.92  7.39 99.90 39.30 93.50 264.1
 LAS 20130316  6.77  6.07 95.90 38.90 93.50 304.2
 LAS 20130317  6.53  6.11100.00 38.50 93.50 316.9
 LAS 20130318  6.78  6.21 98.00 38.10 93.50 310.7
 LAS 20130319  7.04  6.42 97.60 37.70 93.50 304.5
 LAS 20130320  7.75  6.77 93.40 37.30 93.50 284.0
 LAS 20130321  7.30  6.82100.00 36.90 93.50 301.6
 LAS 20130322  6.73  6.29100.00 36.50 93.50 326.3
 LAS 20130323  6.70  6.26100.00 36.10 93.50 331.2
 LAS 20130324  6.99  6.54100.00 35.70 93.50 322.7
 LAS 20130325  7.02  6.57100.00 35.30 93.50 324.7
 LAS 20130326  7.08  6.62 99.90 34.90 93.50 325.7
 LAS 20130327  7.61  7.03 98.80 34.50 93.50 309.7
 LAS 20130328  7.35  6.85 99.60 34.10 93.50 321.5
 LAS 20130329  7.71  7.21100.00 33.70 93.60 312.0
 LAS 20130330  8.10  7.13 94.10 33.30 93.60 301.9
 LAS 20130331  7.62  7.13100.00 32.90 93.60 320.7
 LAS 20130401  7.65  7.16100.00 32.50 93.60 322.3
 LAS 20130402  7.81  7.31100.00 32.10 93.60 319.6
 LAS 20130403  8.33  7.73 99.10 31.80 93.60 305.6
 LAS 20130404  8.29  6.88 88.70 31.40 93.60 309.6
 LAS 20130405  8.20  7.67100.00 31.00 93.60 315.0
 LAS 20130406  7.95  7.40 99.40 30.60 93.60 325.5
 LAS 20130407  7.63  7.04 98.60 30.20 93.60 339.4
 LAS 20130408  6.89  3.49 54.20 29.80 93.60 372.5
 LAS 20130409  6.99  6.01 91.70 29.50 93.60 370.8
 LAS 20130410  9.22  8.63100.00 29.10 93.60 296.8
 LAS 20130411  8.95  8.33 99.40 28.70 93.60 306.1
 LAS 20130412  8.25  7.73100.00 28.30 93.60 329.7
 LAS 20130413  9.02  8.31 98.40 28.00 93.60 308.3
 LAS 20130414  8.54  8.00100.00 27.60 93.60 324.6
 LAS 20130415  9.22  8.63 99.90 27.20 93.60 306.7
 LAS 20130416  7.78  5.86 80.80 26.90 93.60 355.5
 LAS 20130417  6.83  6.37 99.50 26.50 93.60 398.4
 LAS 20130418  7.98  7.47100.00 26.20 93.60 352.1
 LAS 20130419  8.89  8.33100.00 25.80 93.60 323.8
 LAS 20130420  9.31  8.72100.00 25.50 93.60 313.7
 LAS 20130421  9.84  9.21100.00 25.10 93.70 301.4
 LAS 20130422  9.83  9.21100.00 24.80 93.70 303.1
 LAS 20130423  9.22  8.63100.00 24.40 93.70 321.2
 LAS 20130424  9.38  8.78100.00 24.10 93.70 318.1
 LAS 20130425  8.30  7.76 99.80 23.80 93.70 353.6
 LAS 20130426  8.53  7.99100.00 23.40 93.70 347.5
 LAS 20130427  9.72  9.10100.00 23.10 93.70 313.4
 LAS 20130428  9.18  8.60100.00 22.80 93.70 330.0
 LAS 20130429  9.52  8.91100.00 22.50 93.70 321.4
 LAS 20130430 10.13  9.44 99.40 22.20 93.70 306.8
 LAS 20130501  9.65  9.04100.00 21.90 93.70 320.4
 LAS 20130502  9.05  8.39100.00 21.60 92.70 339.2
 LAS 20130503  9.24  8.56100.00 21.30 92.70 334.9
 LAS 20130504  9.25  8.57100.00 21.00 92.70 335.9
 LAS 20130505  9.54  7.94 89.90 20.70 92.70 328.7
 LAS 20130506  8.36  6.21 80.20 20.40 92.70 368.0
 LAS 20130507  7.83  7.25100.00 20.20 92.70 390.2
 LAS 20130508  8.24  7.59 99.30 19.90 92.70 374.8
 LAS 20130509  8.46  3.68 47.00 19.60 92.70 368.1
 LAS 20130510  9.23  8.55100.00 19.40 92.70 343.2
 LAS 20130511  9.38  8.69100.00 19.10 92.70 339.5
 LAS 20130512  9.37  8.69100.00 18.90 92.70 340.6
 LAS 20130513 10.35  9.59100.00 18.60 92.70 314.8
 LAS 20130514 10.24  9.49100.00 18.40 92.70 318.2
 LAS 20130515  9.14  8.47100.00 18.20 92.70 350.4
 LAS 20130516  9.53  8.80 99.60 17.90 92.70 338.9
 LAS 20130517  8.59  6.94 87.20 17.70 92.70 370.5
 LAS 20130518  9.52  8.82100.00 17.50 92.70 340.9
 LAS 20130519 10.03  9.30100.00 17.30 92.70 327.4
 LAS 20130520 10.41  9.65100.00 17.10 92.70 318.0
 LAS 20130521 10.69  9.62 97.10 16.90 92.70 311.8
 LAS 20130522  9.58  8.89100.00 16.70 92.70 341.6
 LAS 20130523  8.81  8.17100.00 16.50 92.70 366.9
 LAS 20130524  9.39  8.70100.00 16.30 92.70 348.8
 LAS 20130525 10.17  9.43100.00 16.20 92.70 327.1
 LAS 20130526 10.22  9.47100.00 16.00 92.70 326.4
 LAS 20130527  9.45  8.76100.00 15.80 92.70 348.6
 LAS 20130528  9.22  8.48 99.20 15.70 92.70 356.3
 LAS 20130529 10.32  9.57100.00 15.50 92.70 325.1
 LAS 20130530 11.16 10.34100.00 15.40 92.70 305.4
 LAS 20130601 11.19 10.37100.00 15.10 92.70 305.5
 LAS 20130602 10.61  9.84100.00 15.00 92.70 319.1
 LAS 20130603 11.10 10.29100.00 14.90 92.70 308.0
 LAS 20130604  9.96  9.23100.00 14.80 92.70 336.8
 LAS 20130605 10.58  9.81100.00 14.70 92.70 320.7
 LAS 20130606 11.08 10.27100.00 14.60 92.70 309.1
 LAS 20130607 10.41  9.65100.00 14.50 92.70 325.5
 LAS 20130608 10.98 10.18100.00 14.40 92.70 311.6
 LAS 20130609 10.79 10.00100.00 14.30 92.70 316.3
 LAS 20130610 10.51  9.75100.00 14.30 92.70 323.1
 LAS 20130611 11.49 10.63 99.80 14.20 92.70 300.4
 LAS 20130612 11.46 10.56 99.40 14.10 92.70 301.2
 LAS 20130613 10.64  9.87100.00 14.10 92.70 320.0
 LAS 20130614 10.84 10.05100.00 14.00 92.70 315.5
 LAS 20130615 10.84 10.05100.00 14.00 92.70 315.6
 LAS 20130616 10.69  9.92100.00 14.00 92.70 318.9
 LAS 20130617 11.50 10.66100.00 13.90 92.70 300.5
 LAS 20130618 11.47 10.64100.00 13.90 92.70 301.1
 LAS 20130619 10.77  9.98100.00 13.90 92.70 317.3
 LAS 20130620 10.57  9.80100.00 13.90 92.70 322.0
 LAS 20130621 10.64  9.87100.00 13.90 92.70 320.1
 LAS 20130622 10.40  9.65100.00 13.90 92.70 326.3
 LAS 20130623 10.14  9.41100.00 13.90 92.70 333.1
 LAS 20130624 10.87  9.40 93.30 14.00 92.70 314.7
 LAS 20130625 10.91 10.11100.00 14.00 92.70 313.7
 LAS 20130626 11.33 10.51100.00 14.00 92.70 303.7
 LAS 20130627 11.45 10.62100.00 14.10 92.70 301.0
 LAS 20130628 11.32 10.49100.00 14.10 92.70 303.9
 LAS 20130629 11.55  9.74 90.80 14.20 92.70 298.5
 LAS 20130630 11.10  9.94 96.50 14.20 92.70 308.5
 LAS 20130701 11.18 10.37100.00 14.30 92.70 306.5
 LAS 20130702 11.39 10.51 99.50 14.40 92.70 301.5
 LAS 20130703 11.27 10.36 99.20 14.40 92.70 304.0
 LAS 20130704 11.00 10.06 98.60 14.50 92.70 309.9
 LAS 20130705 11.08 10.27100.00 14.60 92.70 307.9
 LAS 20130706 11.06 10.25100.00 14.70 92.70 308.2
 LAS 20130707 11.40 10.57100.00 14.80 92.70 300.1
 LAS 20130708 11.37 10.55100.00 15.00 92.70 300.3
 LAS 20130709 11.33 10.32 98.30 15.10 92.70 301.0
 LAS 20130710 11.23  8.22 79.00 15.20 92.70 302.9
 LAS 20130711 11.79  9.87 90.40 15.30 92.70 290.7
 LAS 20130712 11.56 10.72100.00 15.50 92.70 294.9
 LAS 20130713 11.61 10.77100.00 15.60 92.70 293.5
 LAS 20130715 11.29 10.47100.00 15.90 92.70 299.1
 LAS 20130716 11.28  9.43 90.10 16.10 92.70 298.7
 LAS 20130717 11.41 10.58100.00 16.30 92.70 295.6
 LAS 20130718 11.08 10.27100.00 16.40 92.70 302.2
 LAS 20130719 11.18 10.37100.00 16.60 92.70 299.2
 LAS 20130720 11.05  9.65 94.30 16.80 92.70 301.6
 LAS 20130721 10.93  9.80 96.70 17.00 92.70 303.6
 LAS 20130722 10.84 10.04100.00 17.20 92.70 305.3
 LAS 20130723 11.05 10.24100.00 17.40 92.70 299.6
 LAS 20130724 11.49 10.65100.00 17.60 92.70 289.7
 LAS 20130725 11.25 10.43100.00 17.80 92.70 294.1
 LAS 20130726 10.77  9.87 98.90 18.00 92.70 303.9
 LAS 20130727 10.43  9.05 93.60 18.30 92.70 311.3
 LAS 20130728 10.62  9.84100.00 18.50 92.70 306.1
 LAS 20130729 10.83 10.04100.00 18.70 92.70 300.0
 LAS 20130730 11.01 10.20100.00 19.00 92.70 295.5
 LAS 20130731 10.95 10.14 99.90 19.20 92.70 296.1
 LAS 20130801 10.82  9.99 99.60 19.50 92.70 297.9
 LAS 20130802 10.66  9.86 99.80 19.80 92.70 300.5
 LAS 20130803 10.42  9.66100.00 20.00 92.70 305.6
 LAS 20130804 10.67  9.77 98.80 20.30 92.70 298.4
 LAS 20130805 10.71  9.16 92.30 20.60 92.70 296.6
 LAS 20130806 10.59  7.13 72.50 20.90 92.70 297.9
 LAS 20130807 10.52  9.75100.00 21.20 92.70 298.5
 LAS 20130808 10.57  9.80100.00 21.40 92.70 296.1
 LAS 20130809 10.44  9.67100.00 21.70 92.70 298.0
 LAS 20130810 10.33  9.57100.00 22.00 92.70 299.1
 LAS 20130811 10.34  9.58100.00 22.30 92.70 297.8
 LAS 20130812 10.80 10.01100.00 22.70 92.70 286.2
 LAS 20130813 11.11 10.30100.00 23.00 92.60 278.1
 LAS 20130814 10.82 10.03100.00 23.30 92.60 282.9
 LAS 20130815 10.72  9.93100.00 23.60 92.60 283.8
 LAS 20130816 10.32  9.11 95.20 23.90 92.60 291.6
 LAS 20130817 10.03  9.29100.00 24.30 92.60 297.0
 LAS 20130818 10.02  7.87 84.90 24.60 92.60 295.8
 LAS 20130819 10.37  8.60 89.50 24.90 92.60 286.1
 LAS 20130820 10.32  9.56100.00 25.30 92.60 285.6
 LAS 20130821 10.05  9.31100.00 25.60 92.60 290.3
 LAS 20130822  9.90  8.87 96.60 26.00 92.60 292.0
 LAS 20130823  9.96  7.74 83.80 26.30 92.60 288.8
 LAS 20130824  9.92  9.18100.00 26.70 92.60 288.1
 LAS 20130825 10.12  3.89 41.50 27.10 92.60 281.2
 LAS 20130826 10.28  5.17 54.40 27.40 92.60 276.0
 LAS 20130827 10.13  9.38100.00 27.80 92.60 277.5
 LAS 20130828 10.04  9.30100.00 28.10 92.60 277.6
 LAS 20130829  9.91  9.18100.00 28.50 92.60 278.6
 LAS 20130830  9.94  9.20100.00 28.90 92.60 276.2
 LAS 20130831  9.90  9.11 99.40 29.30 92.60 275.3
 LAS 20130901  9.58  8.87100.00 29.60 92.60 280.6
 LAS 20130902  9.31  8.66 99.40 30.00 93.60 285.4
 LAS 20130903  9.63  8.76 97.30 30.40 93.60 275.4
 LAS 20130904  9.61  8.99 99.90 30.80 93.60 273.6
 LAS 20130905  9.53  8.92100.00 31.20 93.60 273.3
 LAS 20130906  9.26  8.61 99.40 31.60 93.60 277.3
 LAS 20130907  9.04  8.36 98.80 31.90 93.60 280.3
 LAS 20130908  8.92  8.30 99.50 32.30 93.60 281.0
 LAS 20130909  8.43  3.20 40.50 32.70 93.60 292.0
 LAS 20130910  8.10  7.44 98.20 33.10 93.60 299.2
 LAS 20130911  7.89  5.90 80.50 33.50 93.60 303.0
 LAS 20130912  7.97  7.44 99.80 33.90 93.60 297.6
 LAS 20130913  8.20  7.68100.00 34.30 93.50 288.2
 LAS 20130914  8.05  7.53100.00 34.70 93.50 290.1
 LAS 20130915  8.04  7.52100.00 35.10 93.50 287.5
 LAS 20130916  7.98  7.46100.00 35.50 93.50 286.4
 LAS 20130917  7.74  7.24100.00 35.90 93.50 290.8
 LAS 20130918  7.83  7.33100.00 36.30 93.50 284.9
 LAS 20130919  7.39  6.91100.00 36.70 93.50 295.7
 LAS 20130920  7.68  7.18100.00 37.10 93.50 283.5
 LAS 20130921  7.76  7.26100.00 37.50 93.50 278.0
 LAS 20130922  7.12  6.66100.00 37.90 93.50 295.6
 LAS 20130923  7.80  7.30100.00 38.30 93.50 271.1
 LAS 20130924  7.60  7.10100.00 38.70 93.50 274.0
 LAS 20130925  6.97  6.52100.00 39.10 93.50 290.9
 LAS 20130926  6.51  6.08100.00 39.50 93.50 304.5
 LAS 20130927  6.54  6.11100.00 39.90 93.50 299.8
 LAS 20130928  6.81  6.37100.00 40.30 93.50 286.5
 LAS 20130929  7.18  6.71100.00 40.70 93.50 271.2
 LAS 20130930  7.14  6.67100.00 41.10 93.40 269.1
 LAS 20131001  7.02  6.56100.00 41.50 93.40 269.8
 LAS 20131002  6.68  6.24100.00 41.90 93.40 277.5
 LAS 20131003  6.02  5.62100.00 42.30 93.40 298.8
 LAS 20131004  5.80  5.42100.00 42.70 93.40 304.3
 LAS 20131005  5.77  5.39100.00 43.10 93.40 301.8
 LAS 20131006  6.16  5.76100.00 43.40 93.40 282.0
 LAS 20131007  6.25  5.17 88.50 43.80 93.40 275.1
 LAS 20131008  5.81  5.42100.00 44.20 93.40 289.0
 LAS 20131009  4.86  3.52 77.70 44.60 93.40 331.4
 LAS 20131010  4.87  4.39 96.60 45.00 93.40 326.4
 LAS 20131011  4.97  4.64100.00 45.30 93.40 316.5
 LAS 20131012  5.16  4.82100.00 45.70 93.40 302.5
 LAS 20131013  4.82  4.50100.00 46.10 93.40 316.1
 LAS 20131014  5.13  4.79100.00 46.50 93.40 295.9
 LAS 20131015  4.87  4.54100.00 46.80 93.30 305.4
 LAS 20131016  5.17  4.83100.00 47.20 93.30 286.2
 LAS 20131017  5.11  4.77100.00 47.50 93.30 285.0
 LAS 20131018  5.05  4.71100.00 47.90 93.30 284.1
 LAS 20131019  5.21  4.86100.00 48.20 93.30 273.0
 LAS 20131020  5.06  4.72100.00 48.60 93.30 275.8
 LAS 20131021  4.81  4.48100.00 48.90 93.30 283.8
 LAS 20131022  4.68  4.37100.00 49.30 93.30 286.0
 LAS 20131023  4.37  4.08100.00 49.60 93.30 298.6
 LAS 20131024  4.26  3.98100.00 50.00 93.30 300.7
 LAS 20131025  4.37  4.08100.00 50.30 93.30 290.5
 LAS 20131026  4.53  4.22100.00 50.60 93.30 278.2
 LAS 20131027  4.65  4.33100.00 50.90 93.30 268.6
 LAS 20131028  4.27  3.86 96.80 51.30 93.30 284.5
 LAS 20131029  3.80  3.07 86.80 51.60 93.30 310.2
 LAS 20131030  3.51  3.27100.00 51.90 93.20 328.0
 LAS 20131031  4.29  4.00100.00 52.20 93.20 272.1
 LAS 20131101  4.52  4.21100.00 52.50 93.20 256.8
 LAS 20131102  4.36  4.11100.00 52.80 94.30 261.2
 LAS 20131103  3.87  3.65100.00 53.10 94.30 285.2
 LAS 20131104  3.33  2.73 87.10 53.40 94.30 319.7
 LAS 20131105  3.48  3.28100.00 53.60 94.20 303.8
 LAS 20131106  3.67  3.46100.00 53.90 94.20 286.1
 LAS 20131107  3.96  3.71 99.40 54.20 94.20 264.6
 LAS 20131108  3.93  3.70100.00 54.50 94.20 262.3
 LAS 20131109  3.91  3.69100.00 54.70 94.20 259.7
 LAS 20131110  3.97  3.74100.00 55.00 94.20 253.7
 LAS 20131111  3.99  3.76100.00 55.20 94.20 249.1
 LAS 20131112  4.12  3.50 90.30 55.50 94.20 239.5
 LAS 20131113  4.17  3.92100.00 55.70 94.20 234.9
 LAS 20131114  3.57  3.29 98.00 56.00 94.20 264.6
 LAS 20131115  2.89  2.72100.00 56.20 94.20 314.6
 LAS 20131116  3.07  2.89100.00 56.40 94.20 294.5
 LAS 20131117  3.20  3.01100.00 56.60 94.20 280.7
 LAS 20131118  3.16  2.94 98.80 56.80 94.20 280.8
 LAS 20131119  3.22  2.89 95.10 57.00 94.20 273.2
 LAS 20131120  3.05  2.60 90.10 57.20 94.20 283.0
 LAS 20131121  3.09  2.34 80.70 57.40 94.20 277.4
 LAS 20131122  3.08  1.41 48.80 57.60 94.20 274.9
 LAS 20131123  2.82  0.80 30.30 57.80 94.20 294.4
 LAS 20131124  2.92  2.71 98.60 58.00 94.20 282.7
 LAS 20131125  3.24  3.05100.00 58.20 94.20 255.7
 LAS 20131126  3.34  3.15100.00 58.30 94.20 246.8
 LAS 20131127  3.16  2.68 90.20 58.50 94.20 256.3
 LAS 20131128  2.80  2.59 98.20 58.60 94.20 281.9
 LAS 20131129  2.79  2.63100.00 58.80 94.20 280.1
 LAS 20131130  2.68  2.52100.00 58.90 94.10 288.7
 LAS 20131201  3.17  2.98100.00 59.00 94.10 247.8
 LAS 20131202  2.85  2.69100.00 59.20 94.10 268.9
 LAS 20131203  2.83  2.53 94.90 59.30 94.10 269.0
 LAS 20131204  2.59  2.44100.00 59.40 94.10 288.1
 LAS 20131205  2.14  2.02100.00 59.50 94.10 339.4
 LAS 20131206  2.59  2.44100.00 59.60 94.10 284.3
 LAS 20131207  2.35  0.91 41.40 59.70 94.10 309.1
 LAS 20131208  2.13  2.01100.00 59.80 94.10 335.5
 LAS 20131209  2.11  1.99100.00 59.80 94.10 336.5
 LAS 20131210  2.33  2.19100.00 59.90 94.10 306.3
 LAS 20131211  2.28  2.15100.00 60.00 94.10 311.2
 LAS 20131212  2.42  2.28100.00 60.00 94.10 293.9
 LAS 20131213  2.34  2.21100.00 60.10 94.10 301.5
 LAS 20131214  2.63  2.48100.00 60.10 94.10 271.5
 LAS 20131215  2.71  2.55100.00 60.20 94.10 263.9
 LAS 20131216  2.67  2.50 99.60 60.20 94.10 267.1
 LAS 20131217  2.57  2.40 99.40 60.20 94.10 276.2
 LAS 20131218  2.52  1.67 70.40 60.20 94.10 280.3
 LAS 20131219  2.05  1.73 89.80 60.20 94.10 337.8
 LAS 20131220  1.96  1.84100.00 60.20 94.10 353.1
 LAS 20131221  2.13  2.00100.00 60.20 94.10 326.9
 LAS 20131222  2.32  2.18100.00 60.20 94.10 302.0
 LAS 20131223  2.45  2.31100.00 60.20 94.10 288.4
 LAS 20131224  2.49  2.33 99.50 60.20 94.10 284.8
 LAS 20131225  2.26  2.13100.00 60.10 94.10 310.7
 LAS 20131226  2.49  2.34100.00 60.10 94.10 286.4
 LAS 20131227  2.66  2.50100.00 60.10 94.10 270.7
 LAS 20131228  2.43  2.25 98.30 60.00 94.10 294.5
 LAS 20131229  2.41  2.27100.00 59.90 94.10 296.9
 LAS 20131230  2.70  2.54100.00 59.90 94.10 270.9
 LAS 20131231  2.42  2.23 97.70 59.80 94.10 299.2
 LAS 20140101  2.33  2.19100.00 59.70 94.10 311.2
