 TPA 20130102  4.94  4.85100.00 51.80 98.20 240.9
 TPA 20130103  4.93  2.69 55.60 51.70 98.20 242.7
 TPA 20130104  4.99  1.47 30.00 51.60 98.20 240.9
 TPA 20130105  5.00  3.30 67.00 51.50 98.20 241.7
 TPA 20130106  4.94  3.75 77.30 51.30 98.20 245.7
 TPA 20130107  4.75  4.52 96.80 51.20 98.20 255.3
 TPA 20130108  4.76  4.47 95.70 51.10 98.20 256.4
 TPA 20130109  4.87  4.17 87.30 51.00 98.20 253.2
 TPA 20130110  5.16  2.73 53.90 50.80 98.20 242.3
 TPA 20130111  5.55  5.27 96.80 50.70 98.20 229.8
 TPA 20130112  5.38  5.27 99.70 50.50 98.20 236.9
 TPA 20130113  5.46  5.35 99.80 50.40 98.20 235.8
 TPA 20130114  5.72  5.61 99.90 50.20 98.20 228.6
 TPA 20130115  5.90  5.41 93.30 50.00 98.20 224.0
 TPA 20130116  6.15  6.04100.00 49.90 98.20 218.2
 TPA 20130117  6.29  6.06 98.00 49.70 98.20 216.0
 TPA 20130118  5.85  3.76 65.40 49.50 98.20 231.5
 TPA 20130119  5.66  2.91 52.30 49.30 98.20 239.3
 TPA 20130120  5.83  5.21 91.10 49.10 98.20 236.0
 TPA 20130121  6.03  5.00 84.50 48.90 98.20 231.6
 TPA 20130122  5.85  5.40 93.90 48.70 98.20 239.0
 TPA 20130123  5.29  5.20100.00 48.40 98.20 262.4
 TPA 20130124  5.20  5.11100.00 48.20 98.20 269.0
 TPA 20130125  5.86  5.76100.00 48.00 98.20 245.5
 TPA 20130126  6.06  5.95100.00 47.70 98.20 240.9
 TPA 20130127  5.91  5.81100.00 47.50 98.20 248.6
 TPA 20130128  6.30  4.42 71.40 47.30 98.20 237.8
 TPA 20130129  6.51  6.27 98.10 47.00 98.20 234.1
 TPA 20130130  6.66  6.55100.00 46.70 98.20 231.7
 TPA 20130131  6.32  6.21100.00 46.50 98.20 244.4
 TPA 20130201  6.46  6.34 99.90 46.20 98.20 242.0
 TPA 20130202  5.75  5.65100.00 45.90 98.20 269.6
 TPA 20130203  5.45  5.34 99.80 45.70 98.20 284.8
 TPA 20130204  5.77  5.40 95.20 45.40 98.20 274.3
 TPA 20130205  6.21  6.10100.00 45.10 98.20 260.4
 TPA 20130206  5.89  3.75 64.90 44.80 98.20 275.3
 TPA 20130207  6.47  5.92 93.10 44.50 98.30 257.2
 TPA 20130208  6.74  6.51 98.30 44.20 98.30 251.4
 TPA 20130209  6.73  6.61100.00 43.90 98.30 254.4
 TPA 20130210  6.96  6.63 96.90 43.60 98.30 249.9
 TPA 20130211  7.44  7.31100.00 43.30 98.30 238.9
 TPA 20130212  7.80  7.66100.00 43.00 98.30 232.6
 TPA 20130213  8.35  6.06 73.90 42.60 98.30 221.8
 TPA 20130214  7.90  7.74 99.80 42.30 98.30 235.0
 TPA 20130215  7.03  2.83 41.00 42.00 98.30 261.2
 TPA 20130216  6.79  6.55 98.30 41.60 98.30 272.1
 TPA 20130217  6.34  6.23100.00 41.30 98.30 290.8
 TPA 20130218  6.96  6.84100.00 41.00 98.30 272.1
 TPA 20130219  7.25  7.12 99.90 40.60 98.30 265.7
 TPA 20130220  7.48  7.32 99.50 40.30 98.30 261.3
 TPA 20130221  7.74  5.66 74.40 39.90 98.30 256.8
 TPA 20130222  7.84  7.59 98.50 39.60 98.30 256.8
 TPA 20130223  8.17  8.00 99.60 39.20 98.30 251.1
 TPA 20130224  8.51  7.36 88.00 38.90 98.30 245.0
 TPA 20130225  8.06  6.62 83.50 38.50 98.30 258.7
 TPA 20130226  7.69  6.56 86.80 38.10 98.30 272.0
 TPA 20130227  7.82  7.68100.00 37.80 98.30 271.0
 TPA 20130228  8.16  7.78 97.10 37.40 98.30 264.2
 TPA 20130301  8.23  8.09100.00 37.00 98.30 265.0
 TPA 20130302  8.13  6.71 83.90 36.60 98.30 270.4
 TPA 20130303  5.74  5.35 94.90 36.30 98.30 364.7
 TPA 20130304  7.55  7.42100.00 35.90 98.30 293.1
 TPA 20130305  8.24  8.10100.00 35.50 98.30 275.2
 TPA 20130306  8.29  8.15100.00 35.10 98.30 276.2
 TPA 20130307  8.91  8.76100.00 34.70 98.30 262.7
 TPA 20130308  8.95  8.80100.00 34.30 98.30 264.2
 TPA 20130309  9.30  8.53 93.30 34.00 98.30 258.2
 TPA 20130310  9.13  8.97 99.90 33.60 98.30 264.6
 TPA 20130311  9.79  9.60 99.80 33.20 98.30 252.4
 TPA 20130312  9.57  1.51 16.00 32.80 98.30 259.0
 TPA 20130313  8.81  8.66100.00 32.40 98.30 279.7
 TPA 20130314  7.96  7.83100.00 32.00 98.30 306.8
 TPA 20130315  7.46  7.33100.00 31.60 98.30 326.8
 TPA 20130316  8.41  8.27100.00 31.20 98.30 298.1
 TPA 20130317  9.60  8.22 87.10 30.80 98.30 269.8
 TPA 20130318 10.18 10.01100.00 30.40 98.30 258.9
 TPA 20130319 10.10  9.94100.00 30.00 98.30 262.8
 TPA 20130320 10.11  8.54 86.00 29.60 98.30 264.7
 TPA 20130321  8.62  8.48100.00 29.30 98.30 303.9
 TPA 20130322  9.27  9.12100.00 28.90 98.30 288.6
 TPA 20130323 10.29  7.26 71.70 28.50 98.30 266.7
 TPA 20130324 10.90  4.11 38.30 28.10 98.30 256.2
 TPA 20130325 10.53 10.35100.00 27.70 98.30 265.5
 TPA 20130326 10.48 10.31100.00 27.30 98.30 268.4
 TPA 20130327 10.21 10.04100.00 26.90 98.30 276.1
 TPA 20130328 10.24 10.07100.00 26.50 98.30 277.2
 TPA 20130329  9.86  9.69100.00 26.10 98.30 288.1
 TPA 20130330  9.52  9.36100.00 25.70 98.30 298.1
 TPA 20130331 10.09  9.91 99.90 25.30 98.30 286.2
 TPA 20130401 10.32  9.76 96.20 25.00 98.30 282.7
 TPA 20130402 10.19 10.01 99.90 24.60 98.30 287.4
 TPA 20130403 10.82  9.89 93.00 24.20 98.30 275.1
 TPA 20130404 10.73  4.36 41.20 23.80 98.30 278.2
 TPA 20130405  8.79  6.64 76.90 23.40 98.30 330.0
 TPA 20130406 10.11  9.44 95.00 23.10 98.30 295.4
 TPA 20130407 10.11  7.73 77.80 22.70 98.30 297.0
 TPA 20130408 10.72 10.54100.00 22.30 98.30 284.6
 TPA 20130409 11.15  8.72 79.50 22.00 98.30 276.7
 TPA 20130410 10.96 10.77 99.90 21.60 98.30 282.0
 TPA 20130411 11.82  7.86 67.60 21.20 98.40 266.5
 TPA 20130412 11.16 10.68 97.30 20.90 98.40 280.5
 TPA 20130413 11.41  9.41 83.90 20.50 98.40 277.0
 TPA 20130414 11.53 10.09 89.00 20.20 98.40 275.9
 TPA 20130415 11.77 11.57100.00 19.80 98.40 272.5
 TPA 20130416 11.81 11.61100.00 19.50 98.40 272.8
 TPA 20130417 11.75 10.86 94.00 19.10 98.40 274.8
 TPA 20130418 11.41 10.81 96.40 18.80 98.40 282.3
 TPA 20130419 12.14 10.68 89.50 18.50 98.40 269.5
 TPA 20130420 11.85  8.44 72.40 18.10 98.40 275.7
 TPA 20130421 11.27  6.23 56.20 17.80 98.40 288.3
 TPA 20130422 11.02  5.53 51.00 17.50 98.40 294.6
 TPA 20130423 10.87 10.69100.00 17.20 98.40 298.6
 TPA 20130424 11.58 11.39100.00 16.80 98.40 284.6
 TPA 20130425 11.82 11.63100.00 16.50 98.40 280.4
 TPA 20130426 12.19 11.08 92.40 16.20 98.40 274.6
 TPA 20130427 11.88 11.19 95.70 15.90 98.40 280.9
 TPA 20130428 11.34 11.15100.00 15.60 98.40 293.1
 TPA 20130429 11.06  9.02 83.00 15.30 98.40 299.8
 TPA 20130430 10.92 10.73 99.90 15.00 98.40 303.8
 TPA 20130501 11.45 10.07 89.40 14.80 98.40 292.9
 TPA 20130502 10.71  7.28 69.10 14.50 98.40 310.1
 TPA 20130503 10.72 10.33 97.90 14.20 98.40 310.4
 TPA 20130504  9.85  3.44 35.50 14.00 98.40 333.2
 TPA 20130505 10.36 10.18 99.90 13.70 98.40 320.0
 TPA 20130506 10.98  8.69 80.40 13.40 98.40 305.9
 TPA 20130507 11.05 10.74 98.80 13.20 98.40 304.8
 TPA 20130508 10.39  9.86 96.50 12.90 98.40 321.0
 TPA 20130509 10.20 10.03100.00 12.70 98.40 326.6
 TPA 20130510 11.00 10.57 97.70 12.50 98.40 307.3
 TPA 20130511 11.63 11.36 99.30 12.30 98.40 294.0
 TPA 20130512 11.85 11.54 98.90 12.00 98.40 290.0
 TPA 20130513 11.00 10.81 99.90 11.80 98.40 308.7
 TPA 20130514 10.32 10.15100.00 11.60 98.40 325.7
 TPA 20130515 11.14 10.96100.00 11.40 98.40 306.2
 TPA 20130516 11.31  8.46 76.10 11.20 98.40 302.6
 TPA 20130517 10.69 10.52100.00 11.00 98.40 317.2
 TPA 20130518 10.14  9.97100.00 10.90 98.40 331.9
 TPA 20130519 10.87 10.57 98.80 10.70 98.40 313.7
 TPA 20130520  9.92  9.75 99.90 10.50 98.40 338.4
 TPA 20130521 10.24 10.08100.00 10.30 98.40 330.1
 TPA 20130522 10.27 10.10 99.90 10.20 98.40 329.7
 TPA 20130523 10.38 10.22100.00 10.00 98.40 327.0
 TPA 20130524 10.57 10.28 98.90  9.90 98.40 322.4
 TPA 20130525 10.85 10.67100.00  9.70 98.40 315.7
 TPA 20130526 11.03 10.85100.00  9.60 98.40 311.7
 TPA 20130527 10.44  9.84 95.80  9.50 98.40 326.1
 TPA 20130528 10.49  8.79 85.20  9.40 98.40 324.7
 TPA 20130529 10.64 10.46100.00  9.20 98.40 321.1
 TPA 20130530 11.17 10.13 92.30  9.10 98.40 308.9
 TPA 20130601 11.07 10.83 99.50  8.90 98.40 311.2
 TPA 20130602 11.48 11.15 98.70  8.90 98.40 301.9
 TPA 20130603 11.77 10.26 88.60  8.80 98.40 296.1
 TPA 20130604 11.84  9.55 81.90  8.70 98.40 294.7
 TPA 20130605 12.22  7.54 62.70  8.60 98.40 287.1
 TPA 20130606 12.67  0.49  3.90  8.50 98.40 278.7
 TPA 20130607 11.84 11.32 97.20  8.50 98.40 294.8
 TPA 20130608 12.34  7.18 59.20  8.40 98.40 285.0
 TPA 20130609 12.29 10.15 84.00  8.40 98.40 286.0
 TPA 20130610 12.06 11.86 99.90  8.30 98.40 290.4
 TPA 20130611 11.61 10.09 88.30  8.30 98.40 299.4
 TPA 20130612 10.74 10.56 99.90  8.20 98.40 319.2
 TPA 20130613 10.83 10.65100.00  8.20 98.40 317.2
 TPA 20130614 10.77 10.59 99.90  8.20 98.40 318.3
 TPA 20130615 11.29 11.11100.00  8.10 98.40 306.6
 TPA 20130616 11.79 11.59 99.90  8.10 98.40 295.7
 TPA 20130617 11.47 11.28100.00  8.10 98.40 302.5
 TPA 20130618 11.49 11.30100.00  8.10 98.40 301.9
 TPA 20130619 11.53 11.34100.00  8.10 98.40 300.9
 TPA 20130620 12.02 11.83100.00  8.10 98.40 291.1
 TPA 20130621 11.75 11.56100.00  8.10 98.40 296.4
 TPA 20130622 11.53 11.33 99.90  8.10 98.40 300.9
 TPA 20130623 11.77 11.56 99.80  8.10 98.40 295.9
 TPA 20130624 11.75 11.43 98.90  8.10 98.40 296.3
 TPA 20130625 11.54 11.35100.00  8.10 98.40 300.5
 TPA 20130626 11.53 11.34 99.90  8.10 98.40 300.6
 TPA 20130627 11.49 11.29 99.90  8.20 98.40 301.5
 TPA 20130628 11.33 11.04 99.00  8.20 98.40 305.0
 TPA 20130629 11.48 10.99 97.30  8.20 98.40 301.5
 TPA 20130630 11.56 11.38100.00  8.30 98.40 299.6
 TPA 20130701 12.36  4.40 36.20  8.30 98.40 283.9
 TPA 20130702 11.98  3.87 32.80  8.40 98.40 291.3
 TPA 20130703 11.95 11.24 95.50  8.40 98.40 291.7
 TPA 20130704 11.66 10.69 93.20  8.50 98.40 297.4
 TPA 20130705 11.41 11.11 99.00  8.60 98.40 302.7
 TPA 20130706 11.79 11.25 97.00  8.60 98.40 294.5
 TPA 20130707 11.62 11.42 99.90  8.70 98.40 297.9
 TPA 20130708 11.58 11.39100.00  8.80 98.40 298.5
 TPA 20130709 11.22 11.03100.00  8.90 98.40 306.5
 TPA 20130710 11.22 10.92 99.00  9.00 98.40 306.4
 TPA 20130711 11.03 10.84 99.90  9.10 98.40 310.7
 TPA 20130712 11.42 11.24100.00  9.20 98.40 301.5
 TPA 20130713 11.69 11.50100.00  9.30 98.40 295.7
 TPA 20130715 11.30 11.11 99.90  9.50 98.40 303.6
 TPA 20130716 11.46 11.27 99.90  9.70 98.40 299.9
 TPA 20130717 11.50  8.48 75.00  9.80 98.40 299.0
 TPA 20130718 12.23  7.67 63.70 10.00 98.40 284.3
 TPA 20130719 11.88 11.09 94.80 10.10 98.40 290.9
 TPA 20130720 12.35  9.08 74.70 10.30 98.40 281.2
 TPA 20130721 11.97 11.71 99.40 10.40 98.40 288.4
 TPA 20130722 11.98 10.41 88.30 10.60 98.40 287.9
 TPA 20130723 11.82 10.89 93.70 10.80 98.40 290.8
 TPA 20130724 11.65 11.20 97.80 10.90 98.40 293.9
 TPA 20130725 11.80 10.83 93.30 11.10 98.40 290.3
 TPA 20130726 11.43 11.24100.00 11.30 98.40 297.6
 TPA 20130727 11.60 11.34 99.40 11.50 98.40 293.7
 TPA 20130728 11.62 10.88 95.10 11.70 98.40 292.8
 TPA 20130729 11.65 11.46100.00 11.90 98.40 291.8
 TPA 20130730 11.36 11.16 99.90 12.10 98.40 297.2
 TPA 20130731 11.15 10.24 93.40 12.40 98.40 301.2
 TPA 20130801 11.30 10.74 96.60 12.60 98.40 297.5
 TPA 20130802 11.62 11.43 99.90 12.80 98.40 290.5
 TPA 20130803 11.37 11.19100.00 13.10 98.40 295.1
 TPA 20130804 11.17 10.72 97.60 13.30 98.40 298.7
 TPA 20130805 11.07 10.88 99.90 13.60 98.40 300.4
 TPA 20130806 11.20 11.02100.00 13.80 98.40 297.0
 TPA 20130807 11.43 11.25100.00 14.10 98.40 291.7
 TPA 20130808 11.47 11.29100.00 14.40 98.40 290.4
 TPA 20130809 11.49 11.31100.00 14.60 98.40 289.3
 TPA 20130810 11.54 11.35100.00 14.90 98.40 287.7
 TPA 20130811 11.43 11.24100.00 15.20 98.40 289.4
 TPA 20130812 11.66 11.34 98.90 15.50 98.40 283.7
 TPA 20130813 11.41 11.22100.00 15.80 98.40 288.0
 TPA 20130814 11.25 11.06100.00 16.10 98.40 290.5
 TPA 20130815 11.24 10.68 96.50 16.40 98.40 289.7
 TPA 20130816 11.38  2.52 22.50 16.70 98.40 285.9
 TPA 20130817 11.55 11.16 98.20 17.00 98.40 281.2
 TPA 20130818 11.43 11.17 99.30 17.30 98.40 282.8
 TPA 20130819 11.22 11.03100.00 17.60 98.40 286.4
 TPA 20130820 11.23 11.04100.00 18.00 98.40 285.2
 TPA 20130821 11.25 10.52 95.10 18.30 98.40 283.7
 TPA 20130822 11.41 11.22100.00 18.60 98.40 279.2
 TPA 20130823 11.14 10.86 99.10 19.00 98.40 283.9
 TPA 20130824 11.00  9.11 84.20 19.30 98.40 286.1
 TPA 20130825 10.91  5.83 54.30 19.60 98.40 286.9
 TPA 20130826 10.29 10.12100.00 20.00 98.40 299.5
 TPA 20130827 10.24 10.06 99.90 20.30 98.40 299.2
 TPA 20130828 10.35 10.18100.00 20.70 98.40 295.6
 TPA 20130829 10.43 10.26100.00 21.10 98.40 292.4
 TPA 20130830 10.53 10.36100.00 21.40 98.40 288.6
 TPA 20130831 10.31 10.14100.00 21.80 98.40 292.2
 TPA 20130901 10.50 10.32 99.90 22.10 98.40 286.3
 TPA 20130902 10.64 10.47100.00 22.50 98.30 281.5
 TPA 20130903 10.59 10.42100.00 22.90 98.30 281.1
 TPA 20130904 10.39  8.01 78.30 23.30 98.30 284.3
 TPA 20130905 10.31 10.13100.00 23.60 98.30 284.6
 TPA 20130906 10.21 10.04 99.90 24.00 98.30 285.2
 TPA 20130907 10.04  9.56 96.80 24.40 98.30 287.8
 TPA 20130908  9.65  9.49100.00 24.80 98.30 295.6
 TPA 20130909  9.70  9.54100.00 25.20 98.30 292.6
 TPA 20130910  9.44  9.28100.00 25.50 98.30 297.2
 TPA 20130911  9.77  9.49 98.70 25.90 98.30 286.9
 TPA 20130912 10.02  9.85100.00 26.30 98.30 279.0
 TPA 20130913  9.87  9.69 99.90 26.70 98.30 280.5
 TPA 20130914  9.14  8.70 96.80 27.10 98.30 296.9
 TPA 20130915  9.08  8.92 99.90 27.50 98.30 296.6
 TPA 20130916  9.45  9.29100.00 27.90 98.30 284.9
 TPA 20130917  9.63  9.47100.00 28.30 98.30 278.5
 TPA 20130918  9.24  8.96 98.60 28.70 98.30 286.3
 TPA 20130919  8.94  8.69 98.90 29.10 98.30 292.0
 TPA 20130920  8.86  8.71 99.90 29.40 98.30 292.0
 TPA 20130921  9.34  9.18 99.90 29.80 98.30 277.3
 TPA 20130922  9.16  6.69 74.30 30.20 98.30 279.5
 TPA 20130923  9.09  5.53 61.80 30.60 98.30 279.0
 TPA 20130924  9.34  5.09 55.40 31.00 98.30 271.0
 TPA 20130925  9.36  2.22 24.10 31.40 98.30 268.3
 TPA 20130926  8.93  8.78100.00 31.80 98.30 276.4
 TPA 20130927  8.69  8.54 99.90 32.20 98.30 279.9
 TPA 20130928  8.54  8.29 98.70 32.60 98.30 281.5
 TPA 20130929  8.44  8.29 99.90 33.00 98.30 281.9
 TPA 20130930  8.77  8.62100.00 33.40 98.30 271.1
 TPA 20131001  8.85  8.70100.00 33.80 98.30 266.7
 TPA 20131002  8.53  8.38 99.90 34.20 98.30 272.3
 TPA 20131003  8.41  5.89 71.30 34.50 98.30 273.3
 TPA 20131004  8.16  7.73 96.30 34.90 98.30 277.2
 TPA 20131005  8.03  7.62 96.50 35.30 98.30 278.3
 TPA 20131006  8.08  7.85 98.70 35.70 98.30 274.4
 TPA 20131007  8.11  7.87 98.60 36.10 98.30 271.0
 TPA 20131008  7.70  6.68 88.20 36.40 98.30 279.8
 TPA 20131009  7.78  7.64100.00 36.80 98.30 275.1
 TPA 20131010  7.75  7.62100.00 37.20 98.30 273.3
 TPA 20131011  7.90  7.77100.00 37.60 98.30 266.3
 TPA 20131012  7.87  7.74100.00 37.90 98.30 264.4
 TPA 20131013  7.64  7.51100.00 38.30 98.30 268.4
 TPA 20131014  7.57  7.43 99.90 38.70 98.30 267.8
 TPA 20131015  7.71  7.47 98.60 39.00 98.30 260.9
 TPA 20131016  7.62  7.49100.00 39.40 98.30 260.6
 TPA 20131017  7.50  7.37100.00 39.70 98.30 261.4
 TPA 20131018  7.50  7.33 99.40 40.10 98.30 258.7
 TPA 20131019  7.50  5.88 79.80 40.40 98.30 256.4
 TPA 20131020  7.35  7.23100.00 40.80 98.30 257.7
 TPA 20131021  7.10  6.98100.00 41.10 98.30 262.5
 TPA 20131022  7.25  7.02 98.50 41.50 98.30 255.7
 TPA 20131023  7.13  6.95 99.20 41.80 98.30 256.5
 TPA 20131024  6.69  4.37 66.50 42.10 98.30 267.7
 TPA 20131025  6.48  6.37100.00 42.50 98.30 272.0
 TPA 20131026  6.39  6.28100.00 42.80 98.30 272.2
 TPA 20131027  6.31  6.20100.00 43.10 98.30 272.3
 TPA 20131028  6.23  6.12100.00 43.40 98.30 272.3
 TPA 20131029  6.45  6.24 98.50 43.70 98.30 261.7
 TPA 20131030  6.59  6.47100.00 44.10 98.30 254.6
 TPA 20131031  6.46  6.03 95.00 44.40 98.30 256.0
 TPA 20131101  6.45  6.22 98.30 44.70 98.30 253.8
 TPA 20131102  6.23  0.87 14.30 45.00 98.20 258.3
 TPA 20131103  6.10  5.99100.00 45.20 98.20 260.1
 TPA 20131104  6.13  5.59 92.90 45.50 98.20 256.7
 TPA 20131105  6.07  5.78 96.90 45.80 98.20 256.3
 TPA 20131106  6.17  5.39 89.00 46.10 98.20 250.6
 TPA 20131107  6.16  3.34 55.20 46.40 98.20 248.3
 TPA 20131108  5.98  4.70 79.90 46.60 98.20 252.1
 TPA 20131109  5.84  4.46 77.80 46.90 98.20 254.8
 TPA 20131110  5.62  5.28 95.60 47.10 98.20 260.1
 TPA 20131111  5.49  5.39100.00 47.40 98.20 262.9
 TPA 20131112  5.48  4.94 91.90 47.60 98.20 260.9
 TPA 20131113  5.06  3.78 76.10 47.90 98.20 276.4
 TPA 20131114  5.18  3.88 76.20 48.10 98.20 268.7
 TPA 20131115  5.32  2.91 55.70 48.30 98.20 260.1
 TPA 20131116  5.32  3.38 64.70 48.60 98.20 257.8
 TPA 20131117  5.37  5.13 97.20 48.80 98.20 253.8
 TPA 20131118  5.56  5.37 98.20 49.00 98.20 244.3
 TPA 20131119  5.66  1.76 31.60 49.20 98.20 238.6
 TPA 20131120  5.64  4.46 80.50 49.40 98.20 237.4
 TPA 20131121  5.57  3.90 71.40 49.60 98.20 238.0
 TPA 20131122  5.32  4.18 80.00 49.80 98.20 245.5
 TPA 20131123  5.41  5.31100.00 49.90 98.20 239.9
 TPA 20131124  5.32  2.45 46.70 50.10 98.20 241.6
 TPA 20131125  4.98  4.18 85.40 50.30 98.20 253.9
 TPA 20131126  5.00  1.77 36.00 50.40 98.20 251.5
 TPA 20131127  4.49  3.18 72.30 50.60 98.20 273.7
 TPA 20131128  4.57  4.49100.00 50.80 98.20 268.0
 TPA 20131129  4.74  4.61 98.80 50.90 98.20 257.8
 TPA 20131130  4.61  4.53100.00 51.00 98.20 262.7
 TPA 20131201  4.50  4.34 98.10 51.20 98.20 266.7
 TPA 20131202  4.25  3.27 78.40 51.30 98.20 278.4
 TPA 20131203  4.04  3.97100.00 51.40 98.20 289.2
 TPA 20131204  4.51  4.26 96.00 51.50 98.20 262.1
 TPA 20131205  4.71  4.62100.00 51.60 98.20 252.1
 TPA 20131206  4.83  3.99 84.10 51.70 98.20 245.5
 TPA 20131207  4.87  4.78100.00 51.80 98.20 242.7
 TPA 20131208  4.91  4.82100.00 51.90 98.20 239.9
 TPA 20131209  4.92  4.74 98.10 52.00 98.20 239.0
 TPA 20131210  4.81  4.64 98.10 52.00 98.20 242.7
 TPA 20131211  4.57  4.49100.00 52.10 98.20 253.1
 TPA 20131212  4.59  3.17 70.30 52.20 98.20 251.4
 TPA 20131213  4.27  4.18 99.70 52.20 98.20 267.0
 TPA 20131214  4.49  3.63 82.30 52.20 98.20 255.1
 TPA 20131215  4.55  3.99 89.40 52.30 98.20 252.2
 TPA 20131216  4.24  4.16100.00 52.30 98.20 267.4
 TPA 20131217  4.01  3.94100.00 52.30 98.20 279.3
 TPA 20131218  3.89  3.82100.00 52.40 98.20 287.0
 TPA 20131219  4.21  4.13100.00 52.40 98.20 268.5
 TPA 20131220  4.62  4.54100.00 52.40 98.20 247.9
 TPA 20131221  4.89  4.80 99.90 52.40 98.20 236.5
 TPA 20131222  4.70  3.73 80.70 52.30 98.20 244.5
 TPA 20131223  4.77  4.59 98.00 52.30 98.20 241.7
 TPA 20131224  4.83  4.26 89.80 52.30 98.20 239.3
 TPA 20131225  4.72  4.63100.00 52.30 98.20 245.0
 TPA 20131226  4.72  4.52 97.60 52.20 98.20 245.3
 TPA 20131227  4.80  1.23 26.00 52.20 98.20 242.4
 TPA 20131228  4.78  3.78 80.50 52.10 98.20 243.6
 TPA 20131229  4.97  0.87 17.80 52.10 98.20 236.7
 TPA 20131230  4.99  4.90100.00 52.00 98.20 236.4
 TPA 20131231  4.79  4.46 94.90 51.90 98.20 245.8
 TPA 20140101  4.78  1.06 22.40 51.80 98.20 247.0
