 MEM 20110102  2.82  2.62100.00 58.40 93.10 276.3
 MEM 20110103  2.82  2.63100.00 58.30 93.10 277.5
 MEM 20110104  2.97  2.76100.00 58.20 93.10 267.7
 MEM 20110105  2.75  1.01 39.60 58.10 93.10 287.7
 MEM 20110106  2.36  2.20100.00 58.00 93.10 331.5
 MEM 20110107  2.49  2.30 99.20 57.90 93.10 317.8
 MEM 20110108  2.71  2.53100.00 57.70 93.10 297.1
 MEM 20110109  2.77  1.55 60.30 57.60 93.10 294.5
 MEM 20110110  2.56  1.69 58.70 57.50 93.10 317.3
 MEM 20110111  2.52  2.38 82.80 57.30 93.10 324.6
 MEM 20110112  2.49  2.60100.00 57.20 93.10 331.5
 MEM 20110113  2.49  2.89100.00 57.00 93.10 335.0
 MEM 20110114  2.79  3.24100.00 56.80 93.10 304.9
 MEM 20110115  3.04  2.00 70.50 56.70 93.10 285.4
 MEM 20110116  2.85  2.44 91.80 56.50 93.10 305.0
 MEM 20110117  2.51  1.30 55.70 56.30 93.10 344.8
 MEM 20110118  2.49  1.03 44.40 56.10 93.10 350.6
 MEM 20110119  2.68  2.50100.00 55.90 93.10 331.7
 MEM 20110120  2.51  2.12 90.40 55.70 93.10 356.1
 MEM 20110121  2.71  2.51 98.10 55.50 93.10 336.3
 MEM 20110122  2.79  2.59 99.70 55.30 93.10 330.6
 MEM 20110123  2.98  2.42 87.40 55.00 93.20 315.8
 MEM 20110124  3.02  1.60 56.90 54.80 93.20 315.9
 MEM 20110125  3.11  1.32 45.70 54.60 93.20 311.5
 MEM 20110126  3.08  3.88100.00 54.30 93.20 317.9
 MEM 20110127  3.00  1.89 67.70 54.10 93.20 330.1
 MEM 20110128  3.30  3.03 98.70 53.90 93.20 307.8
 MEM 20110129  3.57  3.33100.00 53.60 93.20 291.2
 MEM 20110130  3.77  1.31 37.40 53.30 93.20 281.4
 MEM 20110131  4.11  1.06 27.80 53.10 93.20 264.7
 MEM 20110201  3.70  1.37 39.90 52.80 93.20 293.8
 MEM 20110202  3.18  2.96 99.70 52.50 93.20 338.6
 MEM 20110203  3.49  3.16 97.30 52.20 93.20 317.1
 MEM 20110204  4.05  2.49 66.00 52.00 93.20 282.4
 MEM 20110205  3.62  2.52 74.60 51.70 93.20 315.3
 MEM 20110206  3.48  3.23 99.60 51.40 93.20 330.6
 MEM 20110207  3.09  1.82 49.30 51.10 93.20 372.2
 MEM 20110208  3.79  4.38 99.80 50.80 93.20 314.7
 MEM 20110209  3.61  2.46 60.80 50.50 93.20 333.0
 MEM 20110210  3.82  4.64100.00 50.10 93.30 320.8
 MEM 20110211  3.85  3.69100.00 49.80 93.30 322.9
 MEM 20110212  3.91  3.65100.00 49.50 93.30 323.5
 MEM 20110213  4.30  4.01100.00 49.20 93.30 302.3
 MEM 20110214  4.71  4.39100.00 48.80 93.30 284.2
 MEM 20110215  5.44  4.75 93.60 48.50 93.30 255.2
 MEM 20110216  5.42  2.96 58.60 48.20 93.30 259.2
 MEM 20110217  6.18  2.73 47.30 47.80 93.30 235.7
 MEM 20110218  6.43  1.65 27.50 47.50 93.30 231.4
 MEM 20110219  6.44  2.71 45.10 47.10 93.30 234.2
 MEM 20110220  6.18  5.43 94.00 46.80 93.30 245.4
 MEM 20110221  5.35  1.69 33.90 46.40 93.30 280.1
 MEM 20110222  5.47  5.10100.00 46.10 93.30 278.9
 MEM 20110223  5.71  2.00 37.40 45.70 93.30 272.6
 MEM 20110224  6.12  1.77 30.90 45.30 93.30 260.3
 MEM 20110225  5.31  3.05 61.50 45.00 93.40 297.3
 MEM 20110226  5.62  5.25100.00 44.60 93.40 287.3
 MEM 20110227  6.72  3.98 63.50 44.20 93.40 251.0
 MEM 20110228  5.60  5.19 99.20 43.90 93.40 296.1
 MEM 20110301  5.38  5.02100.00 43.50 93.40 310.1
 MEM 20110302  5.61  4.96 95.00 43.10 93.20 303.2
 MEM 20110303  6.08  5.49 96.90 42.70 93.20 287.0
 MEM 20110304  5.59  1.02 19.50 42.30 93.20 311.8
 MEM 20110305  5.22  0.98 20.10 41.90 93.20 334.3
 MEM 20110306  4.80  3.71 83.00 41.50 93.20 363.8
 MEM 20110307  5.32  4.01 81.00 41.20 93.20 337.2
 MEM 20110308  5.64  4.95 94.10 40.80 93.20 324.9
 MEM 20110309  5.25  3.52 72.00 40.40 93.20 349.5
 MEM 20110310  5.13  2.47 51.70 40.00 93.20 360.0
 MEM 20110311  6.08  5.67100.00 39.60 93.20 316.1
 MEM 20110312  6.19  5.77100.00 39.20 93.20 315.0
 MEM 20110313  6.67  0.65 10.60 38.80 93.30 299.2
 MEM 20110314  6.21  1.13 19.50 38.40 93.30 321.2
 MEM 20110315  6.06  3.02 53.40 38.00 93.30 331.6
 MEM 20110316  6.32  5.89100.00 37.60 93.30 323.6
 MEM 20110317  6.72  6.27100.00 37.20 93.30 310.8
 MEM 20110318  7.67  5.65 79.00 36.80 93.30 281.2
 MEM 20110319  8.07  7.29 96.80 36.40 93.30 272.9
 MEM 20110320  7.92  7.37 99.70 36.00 93.30 279.6
 MEM 20110321  8.21  7.66100.00 35.60 93.30 274.5
 MEM 20110322  8.08  6.87 91.10 35.20 93.30 280.8
 MEM 20110323  7.42  2.78 40.10 34.80 93.30 304.4
 MEM 20110324  7.83  5.67 77.60 34.30 93.30 293.7
 MEM 20110325  7.59  2.15 30.30 33.90 93.30 304.3
 MEM 20110326  8.27  1.51 19.60 33.50 93.30 286.1
 MEM 20110327  7.99  5.17 69.30 33.10 93.30 297.1
 MEM 20110328  7.56  7.05100.00 32.70 93.30 314.1
 MEM 20110329  7.78  4.54 62.60 32.30 93.30 309.2
 MEM 20110330  7.49  6.60 94.50 31.90 93.40 321.8
 MEM 20110331  5.94  5.32 95.90 31.50 93.40 394.3
 MEM 20110401  6.27  3.26 55.70 31.10 93.40 380.0
 MEM 20110402  7.12  6.65100.00 30.70 93.40 344.2
 MEM 20110403  8.23  7.68100.00 30.40 93.40 308.1
 MEM 20110404  9.48  1.03 11.70 30.00 93.40 276.3
 MEM 20110405  8.03  7.50100.00 29.60 93.40 319.0
 MEM 20110406  8.82  7.93 96.40 29.20 93.40 297.4
 MEM 20110407  9.83  6.09 66.30 28.80 93.40 274.0
 MEM 20110408  9.98  4.95 53.10 28.40 93.40 272.7
 MEM 20110409 10.35  9.47 97.90 28.00 93.40 266.5
 MEM 20110410 10.72  9.59 95.80 27.60 93.40 260.4
 MEM 20110411  9.35  1.81 20.70 27.30 93.40 293.5
 MEM 20110412  8.69  8.12100.00 26.90 93.40 313.9
 MEM 20110413  8.95  8.35 99.90 26.50 93.40 308.3
 MEM 20110414  8.55  7.99100.00 26.10 93.40 322.0
 MEM 20110415  7.62  6.92 97.30 25.80 93.40 356.7
 MEM 20110416  7.37  2.43 35.30 25.40 93.40 368.9
 MEM 20110417  8.41  7.86100.00 25.00 93.40 332.7
 MEM 20110418  9.07  7.57 89.30 24.70 93.40 314.2
 MEM 20110419  8.87  6.17 74.40 24.30 93.40 321.4
 MEM 20110420  9.52  7.10 79.90 24.00 93.40 305.2
 MEM 20110421  9.80  6.95 75.90 23.60 93.40 299.1
 MEM 20110422  9.60  8.90 99.20 23.30 93.40 305.9
 MEM 20110423  9.86  8.89 96.50 22.90 93.50 300.4
 MEM 20110424 10.21  4.84 50.80 22.60 93.50 293.8
 MEM 20110425  9.95  8.03 86.30 22.30 93.50 301.1
 MEM 20110426  8.80  5.08 61.70 21.90 93.50 334.7
 MEM 20110427  9.14  8.54100.00 21.60 93.50 326.1
 MEM 20110428  8.81  8.24100.00 21.30 93.50 337.5
 MEM 20110429  9.81  9.17100.00 21.00 93.50 310.3
 MEM 20110430 10.37  9.69100.00 20.70 93.50 297.6
 MEM 20110501 11.47  4.32 40.30 20.30 93.50 275.2
 MEM 20110502 11.23  2.14 20.40 20.00 93.30 280.8
 MEM 20110503  9.47  6.96 78.80 19.70 93.30 324.3
 MEM 20110504  9.05  8.45100.00 19.40 93.30 337.6
 MEM 20110505  9.97  9.20 98.80 19.20 93.30 312.8
 MEM 20110506  9.33  8.71100.00 18.90 93.30 331.3
 MEM 20110507  9.31  3.29 37.90 18.60 93.30 332.9
 MEM 20110508 10.17  9.49100.00 18.30 93.30 310.4
 MEM 20110509 10.42  9.72100.00 18.00 93.30 305.2
 MEM 20110510 10.66  9.05 90.90 17.80 93.30 300.0
 MEM 20110511 10.54  9.02 91.70 17.50 93.30 303.7
 MEM 20110512 10.23  9.21 96.50 17.30 93.30 312.4
 MEM 20110513  9.24  8.63100.00 17.00 93.30 340.0
 MEM 20110514  8.31  3.48 44.90 16.80 93.30 372.3
 MEM 20110515  9.36  3.61 41.30 16.50 93.30 338.0
 MEM 20110516  8.43  3.22 41.00 16.30 93.30 369.6
 MEM 20110517  8.97  8.37100.00 16.10 93.30 351.9
 MEM 20110518 10.14  9.47100.00 15.80 93.30 318.7
 MEM 20110519 10.99  8.52 83.10 15.60 93.30 299.0
 MEM 20110520 10.74  9.89 98.70 15.40 93.30 305.5
 MEM 20110521 11.17  4.22 40.50 15.20 93.30 296.4
 MEM 20110522 10.87  9.71 95.70 15.00 93.30 303.5
 MEM 20110523 10.98  4.22 41.20 14.80 93.40 301.2
 MEM 20110524 10.81 10.03 99.50 14.60 93.40 305.9
 MEM 20110525 10.35  5.63 58.30 14.50 93.40 317.0
 MEM 20110526  9.94  6.57 70.80 14.30 93.40 328.4
 MEM 20110527 10.00  9.34100.00 14.10 93.40 327.0
 MEM 20110528 10.68  9.68 97.10 14.00 93.40 310.2
 MEM 20110529 10.84 10.12100.00 13.80 93.40 306.7
 MEM 20110530 10.97 10.24100.00 13.70 93.40 304.0
 MEM 20110531 11.01 10.28100.00 13.50 93.40 303.2
 MEM 20110601 10.63  9.93100.00 13.40 93.40 312.5
 MEM 20110602 10.81 10.08 99.90 13.30 93.40 308.6
 MEM 20110603 10.71 10.00100.00 13.10 93.40 311.1
 MEM 20110604 11.16 10.42100.00 13.00 93.40 300.8
 MEM 20110605 11.44 10.56 98.90 12.90 93.40 295.1
 MEM 20110606 10.89 10.17100.00 12.80 93.40 307.5
 MEM 20110607 10.76 10.05100.00 12.70 93.40 310.7
 MEM 20110608 11.41 10.66100.00 12.60 93.40 296.1
 MEM 20110609 11.46 10.70100.00 12.60 93.40 295.3
 MEM 20110610 11.51 10.75100.00 12.50 93.40 294.2
 MEM 20110611 11.65 10.88100.00 12.40 93.40 291.6
 MEM 20110612 11.86 11.07100.00 12.30 93.40 287.5
 MEM 20110613 11.51 10.75100.00 12.30 93.40 294.6
 MEM 20110614 11.49  9.85 91.80 12.20 93.40 295.2
 MEM 20110615 10.61  7.12 71.90 12.20 93.40 315.0
 MEM 20110616 10.80 10.09100.00 12.20 93.40 310.5
 MEM 20110617 11.07  7.08 68.50 12.10 93.40 304.2
 MEM 20110618 11.25 10.51100.00 12.10 93.40 300.0
 MEM 20110619 11.24 10.24 97.60 12.10 93.40 300.4
 MEM 20110620 10.56  9.86100.00 12.10 93.40 316.2
 MEM 20110621 10.74  6.65 66.30 12.10 93.40 311.9
 MEM 20110622 10.48  9.37 95.70 12.10 93.40 318.1
 MEM 20110623 10.41  9.72100.00 12.10 93.40 319.5
 MEM 20110624 10.70  5.84 58.40 12.20 93.40 312.8
 MEM 20110625 11.28 10.50 99.70 12.20 93.40 299.1
 MEM 20110626 11.20  9.05 86.60 12.20 93.40 300.8
 MEM 20110627 11.72 10.95100.00 12.30 93.40 289.9
 MEM 20110628 11.63  8.82 81.20 12.30 93.40 291.7
 MEM 20110629 11.05 10.13 98.20 12.40 93.40 303.9
 MEM 20110630 10.85 10.13100.00 12.40 93.40 308.4
 MEM 20110701 10.94 10.22100.00 12.50 93.40 305.9
 MEM 20110702 10.88 10.16100.00 12.60 93.40 307.2
 MEM 20110703 11.26 10.51100.00 12.70 93.40 298.3
 MEM 20110704 10.94 10.21100.00 12.80 93.40 305.4
 MEM 20110705 11.11  9.73 93.80 12.90 93.40 301.0
 MEM 20110706 11.05 10.32100.00 13.00 93.40 302.2
 MEM 20110707 11.35  9.79 92.30 13.10 93.40 295.5
 MEM 20110708 11.43 10.61 99.40 13.20 93.40 293.5
 MEM 20110709 11.56 10.79100.00 13.30 93.40 290.6
 MEM 20110710 11.97 11.18100.00 13.50 93.40 281.8
 MEM 20110711 11.79 11.00100.00 13.60 93.40 285.3
 MEM 20110712 11.95 11.16100.00 13.70 93.40 281.6
 MEM 20110713 11.57 10.80100.00 13.90 93.40 289.1
 MEM 20110714 11.63 10.84 99.90 14.00 93.40 287.6
 MEM 20110715 11.51 10.61 98.70 14.20 93.40 289.6
 MEM 20110716 11.48 10.69 99.70 14.40 93.40 289.8
 MEM 20110717 11.20 10.45100.00 14.60 93.40 295.4
 MEM 20110718 11.37 10.61100.00 14.70 93.40 291.5
 MEM 20110719 11.44 10.68100.00 14.90 93.40 289.6
 MEM 20110720 11.21 10.46100.00 15.10 93.30 293.8
 MEM 20110721 10.87 10.15100.00 15.30 93.30 300.3
 MEM 20110722 11.10  9.87 95.20 15.50 93.30 294.8
 MEM 20110723 11.15 10.41100.00 15.70 93.30 293.2
 MEM 20110724 11.08 10.34100.00 16.00 93.30 294.1
 MEM 20110725 11.38 10.06 94.80 16.20 93.30 287.0
 MEM 20110726 10.69  9.98100.00 16.40 93.30 301.1
 MEM 20110727 10.63  9.93100.00 16.60 93.30 301.7
 MEM 20110728 10.89 10.16100.00 16.90 93.30 295.3
 MEM 20110729 11.36  8.99 84.80 17.10 93.30 284.4
 MEM 20110730 11.23  9.90 94.50 17.40 93.30 286.4
 MEM 20110731 10.83 10.11100.00 17.60 93.30 294.2
 MEM 20110801 10.42  9.72100.00 17.90 93.30 302.7
 MEM 20110802 11.10 10.36100.00 18.20 93.30 286.7
 MEM 20110803 10.89  9.24 90.90 18.50 93.30 290.3
 MEM 20110804 10.58  9.87100.00 18.70 93.30 296.4
 MEM 20110805 10.53  9.81 99.90 19.00 93.30 296.6
 MEM 20110806 10.26  9.58100.00 19.30 93.30 301.9
 MEM 20110807 10.42  9.71 99.90 19.60 93.30 297.2
 MEM 20110808 10.80  9.57 95.00 19.90 93.30 287.8
 MEM 20110809 10.50  9.79 99.90 20.20 93.30 293.3
 MEM 20110810 10.50  8.75 89.30 20.50 93.30 292.3
 MEM 20110811 10.35  9.60 99.40 20.80 93.30 294.4
 MEM 20110812 10.60  9.40 95.10 21.10 93.30 287.4
 MEM 20110813 10.18  8.94 94.10 21.50 93.30 295.8
 MEM 20110814  9.88  9.22100.00 21.80 93.30 301.4
 MEM 20110815 10.58  9.87100.00 22.10 93.30 283.8
 MEM 20110816 10.28  9.59100.00 22.40 93.30 289.4
 MEM 20110817 10.18  8.12 85.50 22.80 93.30 290.3
 MEM 20110818  9.94  5.95 64.30 23.10 93.30 294.5
 MEM 20110819  9.83  8.98 97.90 23.50 93.30 295.8
 MEM 20110820 10.16  8.77 92.50 23.80 93.30 286.4
 MEM 20110821  9.83  9.11 99.30 24.20 93.30 292.8
 MEM 20110822  9.73  9.08100.00 24.50 93.30 293.8
 MEM 20110823  9.56  8.91100.00 24.90 93.30 296.5
 MEM 20110824  9.25  8.61 99.90 25.20 93.30 302.7
 MEM 20110825  9.29  7.56 87.30 25.60 93.30 299.6
 MEM 20110826  9.63  8.98100.00 26.00 93.30 289.5
 MEM 20110827  9.37  8.74100.00 26.30 93.30 294.0
 MEM 20110828  8.77  8.18 99.90 26.70 93.20 308.4
 MEM 20110829  8.81  7.87 95.70 27.10 93.20 305.2
 MEM 20110830  9.05  8.43 99.90 27.50 93.20 296.5
 MEM 20110831  8.96  8.24 98.70 27.80 93.20 297.0
 MEM 20110901  9.04  8.42100.00 28.20 93.20 292.9
 MEM 20110902  9.25  8.64100.00 28.60 93.40 285.4
 MEM 20110903  9.39  6.40 73.00 29.00 93.40 279.6
 MEM 20110904  9.06  1.81 21.50 29.40 93.40 286.1
 MEM 20110905  8.56  4.12 51.60 29.80 93.40 297.5
 MEM 20110906  8.11  6.87 90.70 30.20 93.40 308.7
 MEM 20110907  8.27  7.72100.00 30.60 93.40 301.1
 MEM 20110908  8.21  7.56 98.60 30.90 93.40 300.3
 MEM 20110909  8.02  7.44 99.40 31.30 93.40 303.7
 MEM 20110910  8.20  7.65100.00 31.70 93.40 295.8
 MEM 20110911  7.89  7.36100.00 32.10 93.30 302.5
 MEM 20110912  7.97  7.44100.00 32.50 93.30 297.3
 MEM 20110913  8.00  7.35 98.50 32.90 93.30 294.0
 MEM 20110914  8.12  6.29 83.10 33.30 93.30 287.8
 MEM 20110915  8.09  7.55100.00 33.70 93.30 286.1
 MEM 20110916  8.03  6.93 92.60 34.10 93.30 285.0
 MEM 20110917  8.12  5.51 72.70 34.50 93.30 279.5
 MEM 20110918  8.17  7.54 98.90 35.00 93.30 275.8
 MEM 20110919  7.70  3.44 47.80 35.40 93.30 286.6
 MEM 20110920  7.56  3.22 45.80 35.80 93.30 288.3
 MEM 20110921  7.64  7.13100.00 36.20 93.30 282.6
 MEM 20110922  7.76  7.24100.00 36.60 93.30 276.3
 MEM 20110923  7.15  6.67100.00 37.00 93.30 292.5
 MEM 20110924  7.37  5.24 76.20 37.40 93.30 281.9
 MEM 20110925  7.13  5.93 89.20 37.80 93.30 286.9
 MEM 20110926  7.31  6.82100.00 38.20 93.30 277.8
 MEM 20110927  6.78  6.32100.00 38.60 93.30 292.7
 MEM 20110928  6.66  6.21100.00 39.00 93.20 293.8
 MEM 20110929  6.67  6.22100.00 39.40 93.20 290.1
 MEM 20110930  5.97  5.56100.00 39.80 93.20 314.5
 MEM 20111001  5.81  5.42100.00 40.20 93.20 317.7
 MEM 20111002  5.87  5.47100.00 40.60 93.20 311.8
 MEM 20111003  6.00  5.59100.00 41.00 93.20 302.2
 MEM 20111004  6.37  5.94100.00 41.40 93.20 284.0
 MEM 20111005  6.78  6.32100.00 41.70 93.20 266.7
 MEM 20111006  6.86  6.33 99.10 42.10 93.20 260.7
 MEM 20111007  6.82  6.36100.00 42.50 93.20 258.6
 MEM 20111008  6.35  5.92100.00 42.90 93.20 271.3
 MEM 20111009  6.10  5.68100.00 43.30 93.20 276.8
 MEM 20111010  6.18  5.76100.00 43.70 93.20 270.6
 MEM 20111011  5.81  5.41 99.90 44.00 93.20 280.9
 MEM 20111012  5.64  5.02 95.50 44.40 93.20 284.2
 MEM 20111013  5.07  1.66 35.10 44.80 93.10 307.2
 MEM 20111014  5.37  5.00100.00 45.20 93.10 288.7
 MEM 20111015  5.35  4.98100.00 45.50 93.10 286.1
 MEM 20111016  5.64  5.25100.00 45.90 93.10 270.4
 MEM 20111017  5.75  5.36100.00 46.20 93.10 262.1
 MEM 20111018  5.36  0.92 18.50 46.60 93.10 274.5
 MEM 20111019  4.87  2.47 54.50 47.00 93.10 293.6
 MEM 20111020  4.84  4.51100.00 47.30 93.10 291.3
 MEM 20111021  4.84  4.51100.00 47.70 93.10 287.5
 MEM 20111022  4.81  4.48100.00 48.00 93.10 285.1
 MEM 20111023  4.59  3.45 80.90 48.30 93.10 292.7
 MEM 20111024  4.78  4.45100.00 48.70 93.10 278.7
 MEM 20111025  5.04  4.69100.00 49.00 93.10 263.1
 MEM 20111026  5.19  4.83100.00 49.30 93.10 253.2
 MEM 20111027  4.93  2.03 44.30 49.70 93.10 260.7
 MEM 20111028  4.40  3.79 92.60 50.00 93.00 283.2
 MEM 20111029  4.08  3.79100.00 50.30 93.00 297.9
 MEM 20111030  4.06  3.78100.00 50.60 93.00 295.3
 MEM 20111031  4.01  3.73100.00 50.90 93.00 294.4
 MEM 20111101  4.25  3.95100.00 51.20 93.00 277.1
 MEM 20111102  4.65  4.33100.00 51.50 93.20 253.6
 MEM 20111103  3.91  2.08 57.00 51.80 93.20 289.7
 MEM 20111104  4.23  2.48 62.80 52.10 93.20 267.5
 MEM 20111105  4.07  3.80100.00 52.40 93.20 272.8
 MEM 20111106  4.42  4.12100.00 52.70 93.20 251.4
 MEM 20111107  4.44  4.03 97.50 52.90 93.20 247.4
 MEM 20111108  4.35  4.00 98.60 53.20 93.20 248.4
 MEM 20111109  4.02  2.23 59.50 53.50 93.20 261.9
 MEM 20111110  3.38  3.15100.00 53.70 93.20 300.2
 MEM 20111111  3.47  3.23100.00 54.00 93.20 289.9
 MEM 20111112  3.85  3.16 88.00 54.20 93.20 261.6
 MEM 20111113  4.04  1.37 36.60 54.50 93.20 248.5
 MEM 20111114  3.69  1.00 29.10 54.70 93.20 264.5
 MEM 20111115  3.60  0.81 24.20 54.90 93.20 267.4
 MEM 20111116  3.39  0.43 13.70 55.20 93.10 278.0
 MEM 20111117  3.31  3.08100.00 55.40 93.10 280.9
 MEM 20111118  3.49  3.25100.00 55.60 93.10 266.0
 MEM 20111119  3.71  3.34 96.60 55.80 93.10 250.1
 MEM 20111120  3.68  0.91 26.50 56.00 93.10 249.4
 MEM 20111121  3.63  0.91 27.00 56.20 93.10 249.5
 MEM 20111122  3.48  0.72 22.40 56.40 93.10 256.2
 MEM 20111123  3.30  3.07100.00 56.60 93.10 265.8
 MEM 20111124  3.33  3.10100.00 56.70 93.10 261.1
 MEM 20111125  3.30  3.08100.00 56.90 93.10 260.3
 MEM 20111126  3.11  2.03 70.30 57.10 93.10 272.5
 MEM 20111127  3.08  0.58 20.40 57.20 93.10 272.3
 MEM 20111128  2.72  0.93 36.60 57.40 93.10 300.3
 MEM 20111129  2.93  1.63 59.80 57.50 93.10 279.3
 MEM 20111130  3.03  2.82100.00 57.70 93.10 269.9
 MEM 20111201  3.02  2.82100.00 57.80 93.10 268.1
 MEM 20111202  3.13  2.83 96.90 57.90 93.10 258.2
 MEM 20111203  3.17  2.81 95.00 58.00 93.10 253.9
 MEM 20111204  3.10  1.37 47.20 58.20 93.10 257.2
 MEM 20111205  2.96  0.46 16.60 58.30 93.10 266.3
 MEM 20111206  2.71  1.44 57.00 58.40 93.10 286.1
 MEM 20111207  2.30  1.47 68.60 58.40 93.10 329.2
 MEM 20111208  2.75  2.41 94.20 58.50 93.10 278.6
 MEM 20111209  2.66  2.47100.00 58.60 93.10 286.5
 MEM 20111210  2.35  2.19100.00 58.70 93.10 318.0
 MEM 20111211  2.61  2.43100.00 58.70 93.10 288.2
 MEM 20111212  2.99  2.78100.00 58.80 93.10 255.8
 MEM 20111213  2.98  2.03 73.20 58.80 93.10 255.3
 MEM 20111214  3.14  2.72 93.10 58.90 93.10 243.5
 MEM 20111215  3.05  0.41 14.70 58.90 93.10 249.1
 MEM 20111216  3.14  0.89 30.50 59.00 93.10 242.5
 MEM 20111217  2.85  2.65100.00 59.00 93.10 263.8
 MEM 20111218  2.94  2.74100.00 59.00 93.10 256.4
 MEM 20111219  2.97  2.12 76.90 59.00 93.10 254.4
 MEM 20111220  3.06  0.51 17.80 59.00 93.10 248.0
 MEM 20111221  2.87  2.57 96.30 59.00 93.10 261.8
 MEM 20111222  2.83  0.26  9.90 59.00 93.10 265.2
 MEM 20111223  2.56  2.29 96.20 59.00 93.10 290.2
 MEM 20111224  2.56  2.38100.00 58.90 93.10 290.5
 MEM 20111225  2.75  2.47 96.70 58.90 93.10 273.5
 MEM 20111226  2.68  1.59 63.70 58.90 93.10 279.8
 MEM 20111227  2.32  2.13 98.40 58.80 93.10 319.0
 MEM 20111228  2.23  2.07100.00 58.80 93.10 332.6
 MEM 20111229  2.33  2.17100.00 58.70 93.10 319.9
 MEM 20111230  2.27  1.46 69.40 58.60 93.10 330.3
 MEM 20111231  2.48  2.30100.00 58.60 93.10 306.5
 MEM 20120101  2.39  2.22100.00 58.50 93.10 318.3
