 ABQ 20150102  2.83  1.96 72.60 58.40 94.80 298.4
 ABQ 20150103  2.77  2.63100.00 58.30 94.80 306.2
 ABQ 20150104  2.87  2.72100.00 58.20 94.80 299.0
 ABQ 20150105  2.81  2.66 99.70 58.10 94.80 306.0
 ABQ 20150106  3.09  2.93100.00 58.00 94.80 283.7
 ABQ 20150107  2.98  2.73 96.60 57.90 94.80 294.9
 ABQ 20150108  3.19  2.98 98.50 57.70 94.80 279.7
 ABQ 20150109  3.25  2.94 95.60 57.60 94.80 277.7
 ABQ 20150110  3.12  2.83 95.70 57.50 94.80 289.9
 ABQ 20150111  3.19  2.82 93.20 57.30 94.80 286.8
 ABQ 20150112  2.93  2.31 83.10 57.20 94.80 311.8
 ABQ 20150113  2.71  1.43 55.40 57.00 94.80 337.3
 ABQ 20150114  3.08  2.79 95.00 56.80 94.80 303.7
 ABQ 20150115  3.36  3.18100.00 56.70 94.80 284.5
 ABQ 20150116  3.46  3.29100.00 56.50 94.80 279.2
 ABQ 20150117  3.75  3.58100.00 56.30 94.80 263.6
 ABQ 20150118  3.87  3.58 97.60 56.10 94.80 258.8
 ABQ 20150119  3.65  3.46100.00 55.90 94.90 275.4
 ABQ 20150120  3.33  3.16100.00 55.70 94.90 301.0
 ABQ 20150121  2.88  2.23 81.30 55.50 94.90 346.0
 ABQ 20150122  2.68  2.30 89.70 55.30 94.90 372.9
 ABQ 20150123  3.10  2.96100.00 55.10 94.90 331.1
 ABQ 20150124  3.30  3.15100.00 54.80 94.90 317.3
 ABQ 20150125  3.44  3.29100.00 54.60 94.90 309.3
 ABQ 20150126  3.81  3.61100.00 54.40 94.90 287.1
 ABQ 20150127  3.97  3.77100.00 54.10 94.90 280.4
 ABQ 20150128  4.10  3.89100.00 53.90 94.90 276.5
 ABQ 20150129  4.25  3.95 98.00 53.60 94.90 271.9
 ABQ 20150130  4.19  1.62 40.70 53.30 94.90 278.5
 ABQ 20150131  3.93  2.29 61.20 53.10 94.90 297.7
 ABQ 20150201  3.92  3.75100.00 52.80 94.90 302.2
 ABQ 20150202  4.01  3.80100.00 52.50 94.90 300.6
 ABQ 20150203  4.00  3.80100.00 52.30 94.90 305.2
 ABQ 20150204  3.76  3.48 97.30 52.00 94.90 326.1
 ABQ 20150205  3.96  3.45 91.80 51.70 94.90 316.2
 ABQ 20150206  4.64  4.40100.00 51.40 94.90 279.4
 ABQ 20150207  5.07  4.81100.00 51.10 94.90 262.7
 ABQ 20150208  5.53  5.25100.00 50.80 94.90 247.7
 ABQ 20150209  5.56  5.28100.00 50.50 94.90 249.9
 ABQ 20150210  5.53  5.25100.00 50.20 94.90 254.0
 ABQ 20150211  4.35  3.78 91.20 49.80 94.90 315.9
 ABQ 20150212  4.92  4.70100.00 49.50 95.00 288.1
 ABQ 20150213  5.04  4.78 99.80 49.20 95.00 286.4
 ABQ 20150214  5.61  5.33100.00 48.90 95.00 265.4
 ABQ 20150215  5.46  4.39 84.70 48.50 95.00 275.3
 ABQ 20150216  4.30  3.63 88.90 48.20 95.00 341.7
 ABQ 20150217  4.59  4.37100.00 47.80 95.00 327.9
 ABQ 20150218  5.15  4.89100.00 47.50 95.00 300.8
 ABQ 20150219  5.72  5.44100.00 47.10 95.00 279.0
 ABQ 20150220  5.29  5.03100.00 46.80 95.00 302.3
 ABQ 20150221  4.75  4.51 99.90 46.40 95.00 335.7
 ABQ 20150222  4.61  3.28 74.90 46.10 95.00 349.3
 ABQ 20150223  4.90  3.53 75.50 45.70 95.00 335.7
 ABQ 20150224  4.04  2.78 72.30 45.30 95.00 402.6
 ABQ 20150225  5.50  5.26 99.90 45.00 95.00 312.3
 ABQ 20150226  4.97  3.64 76.70 44.60 95.00 345.0
 ABQ 20150227  4.66  3.66 82.40 44.20 95.00 369.9
 ABQ 20150228  5.60  3.18 59.50 43.90 95.00 319.9
 ABQ 20150301  6.11  5.24 90.10 43.50 95.00 301.3
 ABQ 20150302  6.72  3.76 59.10 43.10 94.40 281.8
 ABQ 20150303  5.30  4.91 97.30 42.70 94.40 348.6
 ABQ 20150304  4.99  4.68 98.90 42.30 94.40 372.0
 ABQ 20150305  5.50  5.23100.00 41.90 94.50 346.5
 ABQ 20150306  5.88  5.60100.00 41.60 94.50 331.3
 ABQ 20150307  5.93  5.65100.00 41.20 94.50 332.9
 ABQ 20150308  6.00  5.71100.00 40.80 94.50 333.8
 ABQ 20150309  5.93  5.58 99.10 40.40 94.50 340.6
 ABQ 20150310  6.21  5.86100.00 40.00 94.50 332.1
 ABQ 20150311  6.84  6.47100.00 39.60 94.50 309.6
 ABQ 20150312  7.08  4.80 71.70 39.20 94.50 304.3
 ABQ 20150313  7.05  5.76 86.50 38.80 94.50 308.9
 ABQ 20150314  6.84  6.40 99.00 38.40 94.50 320.3
 ABQ 20150315  7.72  7.29 99.90 38.00 94.50 293.0
 ABQ 20150316  7.66  7.24100.00 37.60 94.50 297.8
 ABQ 20150317  8.28  7.73 98.70 37.20 94.50 282.3
 ABQ 20150318  8.40  7.78 98.00 36.80 94.50 282.1
 ABQ 20150319  7.88  6.34 85.30 36.40 94.50 300.4
 ABQ 20150320  7.57  6.34 88.60 36.00 94.50 313.9
 ABQ 20150321  8.31  7.85 99.90 35.60 94.50 293.5
 ABQ 20150322  8.44  7.98100.00 35.20 94.50 292.8
 ABQ 20150323  8.03  7.59100.00 34.80 94.50 308.2
 ABQ 20150324  7.72  7.27 99.70 34.40 94.60 321.4
 ABQ 20150325  7.15  6.76100.00 34.00 94.60 345.7
 ABQ 20150326  7.52  7.10 99.80 33.60 94.60 334.6
 ABQ 20150327  8.04  7.60100.00 33.20 94.60 319.3
 ABQ 20150328  8.73  8.25100.00 32.70 94.60 301.0
 ABQ 20150329  8.70  8.23100.00 32.30 94.60 304.5
 ABQ 20150330  8.73  7.47 90.50 31.90 94.60 306.5
 ABQ 20150331  8.97  8.48 99.90 31.60 94.60 302.0
 ABQ 20150401  8.70  8.23100.00 31.20 94.60 312.6
 ABQ 20150402  9.51  9.00100.00 30.80 94.60 292.9
 ABQ 20150403  9.57  9.05100.00 30.40 94.60 293.9
 ABQ 20150404  9.62  9.08 99.80 30.00 94.60 294.9
 ABQ 20150405  9.02  8.53100.00 29.60 94.60 313.3
 ABQ 20150406  8.75  8.27100.00 29.20 94.60 323.6
 ABQ 20150407  9.11  8.57 99.40 28.80 94.60 315.1
 ABQ 20150408  8.62  8.16100.00 28.40 94.60 332.3
 ABQ 20150409  8.81  8.29 99.40 28.00 94.60 328.6
 ABQ 20150410  8.92  8.44100.00 27.70 94.60 327.4
 ABQ 20150411  8.66  8.09 98.70 27.30 94.60 337.8
 ABQ 20150412  8.90  7.55 89.60 26.90 94.60 332.5
 ABQ 20150413  9.01  6.26 73.40 26.50 94.60 331.2
 ABQ 20150414  9.34  8.84100.00 26.20 94.60 323.5
 ABQ 20150415  9.06  8.58100.00 25.80 94.60 334.0
 ABQ 20150416  8.66  8.19100.00 25.40 94.60 348.8
 ABQ 20150417  8.77  8.27 99.60 25.10 94.60 347.3
 ABQ 20150418  8.92  8.15 96.50 24.70 94.60 344.1
 ABQ 20150419  9.36  8.80 99.40 24.30 94.60 332.5
 ABQ 20150420  9.31  8.74 99.10 24.00 94.60 335.7
 ABQ 20150421  8.91  8.41 99.80 23.60 94.70 350.0
 ABQ 20150422  9.03  8.52 99.70 23.30 94.70 347.8
 ABQ 20150423  9.13  8.65100.00 23.00 94.70 346.1
 ABQ 20150424  8.45  7.93 99.20 22.60 94.70 371.1
 ABQ 20150425  9.00  7.33 85.90 22.30 94.70 353.6
 ABQ 20150426  7.56  5.96 83.10 22.00 94.70 410.9
 ABQ 20150427  8.35  6.12 77.40 21.60 94.70 379.5
 ABQ 20150428  9.23  8.72 99.80 21.30 94.70 351.1
 ABQ 20150429  9.72  9.19 99.90 21.00 94.70 337.6
 ABQ 20150430 10.32  9.76 99.90 20.70 94.70 322.5
 ABQ 20150501 10.03  9.48 99.80 20.40 94.70 331.8
 ABQ 20150502 10.16  5.96 62.50 20.10 94.10 329.7
 ABQ 20150503  9.90  9.09 97.60 19.80 94.10 337.7
 ABQ 20150504 10.41  9.14 93.30 19.50 94.10 325.2
 ABQ 20150505  9.78  9.17 99.70 19.20 94.10 343.2
 ABQ 20150506 10.16  8.55 89.40 18.90 94.10 333.6
 ABQ 20150507 10.08  9.49100.00 18.60 94.10 336.7
 ABQ 20150508 10.03  9.44100.00 18.30 94.10 338.9
 ABQ 20150509  8.51  7.03 87.90 18.10 94.10 389.7
 ABQ 20150510  9.99  9.31 99.00 17.80 94.10 342.0
 ABQ 20150511 11.16 10.50100.00 17.50 94.10 313.3
 ABQ 20150512 11.36 10.55 98.70 17.30 94.10 309.5
 ABQ 20150513  9.67  8.03 88.20 17.00 94.10 354.1
 ABQ 20150514 10.51  8.76 88.60 16.80 94.10 331.6
 ABQ 20150515  9.91  6.96 74.70 16.50 94.10 348.7
 ABQ 20150516  8.15  6.75 88.10 16.30 94.10 411.1
 ABQ 20150517 10.34  9.11 93.70 16.10 94.10 338.1
 ABQ 20150518 10.35  9.03 92.60 15.90 94.10 338.5
 ABQ 20150519 10.70 10.07100.00 15.70 94.10 330.3
 ABQ 20150520 11.40 10.68 99.50 15.40 94.10 314.1
 ABQ 20150521 11.71  8.28 75.20 15.20 94.10 307.9
 ABQ 20150522 11.42 10.74 99.90 15.00 94.10 314.8
 ABQ 20150523  9.48  8.89 99.60 14.80 94.10 367.4
 ABQ 20150524  9.80  8.89 96.40 14.70 94.10 357.8
 ABQ 20150525 10.00  9.34 99.30 14.50 94.10 352.4
 ABQ 20150526 10.17  9.51 99.30 14.30 94.10 348.0
 ABQ 20150527 10.85 10.00 97.90 14.10 94.10 330.3
 ABQ 20150528  9.89  9.30 99.90 14.00 94.10 356.7
 ABQ 20150529 10.39  9.76 99.80 13.80 94.10 342.7
 ABQ 20150530 10.74  9.98 98.80 13.70 94.10 334.2
 ABQ 20150531 11.28 10.62100.00 13.50 94.10 321.0
 ABQ 20150601 12.41 11.58 99.20 13.40 94.10 297.2
 ABQ 20150602 12.07 11.36100.00 13.30 94.10 304.3
 ABQ 20150603 12.87 12.11100.00 13.20 94.10 289.0
 ABQ 20150604 12.10 11.38100.00 13.00 94.10 304.2
 ABQ 20150605 12.14 10.04 87.90 12.90 94.10 303.4
 ABQ 20150606 12.18  9.28 81.00 12.80 94.10 302.7
 ABQ 20150607 12.13 11.24 98.50 12.70 94.10 303.9
 ABQ 20150608 12.68 11.55 96.70 12.70 94.10 293.4
 ABQ 20150609 12.90 10.51 86.60 12.60 94.10 289.4
 ABQ 20150610 12.63 11.76 98.90 12.50 94.10 294.6
 ABQ 20150611 11.67 10.99100.00 12.40 94.10 314.4
 ABQ 20150612 11.65 10.78 98.40 12.40 94.10 315.1
 ABQ 20150613 11.67 10.80 98.40 12.30 94.10 314.7
 ABQ 20150614 12.01 11.30 99.90 12.30 94.10 307.5
 ABQ 20150615 12.03 11.31 99.90 12.20 94.10 307.1
 ABQ 20150616 12.46 11.72 99.90 12.20 94.10 298.0
 ABQ 20150617 12.33 11.60100.00 12.20 94.10 300.7
 ABQ 20150618 12.23 11.49 99.80 12.20 94.10 302.8
 ABQ 20150619 12.25 11.50 99.70 12.10 94.10 302.3
 ABQ 20150620 13.10 12.33100.00 12.10 94.10 286.2
 ABQ 20150621 12.98 12.22100.00 12.10 94.10 288.5
 ABQ 20150622 13.27 12.49100.00 12.10 94.10 283.1
 ABQ 20150623 13.34 12.49 99.50 12.20 94.10 281.8
 ABQ 20150624 12.87 12.05 99.50 12.20 94.10 290.3
 ABQ 20150625 12.85 12.09100.00 12.20 94.10 290.7
 ABQ 20150626 11.85 10.64 95.40 12.30 94.10 310.4
 ABQ 20150627 12.58 11.72 99.00 12.30 94.10 295.3
 ABQ 20150628 12.28 11.56100.00 12.30 94.10 301.0
 ABQ 20150629 12.74 11.90 99.30 12.40 94.10 292.1
 ABQ 20150630 12.32 11.59100.00 12.50 94.10 299.8
 ABQ 20150701 12.16 11.43 99.90 12.50 94.10 303.0
 ABQ 20150702 12.51 10.66 90.50 12.60 94.10 295.9
 ABQ 20150703 12.55  9.27 78.50 12.70 94.10 295.0
 ABQ 20150704 12.61 11.62 97.90 12.80 94.10 293.6
 ABQ 20150705 12.64 11.45 96.20 12.90 94.10 292.8
 ABQ 20150706 12.60 11.83 99.80 13.00 94.10 293.4
 ABQ 20150707 11.92 10.53 93.90 13.10 94.10 306.6
 ABQ 20150708 11.78 11.08 99.90 13.20 94.10 309.4
 ABQ 20150709 12.33 11.12 95.80 13.30 94.10 297.6
 ABQ 20150710 12.32 11.60100.00 13.50 94.10 297.4
 ABQ 20150711 12.92 12.16100.00 13.60 94.10 285.9
 ABQ 20150712 13.24 12.41 99.60 13.80 94.10 279.6
 ABQ 20150713 12.50 11.75 99.90 13.90 94.10 293.2
 ABQ 20150714 12.76 11.88 98.90 14.10 94.10 287.9
 ABQ 20150715 12.46 11.70 99.80 14.20 94.10 293.1
 ABQ 20150716 11.99 11.24 99.60 14.40 94.10 301.9
 ABQ 20150717 12.47  9.73 83.00 14.60 94.10 292.3
 ABQ 20150718 12.52 11.42 97.00 14.80 94.10 290.8
 ABQ 20150719 12.55 11.11 94.10 14.90 94.10 289.9
 ABQ 20150720 12.58 11.71 98.90 15.10 94.10 288.7
 ABQ 20150721 12.95 12.12 99.50 15.30 94.10 281.1
 ABQ 20150722 12.49 11.65 99.10 15.50 94.10 289.2
 ABQ 20150723 12.28  9.86 85.30 15.80 94.10 292.7
 ABQ 20150724 12.23 11.43 99.40 16.00 94.10 292.9
 ABQ 20150725 12.25 11.48 99.60 16.20 94.10 291.8
 ABQ 20150726 11.95 11.24100.00 16.40 94.10 296.9
 ABQ 20150727 12.07 11.32 99.70 16.70 94.10 293.9
 ABQ 20150728 12.57 11.75 99.40 16.90 94.10 283.4
 ABQ 20150729 12.42 11.17 95.60 17.20 94.10 285.5
 ABQ 20150730 12.23 11.18 97.20 17.40 94.10 288.4
 ABQ 20150731 11.99 11.00 97.60 17.70 94.10 292.4
 ABQ 20150801 12.07 11.13 98.10 17.90 94.10 290.0
 ABQ 20150802 12.04 11.15 98.50 18.20 94.10 289.8
 ABQ 20150803 11.80 11.08 99.80 18.50 94.10 293.6
 ABQ 20150804 12.10 11.38100.00 18.70 94.10 286.9
 ABQ 20150805 12.09 11.36 99.90 19.00 94.10 286.1
 ABQ 20150806 12.00 11.23 99.50 19.30 94.10 287.0
 ABQ 20150807 11.78 10.81 97.50 19.60 94.10 290.4
 ABQ 20150808 11.75 10.38 93.80 19.90 94.10 290.0
 ABQ 20150809 12.03 11.32 99.90 20.20 94.10 283.2
 ABQ 20150810 11.94 10.30 91.70 20.50 94.10 283.9
 ABQ 20150811 11.95 11.23 99.90 20.80 94.10 282.3
 ABQ 20150812 11.71 11.02100.00 21.10 94.10 286.0
 ABQ 20150813 11.41 10.73100.00 21.50 94.10 290.9
 ABQ 20150814 11.05 10.34 99.40 21.80 94.10 297.2
 ABQ 20150815 11.13 10.46 99.90 22.10 94.10 294.3
 ABQ 20150816 11.55 10.86100.00 22.50 94.10 284.1
 ABQ 20150817 11.43 10.73 99.90 22.80 94.10 285.2
 ABQ 20150818 11.12 10.45100.00 23.10 94.10 290.4
 ABQ 20150819 10.07  9.47100.00 23.50 94.10 313.2
 ABQ 20150820 10.92 10.26 99.90 23.80 94.10 291.8
 ABQ 20150821 10.78 10.01 98.70 24.20 94.00 293.2
 ABQ 20150822 11.03 10.37100.00 24.50 94.00 286.4
 ABQ 20150823 10.88 10.23100.00 24.90 94.00 288.1
 ABQ 20150824 10.94 10.29100.00 25.20 94.00 285.0
 ABQ 20150825 10.70 10.06 99.90 25.60 94.00 288.5
 ABQ 20150826 10.73  9.83 97.50 26.00 94.00 286.0
 ABQ 20150827 10.50  9.57 97.00 26.30 94.00 289.3
 ABQ 20150828 10.22  9.61100.00 26.70 94.00 293.8
 ABQ 20150829  9.89  9.30100.00 27.10 94.00 299.6
 ABQ 20150830 10.53  9.89 99.90 27.50 94.00 282.7
 ABQ 20150831 10.39  9.58 98.20 27.80 94.00 284.1
 ABQ 20150901 10.35  9.64 99.00 28.20 94.00 282.7
 ABQ 20150902 10.30  9.72 99.80 28.60 94.60 281.9
 ABQ 20150903 10.60  7.97 79.50 29.00 94.60 273.6
 ABQ 20150904 10.88  7.93 77.10 29.40 94.60 265.9
 ABQ 20150905 10.79  8.46 82.90 29.80 94.60 265.8
 ABQ 20150906 10.45  8.29 83.80 30.20 94.60 270.8
 ABQ 20150907 10.37  9.31 94.90 30.60 94.60 270.3
 ABQ 20150908 10.29  9.65 99.10 31.00 94.60 269.8
 ABQ 20150909  9.66  9.09 99.50 31.40 94.60 281.4
 ABQ 20150910  9.36  8.85100.00 31.80 94.60 286.5
 ABQ 20150911  8.79  8.31100.00 32.10 94.60 298.9
 ABQ 20150912  8.74  8.26100.00 32.50 94.60 297.8
 ABQ 20150913  8.71  8.24100.00 32.90 94.60 296.0
 ABQ 20150914  8.93  8.41 99.60 33.40 94.60 287.5
 ABQ 20150915  9.26  8.75100.00 33.80 94.60 276.4
 ABQ 20150916  9.50  8.98100.00 34.20 94.60 268.3
 ABQ 20150917  9.66  9.13100.00 34.60 94.50 261.8
 ABQ 20150918  9.65  8.58 94.10 35.00 94.50 259.5
 ABQ 20150919  9.41  8.64 97.20 35.40 94.50 262.5
 ABQ 20150920  8.72  8.24100.00 35.80 94.50 276.8
 ABQ 20150921  8.76  7.58 91.60 36.20 94.50 273.0
 ABQ 20150922  8.80  4.42 53.10 36.60 94.50 269.2
 ABQ 20150923  8.01  7.40 97.80 37.00 94.50 287.8
 ABQ 20150924  8.15  7.71100.00 37.40 94.50 280.3
 ABQ 20150925  8.60  8.13100.00 37.80 94.50 265.5
 ABQ 20150926  8.98  8.49100.00 38.20 94.50 253.4
 ABQ 20150927  8.68  8.20100.00 38.60 94.50 257.7
 ABQ 20150928  8.68  8.20100.00 39.00 94.50 255.0
 ABQ 20150929  8.75  8.27100.00 39.40 94.50 250.5
 ABQ 20150930  8.61  8.08 99.40 39.80 94.50 251.0
 ABQ 20151001  8.21  7.76100.00 40.20 94.50 257.7
 ABQ 20151002  7.49  6.75 95.40 40.60 94.50 275.0
 ABQ 20151003  7.11  6.72100.00 41.00 94.50 283.6
 ABQ 20151004  6.99  4.84 73.30 41.40 94.50 284.2
 ABQ 20151005  7.22  6.49 95.20 41.70 94.50 273.5
 ABQ 20151006  7.09  6.70100.00 42.10 94.50 274.2
 ABQ 20151007  6.63  6.22 99.30 42.50 94.40 286.5
 ABQ 20151008  6.54  6.17 99.90 42.90 94.40 286.1
 ABQ 20151009  6.89  6.50100.00 43.30 94.40 270.8
 ABQ 20151010  6.60  6.24100.00 43.70 94.40 276.6
 ABQ 20151011  6.42  6.06100.00 44.00 94.40 279.6
 ABQ 20151012  6.52  6.16100.00 44.40 94.40 272.5
 ABQ 20151013  6.46  6.10100.00 44.80 94.40 271.0
 ABQ 20151014  6.56  6.19100.00 45.20 94.40 264.0
 ABQ 20151015  6.39  5.98 99.00 45.50 94.40 266.6
 ABQ 20151016  6.08  5.74100.00 45.90 94.40 274.3
 ABQ 20151017  5.98  5.56 98.60 46.30 94.40 274.7
 ABQ 20151018  6.00  5.64 99.60 46.60 94.40 270.5
 ABQ 20151019  5.87  5.48 98.90 47.00 94.40 271.9
 ABQ 20151020  5.72  4.44 82.30 47.30 94.40 274.0
 ABQ 20151021  5.45  4.27 83.20 47.70 94.40 281.5
 ABQ 20151022  5.41  5.05 98.90 48.00 94.40 279.1
 ABQ 20151023  5.56  5.20 99.20 48.40 94.40 269.7
 ABQ 20151024  5.83  5.46 99.20 48.70 94.40 255.5
 ABQ 20151025  5.85  5.52 99.90 49.00 94.30 251.4
 ABQ 20151027  5.28  4.98100.00 49.70 94.30 266.6
 ABQ 20151027  5.28  4.98100.00 49.70 94.30 266.6
 ABQ 20151027  5.28  4.98100.00 49.70 94.30 266.6
 ABQ 20151029  5.13  4.78 98.80 50.30 94.30 265.6
 ABQ 20151030  4.40  3.64 87.70 50.60 94.30 298.7
 ABQ 20151031  4.90  4.63100.00 50.90 94.30 269.1
 ABQ 20151101  5.16  4.87100.00 51.20 94.30 254.5
 ABQ 20151102  5.13  4.87100.00 51.50 94.90 252.7
 ABQ 20151103  5.16  4.89100.00 51.80 94.90 248.3
 ABQ 20151104  4.46  3.13 73.90 52.10 94.90 276.9
 ABQ 20151105  3.96  3.66 97.10 52.40 94.90 302.4
 ABQ 20151106  4.25  4.03100.00 52.70 94.90 280.9
 ABQ 20151107  4.23  4.01100.00 52.90 94.90 278.7
 ABQ 20151108  4.59  4.36100.00 53.20 94.90 256.6
 ABQ 20151109  4.77  4.53100.00 53.50 94.90 245.3
 ABQ 20151110  4.53  4.30100.00 53.70 94.90 253.5
 ABQ 20151111  3.86  3.66100.00 54.00 94.90 286.8
 ABQ 20151112  4.20  3.98100.00 54.20 94.90 263.3
 ABQ 20151113  4.08  3.86 99.80 54.50 94.90 266.6
 ABQ 20151114  3.87  3.67 99.90 54.70 94.90 275.4
 ABQ 20151115  4.10  3.11 80.00 54.90 94.90 259.1
 ABQ 20151116  3.25  2.08 67.20 55.20 94.90 312.8
 ABQ 20151117  2.96  2.76 97.90 55.40 94.90 336.7
 ABQ 20151118  3.39  3.22 99.70 55.60 94.90 295.3
 ABQ 20151119  3.64  3.45100.00 55.80 94.90 274.9
 ABQ 20151120  3.53  3.34100.00 56.00 94.80 279.6
 ABQ 20151121  3.43  3.24 99.80 56.20 94.80 284.1
 ABQ 20151122  3.52  3.34100.00 56.40 94.80 274.8
 ABQ 20151123  3.47  3.30100.00 56.60 94.80 275.4
 ABQ 20151124  3.79  3.60100.00 56.70 94.80 253.3
 ABQ 20151125  3.59  3.37 99.00 56.90 94.80 262.8
 ABQ 20151126  3.47  3.20 97.30 57.10 94.80 268.9
 ABQ 20151127  3.44  3.10 95.00 57.20 94.80 268.5
 ABQ 20151128  3.55  1.76 52.20 57.40 94.80 258.9
 ABQ 20151129  3.22  3.05100.00 57.50 94.80 279.1
 ABQ 20151130  3.14  2.99100.00 57.70 94.80 283.5
 ABQ 20151201  3.02  2.88100.00 57.80 94.80 291.0
 ABQ 20151202  3.04  2.88100.00 57.90 94.80 287.4
 ABQ 20151203  3.22  3.05100.00 58.00 94.80 272.0
 ABQ 20151204  3.04  2.88100.00 58.20 94.80 283.5
 ABQ 20151205  2.90  2.75100.00 58.30 94.80 293.9
 ABQ 20151206  3.11  2.95 99.90 58.40 94.80 274.7
 ABQ 20151207  2.86  2.71100.00 58.50 94.80 294.6
 ABQ 20151208  2.84  2.37 88.00 58.50 94.80 294.7
 ABQ 20151209  2.92  2.75 99.50 58.60 94.80 286.4
 ABQ 20151210  3.09  2.92 99.70 58.70 94.80 271.3
 ABQ 20151211  2.90  1.57 57.20 58.70 94.80 285.9
 ABQ 20151212  2.24  1.85 87.10 58.80 94.80 359.8
 ABQ 20151213  2.59  2.46 99.40 58.90 94.80 313.4
 ABQ 20151214  2.52  2.39 99.70 58.90 94.80 321.0
 ABQ 20151215  2.47  2.53 95.60 58.90 94.80 326.0
 ABQ 20151216  2.53  2.79 99.80 59.00 94.80 317.9
 ABQ 20151217  2.54  2.79 99.90 59.00 94.80 317.1
 ABQ 20151218  3.00  2.86100.00 59.00 94.80 273.6
 ABQ 20151219  3.36  3.12 97.90 59.00 94.80 247.6
 ABQ 20151220  3.00  2.84 99.50 59.00 94.80 273.0
 ABQ 20151221  2.83  2.69100.00 59.00 94.80 288.0
 ABQ 20151222  2.62  2.43 97.90 59.00 94.80 308.6
 ABQ 20151223  2.64  2.47 98.20 59.00 94.80 306.2
 ABQ 20151224  2.72  2.54 97.80 58.90 94.80 298.9
 ABQ 20151225  2.68  2.48 97.10 58.90 94.80 303.4
 ABQ 20151226  2.13  1.62 79.40 58.90 94.80 375.0
 ABQ 20151227  2.54  1.85 68.50 58.80 94.80 320.4
 ABQ 20151228  2.68  2.94100.00 58.80 94.80 306.2
 ABQ 20151229  2.32  2.34 94.60 58.70 94.80 350.3
 ABQ 20151230  2.73  2.98 99.70 58.60 94.80 304.0
 ABQ 20151231  2.78  2.65100.00 58.60 94.80 299.9
 ABQ 20160101  2.95  2.70 96.30 58.50 94.80 286.7
