 BDL 20150102  1.56  1.29 86.70 65.30 94.90 292.1
 BDL 20150103  1.50  0.91 63.80 65.20 94.90 305.2
 BDL 20150104  1.64  0.56 35.90 65.10 94.90 284.1
 BDL 20150105  1.17  1.36 98.70 65.00 94.90 394.4
 BDL 20150106  1.19  0.92 76.20 64.90 94.90 391.2
 BDL 20150107  1.10  1.15 96.40 64.80 94.90 430.0
 BDL 20150108  1.14  1.33 97.80 64.70 94.90 418.9
 BDL 20150109  1.24  1.28 84.50 64.50 94.90 389.6
 BDL 20150110  1.22  1.52100.00 64.40 94.90 402.7
 BDL 20150111  1.56  1.89100.00 64.20 94.90 318.9
 BDL 20150112  1.68  1.47 73.00 64.10 94.90 302.9
 BDL 20150113  1.56  1.98100.00 63.90 94.90 328.2
 BDL 20150114  1.56  1.84 97.40 63.80 94.90 333.1
 BDL 20150115  1.72  2.03 99.60 63.60 94.90 307.0
 BDL 20150116  1.40  1.39100.00 63.40 94.90 378.4
 BDL 20150117  1.64  1.75100.00 63.20 95.00 330.4
 BDL 20150118  1.79  1.54  3.80 63.00 95.00 308.4
 BDL 20150119  1.54  1.15 78.70 62.80 95.00 360.0
 BDL 20150120  1.54  1.46100.00 62.60 95.00 366.4
 BDL 20150121  1.60  1.01 66.70 62.40 95.00 358.8
 BDL 20150122  1.45  1.36 98.30 62.20 95.00 399.2
 BDL 20150123  1.50  1.42100.00 62.00 95.00 393.7
 BDL 20150124  1.62  0.26 16.70 61.80 95.00 370.2
 BDL 20150125  1.53  1.73100.00 61.50 95.00 398.9
 BDL 20150126  1.57  1.37 80.30 61.30 95.00 394.7
 BDL 20150127  1.56  0.86 44.20 61.00 95.00 403.9
 BDL 20150128  1.62  1.66 86.20 60.80 95.00 396.3
 BDL 20150129  1.75  2.10100.00 60.50 95.00 372.1
 BDL 20150130  1.88  1.13 49.50 60.30 95.00 353.0
 BDL 20150131  1.85  2.25100.00 60.00 95.00 364.6
 BDL 20150201  2.12  2.26 89.00 59.70 95.00 328.1
 BDL 20150202  2.04  0.49 19.20 59.50 95.00 345.9
 BDL 20150203  1.85  2.32100.00 59.20 95.00 385.4
 BDL 20150204  1.96  2.02 82.20 58.90 95.00 372.6
 BDL 20150205  1.93  1.96 80.10 58.60 95.00 385.2
 BDL 20150206  1.80  2.01 88.10 58.30 95.00 419.3
 BDL 20150207  2.06  1.75 66.90 58.00 95.00 375.8
 BDL 20150208  2.36  1.44 47.30 57.70 95.00 337.2
 BDL 20150209  2.47  1.85 58.30 57.40 95.00 330.5
 BDL 20150210  2.26  2.83 96.30 57.10 95.10 363.4
 BDL 20150211  2.49  3.12 96.70 56.80 95.10 338.9
 BDL 20150212  2.22  2.30 80.40 56.40 95.10 384.0
 BDL 20150213  2.05  2.66100.00 56.10 95.10 419.7
 BDL 20150214  2.19  2.44 85.90 55.80 95.10 402.3
 BDL 20150215  1.85  2.13 87.70 55.40 95.10 481.1
 BDL 20150216  2.24  2.84100.00 55.10 95.10 407.3
 BDL 20150217  2.33  2.47 83.40 54.80 95.10 400.6
 BDL 20150218  2.08  2.58 97.00 54.40 95.10 455.1
 BDL 20150219  1.90  1.96 80.30 54.10 95.10 506.8
 BDL 20150220  1.98  2.53 99.90 53.70 95.10 495.1
 BDL 20150221  2.63  3.17 94.20 53.40 95.10 386.1
 BDL 20150222  2.57  2.23 67.70 53.00 95.10 401.5
 BDL 20150223  2.42  3.12100.00 52.60 95.10 432.5
 BDL 20150224  2.72  3.40 97.00 52.30 95.10 394.6
 BDL 20150225  2.83  3.58 98.30 51.90 95.10 387.6
 BDL 20150226  3.30  3.34 79.00 51.50 95.10 343.4
 BDL 20150227  2.98  3.78 98.60 51.20 95.10 381.9
 BDL 20150228  3.01  3.85100.00 50.80 95.10 385.5
 BDL 20150301  2.81  2.91 80.60 50.40 95.20 416.2
 BDL 20150302  2.94  3.69 97.90 50.00 94.90 406.8
 BDL 20150303  3.55  4.48 98.50 49.60 94.90 350.0
 BDL 20150304  4.02  2.77 54.90 49.30 94.90 319.2
 BDL 20150305  3.85  3.72 75.80 48.90 94.90 336.3
 BDL 20150306  3.70  4.71100.00 48.50 94.90 354.5
 BDL 20150307  3.58  4.43100.00 48.10 94.90 370.6
 BDL 20150308  3.37  3.36 85.40 47.70 95.00 396.9
 BDL 20150309  3.72  3.95 92.20 47.30 95.00 370.1
 BDL 20150310  4.59  4.52 86.80 46.90 95.00 313.4
 BDL 20150311  4.33  3.91 95.00 46.50 95.00 333.9
 BDL 20150312  4.16  4.08100.00 46.10 95.00 350.9
 BDL 20150313  4.35  4.65 99.40 45.70 95.00 342.4
 BDL 20150314  4.56  1.00 23.10 45.30 95.00 334.0
 BDL 20150315  3.39  2.18 67.80 44.90 95.00 438.4
 BDL 20150316  3.74  3.55100.00 44.50 95.00 408.3
 BDL 20150317  4.09  3.37 86.80 44.10 95.00 382.6
 BDL 20150318  3.27  3.05 97.20 43.70 95.00 474.3
 BDL 20150319  3.87  4.25 98.60 43.30 95.00 413.5
 BDL 20150320  4.84  3.08 58.00 42.90 95.00 344.8
 BDL 20150321  4.38  2.73 65.50 42.50 95.00 380.5
 BDL 20150322  4.22  4.41100.00 42.10 95.00 398.4
 BDL 20150323  4.25  4.67100.00 41.70 95.00 401.6
 BDL 20150324  4.41  4.50 97.90 41.30 95.00 393.5
 BDL 20150325  4.85  4.61100.00 40.90 95.00 367.6
 BDL 20150326  5.06  0.81 16.80 40.50 95.00 358.2
 BDL 20150327  4.93  2.83 60.50 40.10 95.10 371.4
 BDL 20150328  4.38  2.58 56.90 39.70 95.10 415.5
 BDL 20150329  4.62  5.24100.00 39.30 95.10 401.7
 BDL 20150330  5.16  2.00 40.90 38.90 95.10 369.9
 BDL 20150331  5.02  4.77 99.80 38.50 95.10 382.3
 BDL 20150401  4.86  4.57 98.90 38.10 95.10 397.6
 BDL 20150402  5.63  4.82 90.20 37.70 95.10 355.0
 BDL 20150403  5.91  4.30 76.80 37.30 95.10 344.1
 BDL 20150404  4.95  3.95 83.90 36.90 95.10 404.4
 BDL 20150405  5.02  3.88 81.30 36.50 95.10 403.9
 BDL 20150406  5.45  3.39 65.50 36.10 95.10 380.1
 BDL 20150407  5.78  2.75 50.10 35.80 95.10 365.2
 BDL 20150408  5.84  4.97 89.50 35.40 95.10 365.5
 BDL 20150409  6.30  2.24 37.30 35.00 95.10 346.3
 BDL 20150410  7.00  3.03 45.60 34.60 95.10 319.8
 BDL 20150411  6.11  5.42 93.30 34.20 95.10 361.8
 BDL 20150412  5.97  5.68100.00 33.80 95.10 371.9
 BDL 20150413  6.31  5.98 99.70 33.50 95.10 358.1
 BDL 20150414  6.97  5.67 85.50 33.10 95.10 332.2
 BDL 20150415  6.21  5.88 99.60 32.70 95.10 369.2
 BDL 20150416  6.87  6.53100.00 32.40 95.10 341.9
 BDL 20150417  7.36  2.64 37.70 32.00 95.10 325.3
 BDL 20150418  7.31  6.95100.00 31.70 95.10 330.0
 BDL 20150419  7.46  7.09 99.90 31.30 95.10 326.9
 BDL 20150420  8.16  0.65  8.30 30.90 95.10 305.5
 BDL 20150421  6.61  4.89 77.90 30.60 95.20 366.9
 BDL 20150422  6.58  4.55 72.60 30.30 95.20 371.1
 BDL 20150423  5.88  4.32 77.30 29.90 95.20 410.6
 BDL 20150424  6.08  4.97 85.80 29.60 95.20 401.4
 BDL 20150425  6.28  5.97100.00 29.20 95.20 393.4
 BDL 20150426  6.39  5.60 92.00 28.90 95.20 390.1
 BDL 20150427  6.17  4.21 71.80 28.60 95.20 404.0
 BDL 20150428  6.61  3.50 55.60 28.30 95.20 383.6
 BDL 20150429  6.81  6.04 93.20 28.00 95.20 376.0
 BDL 20150430  6.85  5.14 78.90 27.60 95.20 376.5
 BDL 20150501  6.69  4.38 68.90 27.30 95.20 386.0
 BDL 20150502  6.99  6.64100.00 27.00 95.00 374.2
 BDL 20150503  7.43  6.15 87.20 26.70 95.00 357.1
 BDL 20150504  7.90  7.50100.00 26.40 95.00 341.2
 BDL 20150505  8.06  6.86 89.70 26.10 95.00 337.3
 BDL 20150506  7.52  6.97 97.60 25.90 95.00 358.7
 BDL 20150507  7.91  7.51100.00 25.60 95.00 346.1
 BDL 20150508  8.51  8.00 98.90 25.30 95.00 327.1
 BDL 20150509  9.37  8.63 97.00 25.00 95.00 303.5
 BDL 20150510  9.34  8.75 98.60 24.80 95.00 305.5
 BDL 20150511  9.03  8.46 98.70 24.50 95.00 315.4
 BDL 20150512  8.51  7.24 89.50 24.30 95.00 332.2
 BDL 20150513  7.16  5.85 86.00 24.00 95.00 385.0
 BDL 20150514  7.12  6.76100.00 23.80 95.00 388.1
 BDL 20150515  7.97  5.81 76.70 23.50 95.00 354.4
 BDL 20150516  8.11  3.35 43.50 23.30 95.00 350.4
 BDL 20150517  7.82  7.43100.00 23.10 95.00 362.3
 BDL 20150518  8.52  7.06 87.30 22.80 95.00 338.5
 BDL 20150519  8.71  1.99 24.20 22.60 95.00 333.6
 BDL 20150520  8.37  7.85 98.80 22.40 95.00 345.5
 BDL 20150521  8.55  8.06 99.30 22.20 95.00 340.4
 BDL 20150522  7.39  7.02100.00 22.00 95.00 385.4
 BDL 20150523  7.33  6.96100.00 21.80 95.00 389.0
 BDL 20150524  7.46  7.09100.00 21.60 95.00 384.1
 BDL 20150525  9.12  4.94 57.10 21.50 95.00 326.0
 BDL 20150526  8.90  7.99 94.50 21.30 95.00 333.3
 BDL 20150527  9.50  8.83 97.80 21.10 95.00 316.5
 BDL 20150528  9.10  7.87 91.00 21.00 95.00 328.8
 BDL 20150529  9.04  8.53 99.30 20.80 95.00 331.3
 BDL 20150530  9.24  8.78100.00 20.70 95.00 325.9
 BDL 20150531  9.16  3.96 45.50 20.50 95.00 328.9
 BDL 20150601  9.65  0.60  6.60 20.40 95.00 315.4
 BDL 20150602  9.62  3.37 37.10 20.30 95.00 316.7
 BDL 20150603  8.71  8.13 98.30 20.10 95.00 344.5
 BDL 20150604  8.91  8.46100.00 20.00 95.00 338.3
 BDL 20150605  8.83  6.84 81.50 19.90 95.00 341.2
 BDL 20150606  8.04  6.87 89.90 19.80 95.00 369.2
 BDL 20150607  8.81  8.37100.00 19.70 95.00 342.7
 BDL 20150608  9.24  4.29 48.80 19.60 95.00 329.7
 BDL 20150609  8.88  1.90 22.80 19.60 95.00 340.9
 BDL 20150610  8.69  8.25100.00 19.50 95.00 347.6
 BDL 20150611  9.31  8.67 98.00 19.40 95.00 328.3
 BDL 20150612 10.10  9.17 95.60 19.40 95.00 307.4
 BDL 20150613  9.52  8.91 98.50 19.30 95.00 322.4
 BDL 20150614  9.83  9.07 97.10 19.30 95.00 314.5
 BDL 20150615  9.37  0.32  3.60 19.20 95.00 327.1
 BDL 20150616 10.38  8.79 89.00 19.20 95.00 300.7
 BDL 20150617  9.89  8.92 94.90 19.20 95.00 313.1
 BDL 20150618 10.03  8.44 88.50 19.10 95.00 309.5
 BDL 20150619  8.94  8.47 99.80 19.10 95.00 340.1
 BDL 20150620  9.48  6.43 71.30 19.10 95.00 324.1
 BDL 20150621 10.06  2.20 23.10 19.10 95.00 308.7
 BDL 20150622  8.76  8.33100.00 19.10 95.00 345.8
 BDL 20150623  9.91  6.29 66.80 19.20 95.00 312.4
 BDL 20150624  8.46  8.04100.00 19.20 95.00 355.8
 BDL 20150625  9.09  8.53 98.80 19.20 95.00 335.1
 BDL 20150626  8.45  8.02 99.90 19.20 95.00 355.8
 BDL 20150627  9.42  4.50 50.30 19.30 95.00 324.9
 BDL 20150628  9.58  1.20 13.20 19.30 95.00 320.3
 BDL 20150629  8.87  7.35 87.30 19.40 95.00 341.0
 BDL 20150630  9.43  8.96100.00 19.50 95.00 324.0
 BDL 20150701  8.72  5.05 61.10 19.50 95.00 345.5
 BDL 20150702  8.70  8.22 99.40 19.60 95.00 345.7
 BDL 20150703  8.96  8.50 99.80 19.70 95.00 337.0
 BDL 20150704  9.97  1.53 16.10 19.80 95.00 308.4
 BDL 20150705  9.17  8.71100.00 19.90 95.00 330.0
 BDL 20150706  9.70  9.15 99.30 20.00 95.00 314.7
 BDL 20150707  9.63  7.57 82.70 20.10 95.00 315.8
 BDL 20150708  9.68  7.88 85.60 20.20 95.00 314.1
 BDL 20150709 10.21  2.67 27.50 20.30 95.00 299.9
 BDL 20150710  9.42  8.93 99.80 20.50 95.00 319.7
 BDL 20150711  8.84  8.40100.00 20.60 95.00 336.7
 BDL 20150712  9.55  9.07100.00 20.70 95.00 315.2
 BDL 20150713  9.44  8.95 99.80 20.90 95.00 317.6
 BDL 20150714  9.04  8.23 95.80 21.00 95.00 328.6
 BDL 20150715  9.30  8.57 97.00 21.20 95.00 319.9
 BDL 20150716  8.95  8.49 99.90 21.40 95.00 329.6
 BDL 20150717 10.05  9.47 99.10 21.60 95.00 298.7
 BDL 20150718  9.24  4.09 46.60 21.70 95.00 319.0
 BDL 20150719  9.78  9.08 97.80 21.90 95.00 303.9
 BDL 20150720  8.96  8.51100.00 22.10 95.00 325.8
 BDL 20150721  9.03  7.86 91.50 22.30 95.00 322.4
 BDL 20150722  8.84  8.39100.00 22.50 95.00 327.6
 BDL 20150723  8.41  7.99100.00 22.70 95.00 339.9
 BDL 20150724  7.92  7.53100.00 23.00 95.00 356.3
 BDL 20150725  9.16  8.21 94.40 23.20 95.00 315.1
 BDL 20150726  8.53  7.93 97.90 23.40 95.00 333.0
 BDL 20150727  8.60  8.03 98.40 23.60 95.00 329.7
 BDL 20150728  9.04  8.59100.00 23.90 95.00 315.2
 BDL 20150729  9.46  8.71 97.00 24.10 95.00 302.5
 BDL 20150730  9.53  8.73 96.50 24.40 95.00 299.5
 BDL 20150731  8.65  8.22100.00 24.60 95.00 323.1
 BDL 20150801  8.51  7.98 98.80 24.90 95.00 326.4
 BDL 20150802  8.32  7.91100.00 25.20 95.00 330.9
 BDL 20150803  8.61  8.18100.00 25.40 95.00 319.9
 BDL 20150804  7.66  7.28 99.90 25.70 95.00 350.9
 BDL 20150805  7.82  7.40 99.70 26.00 95.00 343.5
 BDL 20150806  8.54  8.10 99.90 26.30 95.00 317.6
 BDL 20150807  8.77  8.28 99.50 26.60 95.00 309.4
 BDL 20150808  8.88  7.77 92.20 26.90 95.00 304.3
 BDL 20150809  8.49  7.94 98.50 27.20 95.00 314.2
 BDL 20150810  8.95  8.46 99.50 27.50 95.00 298.9
 BDL 20150811  8.90  0.65  7.70 27.80 95.00 298.9
 BDL 20150812  8.08  7.67100.00 28.10 95.00 321.6
 BDL 20150813  7.89  7.49100.00 28.40 95.00 326.3
 BDL 20150814  8.21  7.80100.00 28.80 95.00 313.9
 BDL 20150815  8.36  7.94100.00 29.10 95.00 307.3
 BDL 20150816  8.58  8.15100.00 29.40 94.90 298.7
 BDL 20150817  8.50  7.85 97.30 29.70 94.90 299.1
 BDL 20150818  8.11  7.52 97.70 30.10 94.90 309.1
 BDL 20150819  8.18  7.68 98.90 30.40 94.90 304.5
 BDL 20150820  8.32  7.34 92.90 30.80 94.90 298.0
 BDL 20150821  8.55  4.87 60.20 31.10 94.90 289.5
 BDL 20150822  7.82  7.34 99.00 31.50 94.90 309.3
 BDL 20150823  7.90  3.83 51.30 31.80 94.90 304.2
 BDL 20150824  8.08  7.27 94.80 32.20 94.90 296.2
 BDL 20150825  8.02  7.56 99.30 32.60 94.90 295.5
 BDL 20150826  7.95  7.54100.00 32.90 94.90 295.4
 BDL 20150827  7.50  7.12100.00 33.30 94.90 307.3
 BDL 20150828  7.35  6.97100.00 33.70 94.90 310.1
 BDL 20150829  7.67  6.77 93.00 34.00 94.90 296.4
 BDL 20150830  7.33  6.70 96.30 34.40 94.90 305.2
 BDL 20150831  7.22  6.54 95.60 34.80 94.90 306.3
 BDL 20150901  7.26  6.89100.00 35.20 94.90 301.9
 BDL 20150902  7.17  6.82100.00 35.60 95.10 302.0
 BDL 20150903  7.10  6.56 97.10 35.90 95.10 301.5
 BDL 20150904  7.21  6.85 99.90 36.30 95.10 294.8
 BDL 20150905  7.10  6.75100.00 36.70 95.10 295.9
 BDL 20150906  6.97  6.63100.00 37.10 95.10 297.2
 BDL 20150907  7.03  6.69100.00 37.50 95.10 292.1
 BDL 20150908  7.46  7.06 99.50 37.90 95.10 275.2
 BDL 20150909  7.00  6.64 99.90 38.30 95.10 287.0
 BDL 20150910  6.75  2.15 33.50 38.70 95.10 292.6
 BDL 20150911  6.47  5.63 91.60 39.10 95.10 299.3
 BDL 20150912  6.44  5.76 94.00 39.50 95.10 297.1
 BDL 20150913  6.35  1.96 32.50 39.90 95.10 297.1
 BDL 20150914  5.67  3.53 65.60 40.30 95.10 322.8
 BDL 20150915  6.47  6.15100.00 40.70 95.00 285.9
 BDL 20150916  6.43  6.07 99.40 41.10 95.00 283.8
 BDL 20150917  6.23  5.92100.00 41.50 95.00 287.7
 BDL 20150918  6.17  5.87100.00 41.90 95.00 286.3
 BDL 20150919  6.28  5.97100.00 42.30 95.00 278.4
 BDL 20150920  5.94  5.65100.00 42.70 95.00 288.0
 BDL 20150921  5.68  5.19 96.10 43.10 95.00 295.0
 BDL 20150922  5.87  3.91 70.20 43.50 95.00 283.2
 BDL 20150923  5.68  5.39100.00 43.90 95.00 287.3
 BDL 20150924  6.10  5.76 99.50 44.30 95.00 266.9
 BDL 20150925  6.04  5.67 98.90 44.70 95.00 265.3
 BDL 20150926  5.38  4.98 97.40 45.10 95.00 288.2
 BDL 20150927  5.46  4.93 95.20 45.50 95.00 280.4
 BDL 20150928  5.53  4.62 87.90 45.90 95.00 273.6
 BDL 20150929  5.70  5.03 92.90 46.30 95.00 262.9
 BDL 20150930  5.52  0.68 13.10 46.70 95.00 266.3
 BDL 20151001  5.26  3.01 60.30 47.10 95.00 273.1
 BDL 20151002  5.69  2.12 39.20 47.50 95.00 252.1
 BDL 20151003  5.77  0.46  8.50 47.90 95.00 245.2
 BDL 20151004  5.37  3.64 71.60 48.30 94.90 256.4
 BDL 20151005  5.16  4.66 95.20 48.70 94.90 260.8
 BDL 20151006  4.85  4.60100.00 49.10 94.90 270.6
 BDL 20151007  4.68  4.44100.00 49.50 94.90 274.3
 BDL 20151008  4.30  4.08100.00 49.80 94.90 289.7
 BDL 20151009  4.19  1.30 32.80 50.20 94.90 291.4
 BDL 20151010  3.60  3.41100.00 50.60 94.90 327.2
 BDL 20151011  4.03  3.79 99.20 51.00 94.90 291.9
 BDL 20151012  4.27  4.05100.00 51.40 94.90 273.6
 BDL 20151013  4.17  3.82 96.60 51.70 94.90 274.7
 BDL 20151014  3.61  2.59 75.50 52.10 94.90 305.5
 BDL 20151015  3.46  3.28100.00 52.50 94.90 311.6
 BDL 20151016  3.07  2.91100.00 52.80 94.90 340.2
 BDL 20151017  2.91  2.76 99.80 53.20 94.90 350.2
 BDL 20151018  2.55  2.20 90.80 53.50 94.90 387.4
 BDL 20151019  3.30  3.13100.00 53.90 94.90 302.8
 BDL 20151020  3.45  2.77 84.80 54.20 94.80 286.5
 BDL 20151021  3.47  2.78 84.40 54.60 94.80 279.1
 BDL 20151022  3.48  2.71 82.20 54.90 94.80 274.0
 BDL 20151023  3.19  3.02100.00 55.30 94.80 290.5
 BDL 20151024  3.48  3.22 97.40 55.60 94.80 264.7
 BDL 20151025  3.30  1.19 38.10 55.90 94.80 272.9
 BDL 20151027  3.27  2.83 91.30 56.60 94.80 266.0
 BDL 20151027  3.27  2.83 91.30 56.60 94.80 266.0
 BDL 20151027  3.27  2.83 91.30 56.60 94.80 266.0
 BDL 20151029  3.08  2.69 92.20 57.20 94.80 270.6
 BDL 20151030  2.48  2.24 95.20 57.50 94.80 321.4
 BDL 20151031  2.79  2.54 96.20 57.90 94.80 285.3
 BDL 20151101  2.79  0.93 35.30 58.20 94.80 280.3
 BDL 20151102  2.82  2.20 82.20 58.50 95.00 272.8
 BDL 20151103  2.96  2.82100.00 58.70 95.00 256.6
 BDL 20151104  2.92  2.78100.00 59.00 95.00 255.4
 BDL 20151105  3.10  2.90 98.70 59.30 95.00 238.4
 BDL 20151106  3.32  1.18 37.60 59.60 95.00 221.0
 BDL 20151107  2.93  2.35 84.60 59.90 95.00 241.2
 BDL 20151108  2.36  2.24100.00 60.10 95.00 287.5
 BDL 20151109  2.34  2.22100.00 60.40 95.00 285.2
 BDL 20151110  2.67  2.08 82.00 60.70 95.00 250.0
 BDL 20151111  2.62  0.74 29.90 60.90 95.00 250.6
 BDL 20151112  2.59  0.88 35.90 61.20 95.00 249.3
 BDL 20151113  2.12  1.61 79.80 61.40 95.00 292.7
 BDL 20151114  1.97  1.86 99.80 61.60 95.00 308.9
 BDL 20151115  1.96  1.81 97.00 61.90 95.00 304.9
 BDL 20151116  1.94  1.84100.00 62.10 95.00 303.9
 BDL 20151117  2.03  1.93100.00 62.30 95.00 287.2
 BDL 20151118  2.27  2.15100.00 62.50 95.00 256.9
 BDL 20151119  2.28  0.40 18.30 62.70 95.00 251.7
 BDL 20151120  2.01  1.91100.00 62.90 95.00 277.5
 BDL 20151121  1.92  1.80 98.70 63.10 95.00 285.1
 BDL 20151122  1.87  1.63 91.60 63.30 94.90 288.3
 BDL 20151123  1.67  1.58100.00 63.50 94.90 316.3
 BDL 20151124  1.54  1.46100.00 63.70 94.90 336.9
 BDL 20151125  1.85  1.76100.00 63.80 94.90 279.7
 BDL 20151126  1.88  1.49 83.30 64.00 94.90 273.2
 BDL 20151127  1.97  1.80 96.50 64.20 94.90 258.6
 BDL 20151128  1.82  0.53 30.70 64.30 94.90 274.3
 BDL 20151129  1.75  1.66100.00 64.50 94.90 280.5
 BDL 20151130  1.78  1.69100.00 64.60 94.90 273.1
 BDL 20151201  1.94  0.84 45.60 64.70 94.90 249.9
 BDL 20151202  1.84  0.58 33.40 64.80 94.90 259.3
 BDL 20151203  1.53  1.07 73.70 65.00 94.90 305.3
 BDL 20151204  1.44  1.37100.00 65.10 94.90 318.6
 BDL 20151205  1.56  1.48100.00 65.20 94.90 294.7
 BDL 20151206  1.56  1.48100.00 65.30 94.90 292.3
 BDL 20151207  1.52  1.44 99.80 65.40 94.90 297.5
 BDL 20151208  1.49  1.30 91.70 65.50 94.90 301.0
 BDL 20151209  1.51  1.43100.00 65.50 94.90 296.2
 BDL 20151210  1.43  1.03 75.90 65.60 94.90 311.0
 BDL 20151211  1.41  0.80 60.00 65.70 94.90 313.6
 BDL 20151212  1.44  1.26 92.70 65.70 94.90 306.5
 BDL 20151213  1.59  1.32 87.50 65.80 94.90 277.5
 BDL 20151214  1.53  0.32 21.70 65.80 94.90 287.4
 BDL 20151215  1.56  1.41 95.10 65.90 94.90 280.7
 BDL 20151216  1.63  1.46 94.70 65.90 94.90 269.9
 BDL 20151217  1.72  0.30 18.40 65.90 94.90 256.2
 BDL 20151218  1.63  1.18 76.50 65.90 94.90 269.3
 BDL 20151219  1.23  1.16 98.70 65.90 94.90 349.3
 BDL 20151220  1.50  1.42100.00 65.90 94.90 291.1
 BDL 20151221  1.66  1.41 89.70 65.90 94.90 264.4
 BDL 20151222  1.60  0.35 23.30 65.90 94.90 274.6
 BDL 20151223  1.66  1.39 88.60 65.90 94.90 265.6
 BDL 20151224  1.82  0.57 33.00 65.90 94.90 244.7
 BDL 20151225  1.69  1.48 92.70 65.80 94.90 262.3
 BDL 20151226  1.62  1.53 99.60 65.80 94.90 273.3
 BDL 20151227  1.63  0.98 63.40 65.80 94.90 272.5
 BDL 20151228  1.55  1.41 96.10 65.70 94.90 287.5
 BDL 20151229  1.65  0.34 17.40 65.60 94.90 272.3
 BDL 20151230  1.68  0.71 44.90 65.60 94.90 269.5
 BDL 20151231  1.53  1.45100.00 65.50 94.90 294.6
 BDL 20160101  1.49  1.12 79.40 65.40 94.90 303.1
