 JAN 20150102  3.49  0.44 13.40 55.70 95.30 267.8
 JAN 20150103  3.42  1.50 46.00 55.60 95.30 273.2
 JAN 20150104  3.14  2.43 81.20 55.50 95.30 295.9
 JAN 20150105  3.09  2.86 97.10 55.40 95.30 301.6
 JAN 20150106  3.03  2.89100.00 55.20 95.30 309.0
 JAN 20150107  3.16  3.01100.00 55.10 95.30 299.1
 JAN 20150108  3.15  3.00100.00 55.00 95.30 301.8
 JAN 20150109  3.33  3.14 98.90 54.90 95.30 289.8
 JAN 20150110  3.20  3.05100.00 54.70 95.30 302.2
 JAN 20150111  3.21  1.14 37.60 54.60 95.30 304.3
 JAN 20150112  3.32  1.15 36.20 54.40 95.30 297.5
 JAN 20150113  3.16  1.80 59.90 54.30 95.30 313.5
 JAN 20150114  3.27  2.99 96.10 54.10 95.30 307.3
 JAN 20150115  3.40  2.40 74.30 53.90 95.30 299.7
 JAN 20150116  3.38  3.23100.00 53.70 95.30 303.3
 JAN 20150117  3.44  3.28100.00 53.50 95.30 301.7
 JAN 20150118  3.47  3.31100.00 53.40 95.30 302.1
 JAN 20150119  3.71  3.54100.00 53.20 95.30 288.4
 JAN 20150120  3.66  3.49100.00 53.00 95.30 294.9
 JAN 20150121  3.79  3.61100.00 52.80 95.30 289.3
 JAN 20150122  3.86  2.52 68.50 52.50 95.30 287.8
 JAN 20150123  3.88  2.72  9.60 52.30 95.30 289.0
 JAN 20150124  3.53  3.37100.00 52.10 95.30 316.7
 JAN 20150125  3.34  3.19100.00 51.80 95.30 336.0
 JAN 20150126  3.66  3.49100.00 51.60 95.30 313.7
 JAN 20150127  3.97  3.78100.00 51.40 95.30 296.1
 JAN 20150128  4.02  3.83100.00 51.10 95.30 296.0
 JAN 20150129  4.00  3.55 93.30 50.90 95.40 300.4
 JAN 20150130  4.11  3.92100.00 50.60 95.40 296.7
 JAN 20150131  4.16  3.50 88.10 50.30 95.40 297.0
 JAN 20150201  4.46  1.17 27.60 50.10 95.40 283.0
 JAN 20150202  4.31  4.11100.00 49.80 95.40 294.9
 JAN 20150203  4.31  3.20 77.80 49.50 95.40 298.5
 JAN 20150204  4.23  2.95 73.20 49.20 95.40 307.1
 JAN 20150205  3.88  3.35 90.70 48.90 95.40 335.0
 JAN 20150206  4.12  3.93100.00 48.60 95.40 322.0
 JAN 20150207  4.43  4.22100.00 48.30 95.40 306.6
 JAN 20150208  5.17  2.37 48.10 48.00 95.40 272.7
 JAN 20150209  5.09  4.04 83.50 47.70 95.40 279.3
 JAN 20150210  5.44  5.19100.00 47.40 95.40 267.5
 JAN 20150211  5.64  5.38100.00 47.10 95.40 262.7
 JAN 20150212  5.09  4.85100.00 46.80 95.40 290.2
 JAN 20150213  4.60  4.38 99.80 46.40 95.40 319.5
 JAN 20150214  4.80  4.58100.00 46.10 95.40 312.1
 JAN 20150215  5.38  5.01 97.70 45.80 95.40 287.1
 JAN 20150216  6.06  1.68 29.00 45.40 95.40 262.9
 JAN 20150217  5.13  4.62 94.20 45.10 95.40 306.1
 JAN 20150218  4.13  3.94100.00 44.80 95.40 373.1
 JAN 20150219  4.37  4.17100.00 44.40 95.40 359.2
 JAN 20150220  4.65  1.53 34.50 44.00 95.40 345.2
 JAN 20150221  5.18  0.44  8.90 43.70 95.40 318.7
 JAN 20150222  5.62  1.37 25.60 43.30 95.40 301.0
 JAN 20150223  5.85  3.79 68.00 43.00 95.50 294.9
 JAN 20150224  5.29  4.52 89.60 42.60 95.50 325.0
 JAN 20150225  4.80  0.57 12.30 42.20 95.50 356.8
 JAN 20150226  5.15  2.68 54.50 41.90 95.50 340.1
 JAN 20150227  5.50  4.64 88.40 41.50 95.50 325.9
 JAN 20150228  5.77  5.40 98.00 41.10 95.50 316.3
 JAN 20150301  6.22  0.71 11.90 40.70 95.50 300.3
 JAN 20150302  7.10  1.33 19.60 40.40 95.30 272.5
 JAN 20150303  7.56  2.04 28.30 40.00 95.30 261.5
 JAN 20150304  7.84  5.27 70.50 39.60 95.30 256.6
 JAN 20150305  8.03  1.32 17.30 39.20 95.40 254.5
 JAN 20150306  7.33  7.11100.00 38.80 95.40 277.7
 JAN 20150307  6.54  6.24100.00 38.40 95.40 308.4
 JAN 20150308  6.76  4.59 71.40 38.00 95.40 303.2
 JAN 20150309  7.10  1.85 27.50 37.60 95.40 294.3
 JAN 20150310  7.61  4.96 68.20 37.20 95.40 280.8
 JAN 20150311  7.48  1.53 21.40 36.80 95.40 288.0
 JAN 20150312  7.63  5.40 74.20 36.40 95.40 286.3
 JAN 20150313  7.47  0.29  4.10 36.00 95.40 294.2
 JAN 20150314  7.80  4.55 61.20 35.60 95.40 286.8
 JAN 20150315  7.54  5.94 82.70 35.20 95.40 297.8
 JAN 20150316  7.29  6.95100.00 34.80 95.40 309.6
 JAN 20150317  7.76  7.14 96.50 34.40 95.40 296.6
 JAN 20150318  7.33  6.74 96.30 34.00 95.40 313.8
 JAN 20150319  8.07  5.27 68.40 33.60 95.40 292.5
 JAN 20150320  8.85  5.73 67.80 33.20 95.40 273.7
 JAN 20150321  9.04  6.24 72.30 32.80 95.40 271.5
 JAN 20150322  8.43  0.50  6.30 32.40 95.40 290.2
 JAN 20150323  8.29  3.17 40.20 32.00 95.40 296.6
 JAN 20150324  8.79  8.39100.00 31.60 95.40 285.1
 JAN 20150325  8.77  8.09 96.70 31.20 95.40 288.3
 JAN 20150326  8.56  6.77 82.90 30.80 95.40 296.5
 JAN 20150327  6.21  5.93100.00 30.40 95.40 390.8
 JAN 20150328  6.61  5.75 91.00 30.00 95.40 373.5
 JAN 20150329  8.08  7.71100.00 29.60 95.40 318.4
 JAN 20150330  8.95  4.68 54.80 29.20 95.40 295.0
 JAN 20150331  8.77  6.78 80.80 28.80 95.40 302.2
 JAN 20150401  8.84  7.31 86.70 28.40 95.50 302.5
 JAN 20150402  8.26  5.63 71.50 28.00 95.50 321.9
 JAN 20150403  9.23  3.47 39.40 27.60 95.50 296.1
 JAN 20150404  8.69  8.30100.00 27.20 95.50 313.3
 JAN 20150405  9.23  8.82100.00 26.80 95.50 299.8
 JAN 20150406 10.02  4.84 50.80 26.40 95.50 282.4
 JAN 20150407 10.05  3.83 39.80 26.10 95.50 283.6
 JAN 20150408  9.78  9.30 99.60 25.70 95.50 292.1
 JAN 20150409  9.89  6.86 72.70 25.30 95.50 291.3
 JAN 20150410 10.05  5.25 54.70 24.90 95.50 289.3
 JAN 20150411  9.66  9.16 99.40 24.50 95.50 300.2
 JAN 20150412  9.97  7.98 83.90 24.10 95.50 294.4
 JAN 20150413  9.94  4.06 42.70 23.80 95.50 296.5
 JAN 20150414  9.93  6.40 67.50 23.40 95.50 298.2
 JAN 20150415  9.94  6.11 64.10 23.00 95.50 299.5
 JAN 20150416 10.87  7.67 74.00 22.70 95.50 279.8
 JAN 20150417 11.39 10.61 97.50 22.30 95.50 270.7
 JAN 20150418 10.88  3.12 30.00 21.90 95.50 282.4
 JAN 20150419  9.33  3.20 35.90 21.60 95.50 321.7
 JAN 20150420  9.14  3.71 42.60 21.20 95.50 329.2
 JAN 20150421  9.40  8.98100.00 20.90 95.50 322.9
 JAN 20150422 10.03  9.58100.00 20.50 95.50 307.7
 JAN 20150423 10.30  7.51 76.40 20.20 95.50 302.3
 JAN 20150424 10.73  4.35 42.50 19.90 95.50 293.7
 JAN 20150425 10.48  6.81 68.00 19.50 95.50 300.3
 JAN 20150426 10.21  9.75100.00 19.20 95.50 308.1
 JAN 20150427 10.90  8.29 79.70 18.90 95.50 293.1
 JAN 20150428 10.10  5.46 56.40 18.60 95.50 312.8
 JAN 20150429  8.59  7.10 86.60 18.20 95.50 358.5
 JAN 20150430  9.46  9.03100.00 17.90 95.50 332.4
 JAN 20150501  9.78  9.34100.00 17.60 95.50 324.3
 JAN 20150502  9.53  9.09100.00 17.30 95.40 332.4
 JAN 20150503  9.43  8.99100.00 17.00 95.40 336.3
 JAN 20150504  9.17  8.63 98.70 16.70 95.40 344.9
 JAN 20150505  9.70  9.25100.00 16.40 95.40 330.6
 JAN 20150506  9.95  9.45 99.50 16.10 95.40 324.4
 JAN 20150507 10.14  9.61 99.30 15.90 95.40 320.2
 JAN 20150508 10.66  9.85 96.80 15.60 95.40 308.4
 JAN 20150509 10.47  8.24 82.40 15.30 95.40 313.7
 JAN 20150510 10.94 10.36 99.20 15.00 95.40 303.4
 JAN 20150511 11.14  9.40 88.50 14.80 95.40 299.4
 JAN 20150512 11.43  8.03 73.80 14.50 95.40 293.9
 JAN 20150513 10.89 10.39 99.90 14.30 95.40 306.2
 JAN 20150514 10.88  6.87 66.20 14.00 95.40 307.0
 JAN 20150515 10.17  9.66 99.50 13.80 95.40 324.8
 JAN 20150516 10.62  7.40 73.00 13.60 95.40 314.0
 JAN 20150517 10.14  9.59 99.20 13.30 95.40 326.7
 JAN 20150518 10.69  3.72 36.40 13.10 95.40 313.3
 JAN 20150519 10.57  9.87 97.80 12.90 95.40 316.5
 JAN 20150520 11.06 10.17 96.40 12.70 95.40 305.5
 JAN 20150521 10.63  8.03 79.30 12.50 95.40 316.1
 JAN 20150522 11.06 10.29 97.50 12.30 95.40 306.3
 JAN 20150523 10.83 10.33100.00 12.10 95.40 312.1
 JAN 20150524 11.14  8.23 77.40 11.90 95.40 305.1
 JAN 20150525 10.59  7.82 77.40 11.70 95.40 318.4
 JAN 20150526 10.53  5.79 57.60 11.60 95.40 320.0
 JAN 20150527 10.34  9.83 99.60 11.40 95.40 325.5
 JAN 20150528 10.40  9.82 99.00 11.20 95.40 324.2
 JAN 20150529 10.56 10.07100.00 11.10 95.40 320.5
 JAN 20150530 10.49  9.99 99.80 10.90 95.40 322.5
 JAN 20150531 10.60  8.24 81.50 10.80 95.40 320.1
 JAN 20150601  9.45  8.44 93.50 10.70 95.40 352.1
 JAN 20150602  9.59  9.15100.00 10.50 95.40 348.2
 JAN 20150603 10.49 10.01100.00 10.40 95.40 323.5
 JAN 20150604 10.42  9.95100.00 10.30 95.40 325.5
 JAN 20150605 10.47 10.00100.00 10.20 95.40 324.3
 JAN 20150606 10.85 10.35100.00 10.10 95.40 315.3
 JAN 20150607 11.36 10.84100.00 10.00 95.40 303.6
 JAN 20150608 11.15 10.55 99.10  9.90 95.40 308.5
 JAN 20150609 10.19  9.63 99.00  9.80 95.40 332.3
 JAN 20150610 10.13  9.66 99.90  9.70 95.40 334.0
 JAN 20150611 10.40  9.92100.00  9.70 95.40 327.0
 JAN 20150612 11.02 10.09 95.90  9.60 95.40 311.8
 JAN 20150613 11.32 10.32 95.60  9.60 95.40 305.0
 JAN 20150614 11.70 11.14 99.70  9.50 95.40 296.8
 JAN 20150615 11.99 11.43 99.90  9.50 95.40 291.1
 JAN 20150616 12.19 11.63 99.90  9.40 95.40 287.1
 JAN 20150617 11.95 11.41100.00  9.40 95.40 291.8
 JAN 20150618 12.05 11.50100.00  9.40 95.40 289.8
 JAN 20150619 12.16  9.42 81.20  9.40 95.40 287.8
 JAN 20150620 11.72 11.18100.00  9.40 95.40 296.4
 JAN 20150621 11.89  8.98 79.10  9.40 95.40 292.9
 JAN 20150622 12.07 11.47 99.60  9.40 95.40 289.4
 JAN 20150623 11.53 10.87 98.80  9.40 95.40 300.1
 JAN 20150624 11.44 10.91100.00  9.40 95.40 302.1
 JAN 20150625 11.27 10.76100.00  9.50 95.40 305.8
 JAN 20150626 11.15 10.64100.00  9.50 95.40 308.6
 JAN 20150627 11.25  8.86 82.50  9.50 95.40 306.1
 JAN 20150628 10.60 10.11100.00  9.60 95.40 321.3
 JAN 20150629 10.52 10.04100.00  9.60 95.40 323.0
 JAN 20150630 10.91 10.32 99.10  9.70 95.40 313.7
 JAN 20150701 11.30 10.71 99.30  9.80 95.40 304.5
 JAN 20150702 11.06 10.49 99.30  9.90 95.40 309.8
 JAN 20150703 11.24  9.52 88.80  9.90 95.40 305.6
 JAN 20150704 11.38  3.12 28.60 10.00 95.40 302.1
 JAN 20150705 10.99  9.90 94.40 10.10 95.40 310.9
 JAN 20150706 10.23  9.73 99.70 10.20 95.40 329.6
 JAN 20150707 11.62 11.00 99.20 10.30 95.40 296.6
 JAN 20150708 11.59 10.82 97.90 10.50 95.40 296.9
 JAN 20150709 11.29 10.77100.00 10.60 95.40 303.0
 JAN 20150710 10.80 10.31100.00 10.70 95.40 314.0
 JAN 20150711 11.19 10.55 98.80 10.90 95.40 304.6
 JAN 20150712 11.60 10.77 97.30 11.00 95.40 295.4
 JAN 20150713 11.62 10.72 96.70 11.10 95.40 294.8
 JAN 20150714 11.42 10.90100.00 11.30 95.40 298.4
 JAN 20150715 11.57 11.00 99.60 11.50 95.40 295.0
 JAN 20150716 11.24 10.73100.00 11.60 95.40 301.5
 JAN 20150717 11.56 11.03100.00 11.80 95.40 294.6
 JAN 20150718 11.72 11.18 99.90 12.00 95.40 290.8
 JAN 20150719 11.59 11.06100.00 12.20 95.40 293.0
 JAN 20150720 11.32 10.10 93.50 12.40 95.40 298.1
 JAN 20150721 11.03  8.20 77.90 12.60 95.40 304.1
 JAN 20150722 10.94 10.44100.00 12.80 95.40 305.9
 JAN 20150723 11.31 10.67 98.90 13.00 95.40 297.0
 JAN 20150724 11.14 10.63100.00 13.20 95.40 300.2
 JAN 20150725 11.29 10.77100.00 13.40 95.40 296.7
 JAN 20150726 11.34 10.82100.00 13.70 95.40 295.1
 JAN 20150727 11.20 10.62 99.30 13.90 95.40 297.3
 JAN 20150728 11.48 10.26 93.70 14.20 95.40 291.1
 JAN 20150729 11.27 10.75100.00 14.40 95.40 295.0
 JAN 20150730 11.16 10.65100.00 14.70 95.40 296.7
 JAN 20150731 10.72 10.23100.00 14.90 95.40 306.1
 JAN 20150801 10.66 10.17100.00 15.20 95.40 306.7
 JAN 20150802 10.73  9.95 97.20 15.40 95.40 304.3
 JAN 20150803 10.80 10.30100.00 15.70 95.40 301.7
 JAN 20150804 10.92 10.42100.00 16.00 95.40 298.0
 JAN 20150805 11.00 10.50100.00 16.30 95.40 295.5
 JAN 20150806 11.27 10.31 95.90 16.60 95.40 288.9
 JAN 20150807 11.33 10.73 99.30 16.90 95.40 286.8
 JAN 20150808 11.39 10.86100.00 17.20 95.40 284.6
 JAN 20150809 11.05 10.54100.00 17.50 95.40 290.9
 JAN 20150810 11.02 10.51100.00 17.80 95.40 290.7
 JAN 20150811 10.96 10.46100.00 18.10 95.40 291.0
 JAN 20150812 10.71  9.42 92.20 18.40 95.40 295.4
 JAN 20150813 10.43  9.95100.00 18.70 95.40 300.6
 JAN 20150814 10.49 10.01100.00 19.00 95.40 298.2
 JAN 20150815 10.31  8.27 84.10 19.40 95.40 301.4
 JAN 20150816 10.61  9.00 88.90 19.70 95.40 293.7
 JAN 20150817 10.74 10.20 99.60 20.00 95.40 289.6
 JAN 20150818 10.25  9.70 99.20 20.40 95.40 299.2
 JAN 20150819 10.94 10.34 99.20 20.70 95.40 282.5
 JAN 20150820 10.77  7.84 76.10 21.10 95.40 284.9
 JAN 20150821 10.80  9.73 94.30 21.40 95.40 282.6
 JAN 20150822 10.66  8.07 79.30 21.80 95.40 284.4
 JAN 20150823 10.07  9.61100.00 22.10 95.40 296.4
 JAN 20150824 10.30  9.10 92.60 22.50 95.40 289.7
 JAN 20150825  9.75  9.30100.00 22.90 95.40 301.2
 JAN 20150826  9.44  9.00100.00 23.20 95.40 307.9
 JAN 20150827  9.25  8.82100.00 23.60 95.40 311.4
 JAN 20150828  9.58  9.14100.00 24.00 95.40 300.7
 JAN 20150829  9.48  8.93 98.90 24.30 95.40 301.8
 JAN 20150830  9.45  9.00 99.90 24.70 95.40 300.9
 JAN 20150831  9.67  9.22100.00 25.10 95.40 293.7
 JAN 20150901  9.72  9.25 99.80 25.50 95.40 290.5
 JAN 20150902  9.91  6.92 73.10 25.90 95.50 283.9
 JAN 20150903  9.54  9.11100.00 26.20 95.50 291.1
 JAN 20150904  9.60  9.17100.00 26.60 95.50 287.7
 JAN 20150905  9.33  8.87 99.60 27.00 95.50 292.5
 JAN 20150906  9.17  8.75100.00 27.40 95.50 294.6
 JAN 20150907  9.13  8.71100.00 27.80 95.50 293.7
 JAN 20150908  8.77  8.37100.00 28.20 95.50 301.2
 JAN 20150909  8.94  7.96 93.30 28.60 95.40 294.5
 JAN 20150910  8.58  8.17 99.80 29.00 95.40 302.2
 JAN 20150911  8.58  8.19100.00 29.40 95.40 299.8
 JAN 20150912  7.76  7.41100.00 29.80 95.40 323.4
 JAN 20150913  8.17  7.72 99.10 30.20 95.40 307.8
 JAN 20150914  8.47  8.08100.00 30.60 95.40 296.1
 JAN 20150915  8.62  8.15 99.10 31.00 95.40 289.4
 JAN 20150916  9.03  8.62100.00 31.40 95.40 276.1
 JAN 20150917  9.37  8.94100.00 31.80 95.40 265.6
 JAN 20150918  9.05  8.64100.00 32.20 95.40 270.9
 JAN 20150919  8.71  8.29 99.70 32.60 95.40 276.9
 JAN 20150920  8.43  8.04100.00 33.00 95.40 281.9
 JAN 20150921  7.50  7.13 99.60 33.40 95.40 307.9
 JAN 20150922  8.04  7.67100.00 33.80 95.40 288.0
 JAN 20150923  8.31  7.93100.00 34.20 95.40 277.4
 JAN 20150924  8.01  7.64100.00 34.60 95.40 283.5
 JAN 20150925  7.70  7.34100.00 35.00 95.40 290.2
 JAN 20150926  7.90  7.47 99.10 35.40 95.40 280.8
 JAN 20150927  8.10  6.98 90.30 35.80 95.40 272.8
 JAN 20150928  8.33  7.31 92.10 36.20 95.40 263.8
 JAN 20150929  8.06  5.39 70.20 36.60 95.40 268.5
 JAN 20150930  7.38  2.16 30.70 37.00 95.40 285.4
 JAN 20151001  6.53  6.21 99.80 37.40 95.40 312.7
 JAN 20151002  6.36  4.97 82.00 37.80 95.40 316.1
 JAN 20151003  6.93  2.48 37.60 38.20 95.40 291.5
 JAN 20151004  7.13  5.91 87.10 38.60 95.40 281.4
 JAN 20151005  7.51  7.16100.00 39.00 95.40 266.8
 JAN 20151006  7.41  7.07100.00 39.40 95.30 266.7
 JAN 20151007  7.35  7.01100.00 39.80 95.30 265.5
 JAN 20151008  6.98  6.09 91.40 40.20 95.30 274.0
 JAN 20151009  6.54  5.30 85.10 40.50 95.30 285.9
 JAN 20151010  5.87  4.31 77.10 40.90 95.30 309.3
 JAN 20151011  5.93  5.65100.00 41.30 95.30 303.3
 JAN 20151012  5.83  5.56100.00 41.70 95.30 304.0
 JAN 20151013  5.72  5.45100.00 42.00 95.30 305.3
 JAN 20151014  5.92  5.64100.00 42.40 95.30 293.3
 JAN 20151015  5.96  5.68100.00 42.80 95.30 288.1
 JAN 20151016  5.85  5.57 99.90 43.20 95.30 289.4
 JAN 20151017  5.80  5.52 99.80 43.50 95.30 287.7
 JAN 20151018  5.59  5.33100.00 43.90 95.30 293.3
 JAN 20151019  5.65  5.38100.00 44.20 95.30 287.3
 JAN 20151020  5.62  5.36100.00 44.60 95.30 284.7
 JAN 20151021  5.70  5.43100.00 44.90 95.30 277.9
 JAN 20151022  5.64  5.31 98.80 45.30 95.30 277.1
 JAN 20151023  5.96  4.90 86.30 45.60 95.30 261.4
 JAN 20151024  5.95  4.60 81.30 45.90 95.30 258.9
 JAN 20151025  6.05  0.77 13.50 46.30 95.30 252.4
 JAN 20151027  5.64  1.08 20.20 46.90 95.30 260.7
 JAN 20151027  5.64  1.08 20.20 46.90 95.30 260.7
 JAN 20151027  5.64  1.08 20.20 46.90 95.30 260.7
 JAN 20151029  5.00  4.75 99.80 47.60 95.20 281.8
 JAN 20151030  5.10  4.86100.00 47.90 95.20 273.9
 JAN 20151031  5.36  0.79 15.50 48.20 95.20 259.5
 JAN 20151101  5.26  1.70 33.80 48.50 95.20 260.2
 JAN 20151102  4.89  3.46 74.50 48.80 95.40 273.9
 JAN 20151103  5.27  4.86 96.60 49.10 95.40 254.1
 JAN 20151104  5.41  2.08 40.20 49.40 95.40 245.5
 JAN 20151105  5.32  4.24 83.60 49.70 95.40 246.1
 JAN 20151106  5.20  1.70 34.10 49.90 95.40 247.7
 JAN 20151107  4.84  0.39  8.40 50.20 95.40 260.1
 JAN 20151108  4.66  4.45100.00 50.50 95.40 265.5
 JAN 20151109  4.60  1.59 36.10 50.70 95.40 265.5
 JAN 20151110  4.99  4.76100.00 51.00 95.30 245.4
 JAN 20151111  5.41  5.16100.00 51.20 95.30 227.1
 JAN 20151112  5.11  4.87 99.90 51.50 95.30 235.7
 JAN 20151113  4.99  4.71 99.00 51.70 95.30 237.6
 JAN 20151114  4.51  4.21 97.80 52.00 95.30 256.0
 JAN 20151115  4.35  3.92 94.50 52.20 95.30 261.3
 JAN 20151116  4.41  4.16 98.70 52.40 95.30 255.7
 JAN 20151117  4.66  0.72 16.20 52.60 95.30 241.8
 JAN 20151118  4.37  1.94 46.70 52.90 95.30 252.8
 JAN 20151119  4.17  3.97100.00 53.10 95.30 260.2
 JAN 20151120  4.17  3.92 98.70 53.30 95.30 257.9
 JAN 20151121  4.09  3.71 95.30 53.50 95.30 259.4
 JAN 20151122  3.53  3.36100.00 53.60 95.30 292.1
 JAN 20151123  3.78  3.60100.00 53.80 95.30 272.8
 JAN 20151124  3.69  3.35 95.20 54.00 95.30 276.0
 JAN 20151125  3.73  2.41 67.90 54.20 95.30 271.1
 JAN 20151126  4.16  2.74 69.20 54.30 95.30 245.1
 JAN 20151127  4.22  3.88 96.40 54.50 95.30 239.8
 JAN 20151128  4.32  3.75 91.00 54.70 95.30 234.0
 JAN 20151129  4.33  0.45 10.90 54.80 95.30 231.6
 JAN 20151130  4.25  1.08 26.60 54.90 95.30 233.9
 JAN 20151201  3.77  1.30 36.30 55.10 95.30 257.1
 JAN 20151202  3.40  2.89 89.50 55.20 95.30 278.8
 JAN 20151203  3.24  3.09100.00 55.30 95.30 289.1
 JAN 20151204  3.44  3.28100.00 55.40 95.30 273.3
 JAN 20151205  3.53  3.37100.00 55.50 95.30 265.5
 JAN 20151206  3.59  2.24 65.00 55.60 95.30 260.3
 JAN 20151207  3.51  3.34100.00 55.70 95.30 264.6
 JAN 20151208  3.30  3.14100.00 55.80 95.30 277.8
 JAN 20151209  3.05  0.55 18.70 55.90 95.30 296.4
 JAN 20151210  3.11  2.58 87.00 55.90 95.30 290.5
 JAN 20151211  3.29  1.04 32.90 56.00 95.30 276.0
 JAN 20151212  3.46  1.88 56.80 56.10 95.30 263.5
 JAN 20151213  3.65  1.07 30.50 56.10 95.30 251.3
 JAN 20151214  3.57  3.41100.00 56.20 95.30 255.1
 JAN 20151215  3.68  3.50100.00 56.20 95.30 248.7
 JAN 20151216  3.72  3.34 94.10 56.20 95.30 245.6
 JAN 20151217  3.54  3.33 98.80 56.20 95.30 256.2
 JAN 20151218  3.19  3.04100.00 56.30 95.30 279.8
 JAN 20151219  3.26  3.11100.00 56.30 95.30 274.5
 JAN 20151220  3.42  3.19 97.90 56.30 95.30 263.2
 JAN 20151221  3.61  1.44 41.70 56.30 95.30 251.8
 JAN 20151222  3.33  1.64 51.60 56.20 95.30 269.9
 JAN 20151223  3.25  0.91 29.20 56.20 95.30 275.8
 JAN 20151224  3.27  2.89 92.90 56.20 95.30 274.7
 JAN 20151225  3.27  1.89 60.80 56.20 95.30 275.1
 JAN 20151226  3.44  0.70 21.50 56.10 95.30 264.4
 JAN 20151227  3.52  1.17 34.80 56.10 95.30 259.8
 JAN 20151228  3.54  2.26 67.10 56.00 95.30 259.0
 JAN 20151229  3.74  3.23 90.60 56.00 95.30 248.2
 JAN 20151230  3.62  2.74 80.20 55.90 95.30 256.1
 JAN 20151231  3.79  2.50 70.20 55.80 95.30 247.4
 JAN 20160101  3.51  1.60 47.90 55.80 95.30 265.0
