 PHX 20150102  2.87  2.71100.00 57.10 94.60 306.2
 PHX 20150103  3.05  2.88100.00 57.00 94.60 291.6
 PHX 20150104  3.18  3.01100.00 56.90 94.60 282.4
 PHX 20150105  2.89  2.73100.00 56.80 94.60 309.5
 PHX 20150106  3.01  2.85100.00 56.70 94.60 299.7
 PHX 20150107  3.03  2.86 99.80 56.60 94.60 300.0
 PHX 20150108  3.13  2.96 99.80 56.40 94.60 293.6
 PHX 20150109  3.44  3.25100.00 56.30 94.60 272.9
 PHX 20150110  3.40  3.11 96.80 56.20 94.60 277.3
 PHX 20150111  3.23  2.96 96.90 56.00 94.60 292.2
 PHX 20150112  3.00  2.76 97.40 55.90 94.60 314.3
 PHX 20150113  3.13  2.84 95.80 55.70 94.60 305.2
 PHX 20150114  3.40  3.21100.00 55.50 94.60 286.8
 PHX 20150115  3.37  3.19100.00 55.40 94.60 291.5
 PHX 20150116  3.73  3.53100.00 55.20 94.60 269.2
 PHX 20150117  3.85  3.64100.00 55.00 94.60 264.5
 PHX 20150118  4.00  3.78100.00 54.80 94.60 258.6
 PHX 20150119  3.99  3.77100.00 54.60 94.60 261.9
 PHX 20150120  3.61  3.41100.00 54.40 94.60 288.6
 PHX 20150121  3.12  2.96100.00 54.20 94.60 330.7
 PHX 20150122  3.16  2.99100.00 54.00 94.60 331.2
 PHX 20150123  3.35  2.87 90.40 53.80 94.60 318.0
 PHX 20150124  3.37  3.18100.00 53.60 94.60 320.3
 PHX 20150125  3.64  3.44100.00 53.30 94.60 303.0
 PHX 20150126  3.81  2.82 78.20 53.10 94.60 294.4
 PHX 20150127  4.17  2.59 65.70 52.80 94.60 275.7
 PHX 20150128  4.23  4.00 99.90 52.60 94.60 275.9
 PHX 20150129  4.25  2.54 63.10 52.30 94.70 277.8
 PHX 20150130  4.16  0.62 12.30 52.10 94.70 286.4
 PHX 20150131  4.04  3.06 80.10 51.80 94.70 297.4
 PHX 20150201  4.18  3.96100.00 51.60 94.70 292.1
 PHX 20150202  4.26  4.03100.00 51.30 94.70 291.3
 PHX 20150203  4.20  3.98100.00 51.00 94.70 297.8
 PHX 20150204  3.90  3.69100.00 50.70 94.70 321.6
 PHX 20150205  3.98  3.77100.00 50.40 94.70 319.7
 PHX 20150206  4.79  4.53100.00 50.10 94.70 276.6
 PHX 20150207  5.12  4.85100.00 49.80 94.70 264.5
 PHX 20150208  5.41  5.12100.00 49.50 94.70 256.2
 PHX 20150209  5.54  5.25100.00 49.20 94.70 254.3
 PHX 20150210  5.60  5.30100.00 48.90 94.70 255.6
 PHX 20150211  4.59  4.35100.00 48.60 94.70 306.1
 PHX 20150212  5.00  4.74100.00 48.30 94.70 288.3
 PHX 20150213  5.20  4.93100.00 48.00 94.70 282.4
 PHX 20150214  5.38  5.10100.00 47.60 94.70 278.1
 PHX 20150215  5.59  4.63 87.50 47.30 94.70 272.9
 PHX 20150216  5.09  4.82100.00 47.00 94.70 299.1
 PHX 20150217  5.06  4.80100.00 46.60 94.70 304.3
 PHX 20150218  5.46  5.18100.00 46.30 94.70 289.2
 PHX 20150219  6.15  5.78 99.30 45.90 94.80 265.2
 PHX 20150220  5.69  5.14 95.40 45.60 94.80 286.6
 PHX 20150221  5.18  4.82 98.20 45.20 94.80 314.1
 PHX 20150222  4.78  1.31 29.10 44.90 94.80 340.3
 PHX 20150223  5.03  0.71 14.80 44.50 94.80 330.3
 PHX 20150224  4.09  3.87 99.90 44.20 94.80 399.8
 PHX 20150225  5.65  5.36100.00 43.80 94.80 306.8
 PHX 20150226  5.66  5.33 99.30 43.40 94.80 310.5
 PHX 20150227  5.47  5.15 99.30 43.00 94.80 323.2
 PHX 20150228  5.71  1.34 24.80 42.70 94.80 316.0
 PHX 20150301  6.09  1.60 27.80 42.30 94.80 302.7
 PHX 20150302  5.88  0.23  4.20 41.90 93.90 315.7
 PHX 20150303  4.79  4.44 98.70 41.50 93.90 380.0
 PHX 20150304  5.18  4.67 96.10 41.20 93.90 359.7
 PHX 20150305  5.54  5.20100.00 40.80 93.90 344.1
 PHX 20150306  5.65  5.30100.00 40.40 93.90 342.2
 PHX 20150307  5.72  5.37100.00 40.00 93.90 342.6
 PHX 20150308  6.13  5.75100.00 39.60 93.90 327.0
 PHX 20150309  5.75  5.40100.00 39.20 93.90 349.0
 PHX 20150310  6.33  5.95100.00 38.80 93.90 325.3
 PHX 20150311  7.00  6.52 99.20 38.40 93.90 302.3
 PHX 20150312  6.51  4.30 70.50 38.00 93.90 325.0
 PHX 20150313  6.87  6.21 96.30 37.70 93.90 314.2
 PHX 20150314  7.56  7.10100.00 37.30 93.90 293.0
 PHX 20150315  7.78  7.31100.00 36.90 93.90 289.3
 PHX 20150316  7.13  6.70100.00 36.50 93.90 314.1
 PHX 20150317  7.70  7.23100.00 36.10 93.90 297.6
 PHX 20150318  7.97  2.48 33.20 35.70 93.90 292.3
 PHX 20150319  7.50  6.84 97.10 35.30 93.90 310.5
 PHX 20150320  7.28  6.73 98.40 34.90 94.00 321.2
 PHX 20150321  7.80  7.33100.00 34.50 94.00 306.3
 PHX 20150322  8.14  7.61 99.40 34.10 94.00 298.2
 PHX 20150323  7.90  7.42100.00 33.70 94.00 309.0
 PHX 20150324  7.32  6.72 97.70 33.30 94.00 332.1
 PHX 20150325  7.10  6.67100.00 32.90 94.00 343.8
 PHX 20150326  7.78  7.31100.00 32.50 94.00 321.2
 PHX 20150327  7.86  7.39100.00 32.10 94.00 321.1
 PHX 20150328  8.40  7.90100.00 31.70 94.00 306.8
 PHX 20150329  8.00  7.47 99.30 31.30 94.00 322.0
 PHX 20150330  8.18  7.62 99.10 30.90 94.00 318.7
 PHX 20150331  9.86  9.26100.00 30.50 94.00 275.7
 PHX 20150401  8.82  8.29100.00 30.10 94.00 304.6
 PHX 20150402  9.65  9.07100.00 29.70 94.00 284.9
 PHX 20150403  9.52  8.95100.00 29.40 94.00 290.4
 PHX 20150404  9.45  8.77 98.80 29.00 94.00 294.2
 PHX 20150405  8.65  8.14100.00 28.60 94.00 318.3
 PHX 20150406  8.45  7.95100.00 28.20 94.00 327.0
 PHX 20150407  8.73  8.02 97.60 27.80 94.00 320.1
 PHX 20150408  8.57  8.06100.00 27.40 94.00 327.6
 PHX 20150409  8.61  8.09100.00 27.10 94.00 328.7
 PHX 20150410  8.46  7.76 97.40 26.70 94.00 335.4
 PHX 20150411  7.60  7.14100.00 26.30 94.00 369.3
 PHX 20150412  8.15  5.90 77.00 26.00 94.10 350.7
 PHX 20150413  8.73  8.21100.00 25.60 94.10 333.1
 PHX 20150414  8.78  8.25100.00 25.20 94.10 333.8
 PHX 20150415  8.55  8.04100.00 24.90 94.10 343.0
 PHX 20150416  8.29  7.80100.00 24.50 94.10 353.5
 PHX 20150417  8.77  8.25100.00 24.20 94.10 339.0
 PHX 20150418  9.50  8.93100.00 23.80 94.10 319.1
 PHX 20150419  8.78  8.26100.00 23.50 94.10 342.2
 PHX 20150420  8.59  8.08100.00 23.10 94.10 350.4
 PHX 20150421  8.18  7.69100.00 22.80 94.10 366.7
 PHX 20150422  8.36  7.86100.00 22.50 94.10 361.6
 PHX 20150423  7.95  6.75 90.30 22.10 94.10 378.7
 PHX 20150424  8.36  7.23 91.90 21.80 94.10 364.8
 PHX 20150425  8.20  4.58 59.60 21.50 94.10 372.6
 PHX 20150426  7.36  5.58 80.60 21.20 94.10 409.5
 PHX 20150427  8.67  8.16100.00 20.80 94.10 358.4
 PHX 20150428  8.81  7.58 91.40 20.50 94.10 355.2
 PHX 20150429  9.88  9.30100.00 20.20 94.10 324.4
 PHX 20150430  9.92  9.20 98.50 19.90 94.10 324.5
 PHX 20150501  9.78  9.10 98.90 19.60 94.10 329.6
 PHX 20150502  9.42  8.55 97.60 19.30 93.10 340.9
 PHX 20150503  9.84  9.16100.00 19.00 93.10 330.0
 PHX 20150504  9.60  8.85 99.00 18.80 93.10 337.7
 PHX 20150505  9.55  7.69 86.50 18.50 93.10 340.0
 PHX 20150506  9.08  8.41 99.50 18.20 93.10 355.4
 PHX 20150507  9.28  8.64100.00 17.90 93.10 350.2
 PHX 20150508  8.52  7.64 96.20 17.70 93.10 376.7
 PHX 20150509  8.87  5.72 69.30 17.40 93.10 365.3
 PHX 20150510  8.99  8.37100.00 17.20 93.10 362.1
 PHX 20150511 10.52  9.79 99.90 16.90 93.20 318.9
 PHX 20150512 10.08  9.23 98.20 16.70 93.20 331.1
 PHX 20150513 10.18  9.44 99.50 16.40 93.20 329.3
 PHX 20150514  8.80  8.20100.00 16.20 93.20 372.1
 PHX 20150515  7.76  4.36 60.20 16.00 93.20 413.9
 PHX 20150516  9.16  8.26 96.70 15.80 93.20 361.0
 PHX 20150517  9.41  8.44 96.30 15.60 93.20 354.1
 PHX 20150518  8.84  6.01 73.10 15.40 93.20 373.8
 PHX 20150519 10.05  9.36100.00 15.20 93.20 336.9
 PHX 20150520 10.54  9.39 95.60 15.00 93.20 324.4
 PHX 20150521  9.29  8.56 99.00 14.80 93.20 360.3
 PHX 20150522 10.22  9.52100.00 14.60 93.20 333.7
 PHX 20150523  9.11  7.46 88.00 14.40 93.20 367.2
 PHX 20150524  8.68  7.85 97.10 14.20 93.20 382.8
 PHX 20150525  8.95  8.34100.00 14.10 93.20 373.4
 PHX 20150526 10.25  9.02 94.40 13.90 93.20 334.3
 PHX 20150527  9.67  8.05 89.40 13.80 93.20 351.1
 PHX 20150528  9.98  9.30100.00 13.60 93.20 342.2
 PHX 20150529 10.21  9.51100.00 13.50 93.20 336.2
 PHX 20150530 11.12 10.36100.00 13.30 93.20 313.8
 PHX 20150531 11.42 10.64100.00 13.20 93.20 307.3
 PHX 20150601 11.39 10.61100.00 13.10 93.20 308.2
 PHX 20150602 11.88 11.07100.00 13.00 93.20 297.7
 PHX 20150603 12.07 11.24100.00 12.90 93.20 294.3
 PHX 20150604 10.89 10.14100.00 12.70 93.20 320.2
 PHX 20150605 11.28  6.86 65.40 12.70 93.20 311.5
 PHX 20150606 11.40 10.63100.00 12.60 93.20 308.8
 PHX 20150607 11.44 10.66100.00 12.50 93.20 308.2
 PHX 20150608 12.33  9.44 82.10 12.40 93.20 289.9
 PHX 20150609 12.48  6.39 55.10 12.30 93.20 287.1
 PHX 20150610 12.58 10.46 89.30 12.30 93.20 285.3
 PHX 20150611 10.96 10.17 99.70 12.20 93.20 319.4
 PHX 20150612 11.37 10.60100.00 12.10 93.20 310.2
 PHX 20150613 11.09 10.33100.00 12.10 93.20 316.7
 PHX 20150614 11.63 10.83100.00 12.00 93.20 304.6
 PHX 20150615 11.91 11.10100.00 12.00 93.20 298.5
 PHX 20150616 11.85 11.04100.00 12.00 93.20 299.8
 PHX 20150617 12.02 11.20100.00 12.00 93.20 296.5
 PHX 20150618 12.40 11.55100.00 11.90 93.20 289.2
 PHX 20150619 12.40 11.56100.00 11.90 93.20 289.1
 PHX 20150620 12.48 11.63100.00 11.90 93.20 287.5
 PHX 20150621 12.32 11.48100.00 11.90 93.20 290.6
 PHX 20150622 12.42 11.57100.00 11.90 93.20 288.7
 PHX 20150623 12.54 11.69100.00 12.00 93.20 286.2
 PHX 20150624 12.24 11.40100.00 12.00 93.20 292.0
 PHX 20150625 12.20 11.31 99.50 12.00 93.20 292.7
 PHX 20150626 12.15 11.32100.00 12.00 93.20 293.5
 PHX 20150627 12.29 11.44 99.90 12.10 93.20 290.8
 PHX 20150628 12.26 11.34 99.20 12.10 93.20 291.1
 PHX 20150629 12.37 11.52100.00 12.20 93.20 289.0
 PHX 20150630 11.83 11.02100.00 12.20 93.20 299.3
 PHX 20150701 11.81 10.59 96.20 12.30 93.20 299.4
 PHX 20150702 11.82 11.01100.00 12.40 93.20 299.1
 PHX 20150703 11.81 11.00100.00 12.40 93.20 299.2
 PHX 20150704 11.88 10.58 95.60 12.50 93.20 297.6
 PHX 20150705 11.91  9.27 83.60 12.60 93.20 296.9
 PHX 20150706 11.68 10.89100.00 12.70 93.20 301.1
 PHX 20150707 11.51 10.72100.00 12.80 93.20 304.8
 PHX 20150708 11.16 10.40100.00 12.90 93.20 312.5
 PHX 20150709 11.53 10.69 99.50 13.00 93.20 303.7
 PHX 20150710 11.20 10.43100.00 13.10 93.20 311.0
 PHX 20150711 12.43 11.26 97.20 13.30 93.20 285.2
 PHX 20150712 12.06  5.88 52.40 13.40 93.20 292.2
 PHX 20150713 12.26 11.37 99.60 13.50 93.20 287.8
 PHX 20150714 11.69 10.89100.00 13.70 93.20 298.7
 PHX 20150715 11.17 10.41100.00 13.80 93.20 310.0
 PHX 20150716 11.28 10.51100.00 14.00 93.20 307.2
 PHX 20150717 11.69 10.89100.00 14.10 93.20 297.7
 PHX 20150718 12.13  9.46 83.70 14.30 93.20 288.7
 PHX 20150719 12.21 11.32 99.60 14.50 93.20 286.7
 PHX 20150720 12.57 11.64 99.40 14.70 93.20 279.3
 PHX 20150721 12.45 11.60100.00 14.90 93.20 281.1
 PHX 20150722 11.74 10.94100.00 15.10 93.20 294.6
 PHX 20150723 11.45 10.65 99.90 15.30 93.20 300.0
 PHX 20150724 11.85  8.02 72.60 15.50 93.20 291.2
 PHX 20150725 12.10 11.11 98.60 15.70 93.20 285.7
 PHX 20150726 11.47 10.69100.00 15.90 93.20 297.7
 PHX 20150727 11.81 11.00100.00 16.10 93.20 290.1
 PHX 20150728 12.00 11.01 98.50 16.30 93.20 285.6
 PHX 20150729 12.07  9.49 84.40 16.60 93.20 283.3
 PHX 20150730 11.78  9.68 88.20 16.80 93.20 288.5
 PHX 20150731 11.57  9.61 89.20 17.00 93.10 292.1
 PHX 20150801 11.57 10.77100.00 17.30 93.10 291.5
 PHX 20150802 11.38 10.51 99.10 17.60 93.10 294.5
 PHX 20150803 11.40 10.62100.00 17.80 93.10 293.3
 PHX 20150804 11.78 10.97100.00 18.10 93.10 284.7
 PHX 20150805 11.59 10.79100.00 18.30 93.10 287.7
 PHX 20150806 11.45 10.17 95.40 18.60 93.10 289.7
 PHX 20150807 11.51 10.72100.00 18.90 93.10 287.7
 PHX 20150808 11.82 11.01100.00 19.20 93.10 280.4
 PHX 20150809 11.80 10.99100.00 19.50 93.10 279.9
 PHX 20150810 11.56  6.92 64.30 19.80 93.10 283.7
 PHX 20150811 11.31  8.92 84.80 20.10 93.10 288.0
 PHX 20150812 11.50 10.66 99.50 20.40 93.10 282.7
 PHX 20150813 10.94 10.19100.00 20.70 93.10 293.5
 PHX 20150814 10.70  9.96100.00 21.00 93.10 297.5
 PHX 20150815 10.96 10.20100.00 21.30 93.10 290.6
 PHX 20150816 11.25 10.47100.00 21.60 93.10 283.0
 PHX 20150817 11.11 10.34100.00 22.00 93.10 284.7
 PHX 20150818 11.07 10.31100.00 22.30 93.10 284.2
 PHX 20150819 10.85 10.04 99.40 22.60 93.10 287.7
 PHX 20150820 10.55  9.82100.00 23.00 93.10 293.0
 PHX 20150821 10.48  7.86 80.70 23.30 93.10 293.2
 PHX 20150822 10.84 10.09100.00 23.60 93.10 283.5
 PHX 20150823 10.74 10.00100.00 24.00 93.10 284.3
 PHX 20150824 10.80  9.95 99.00 24.30 93.10 281.5
 PHX 20150825 10.62  7.43 75.20 24.70 93.10 284.1
 PHX 20150826 10.34  9.52 98.90 25.10 93.10 288.8
 PHX 20150827 10.34  9.47 98.40 25.40 93.10 287.1
 PHX 20150828 10.08  9.38100.00 25.80 93.10 291.3
 PHX 20150829 10.21  9.50100.00 26.10 93.10 286.5
 PHX 20150830 10.24  9.38 98.40 26.50 93.10 283.7
 PHX 20150831 10.01  8.90 95.50 26.90 93.10 287.4
 PHX 20150901  9.92  9.16 99.30 27.30 93.10 287.7
 PHX 20150902  9.85  7.27 78.60 27.60 94.00 287.4
 PHX 20150903  9.72  9.09 99.50 28.00 94.00 288.5
 PHX 20150904 10.27  8.57 88.70 28.40 94.00 273.8
 PHX 20150905  9.96  8.48 90.50 28.80 94.00 278.6
 PHX 20150906 10.18  9.41 98.40 29.20 94.00 272.0
 PHX 20150907 10.14  9.48 99.50 29.50 94.00 270.9
 PHX 20150908 10.13  9.47 99.40 29.90 94.00 269.1
 PHX 20150909 10.10  9.06 95.40 30.30 94.00 267.6
 PHX 20150910  9.61  8.69 96.20 30.70 94.00 276.4
 PHX 20150911  9.15  8.60100.00 31.10 94.00 285.3
 PHX 20150912  8.96  8.42100.00 31.50 94.00 288.1
 PHX 20150913  8.83  6.45 77.80 31.90 94.00 289.0
 PHX 20150914  9.03  8.28 97.50 32.30 94.00 281.0
 PHX 20150915  9.06  7.45 87.50 32.70 94.00 278.0
 PHX 20150916  9.23  8.67100.00 33.10 94.00 271.5
 PHX 20150917  9.50  8.93100.00 33.50 94.00 262.5
 PHX 20150918  9.58  9.00100.00 33.90 94.00 258.3
 PHX 20150919  9.51  8.93100.00 34.30 94.00 257.6
 PHX 20150920  9.30  8.74100.00 34.70 94.00 259.7
 PHX 20150921  8.81  4.76 57.40 35.10 93.90 269.3
 PHX 20150922  8.46  7.92 99.60 35.50 93.90 275.6
 PHX 20150923  7.97  7.49100.00 35.90 93.90 286.6
 PHX 20150924  8.50  7.98100.00 36.30 93.90 269.4
 PHX 20150925  8.58  8.06100.00 36.70 93.90 264.4
 PHX 20150926  8.77  8.24100.00 37.10 93.90 256.9
 PHX 20150927  8.64  8.07 99.40 37.50 93.90 257.3
 PHX 20150928  8.61  8.08 99.90 37.90 93.90 255.5
 PHX 20150929  8.57  8.05100.00 38.20 93.90 253.7
 PHX 20150930  8.32  7.81100.00 38.60 93.90 257.1
 PHX 20151001  8.21  7.71100.00 39.00 93.90 257.1
 PHX 20151002  7.41  6.96100.00 39.40 93.90 276.6
 PHX 20151003  6.89  6.47100.00 39.80 93.90 290.8
 PHX 20151004  6.74  6.10 96.40 40.20 93.90 292.8
 PHX 20151005  6.75  4.89 77.30 40.60 93.90 289.2
 PHX 20151006  6.39  4.10 68.30 41.00 93.90 298.9
 PHX 20151007  6.25  5.65 96.30 41.40 93.90 300.9
 PHX 20151008  6.67  6.26100.00 41.70 93.90 281.6
 PHX 20151009  6.91  6.48100.00 42.10 93.90 270.6
 PHX 20151010  6.59  6.18100.00 42.50 93.80 278.0
 PHX 20151011  6.34  5.95100.00 42.90 93.80 283.5
 PHX 20151012  6.50  6.10100.00 43.20 93.80 274.4
 PHX 20151013  6.45  6.05100.00 43.60 93.80 273.0
 PHX 20151014  6.51  6.11100.00 44.00 93.80 267.3
 PHX 20151015  6.39  5.43 90.60 44.30 93.80 268.2
 PHX 20151016  6.05  4.98 87.70 44.70 93.80 277.0
 PHX 20151017  6.08  4.71 82.60 45.10 93.80 272.6
 PHX 20151018  5.83  5.10 93.20 45.40 93.80 278.6
 PHX 20151019  5.60  5.25100.00 45.80 93.80 284.5
 PHX 20151020  5.30  4.87 98.00 46.10 93.80 294.4
 PHX 20151021  5.15  4.13 85.40 46.40 93.80 297.8
 PHX 20151022  5.44  5.10100.00 46.80 93.80 280.7
 PHX 20151023  5.51  5.16100.00 47.10 93.80 274.8
 PHX 20151024  5.98  5.61100.00 47.50 93.80 253.3
 PHX 20151025  5.98  5.08 90.60 47.80 93.80 250.1
 PHX 20151027  5.42  4.91 96.60 48.40 93.70 264.5
 PHX 20151027  5.42  4.91 96.60 48.40 93.70 264.5
 PHX 20151027  5.42  4.91 96.60 48.40 93.70 264.5
 PHX 20151029  4.94  3.69 79.70 49.10 93.70 278.4
 PHX 20151030  4.38  3.98 96.90 49.40 93.70 304.5
 PHX 20151031  5.10  4.78100.00 49.70 93.70 264.5
 PHX 20151101  5.04  4.72100.00 50.00 93.70 263.7
 PHX 20151102  5.03  4.76100.00 50.30 94.70 260.7
 PHX 20151103  4.78  3.92 86.70 50.60 94.70 269.2
 PHX 20151104  4.06  2.62 68.10 50.90 94.70 305.4
 PHX 20151105  4.19  3.97100.00 51.10 94.70 293.7
 PHX 20151106  4.28  4.05100.00 51.40 94.70 285.2
 PHX 20151107  4.55  4.31100.00 51.70 94.70 267.6
 PHX 20151108  4.72  4.47100.00 52.00 94.70 256.1
 PHX 20151109  4.88  4.62100.00 52.20 94.70 246.5
 PHX 20151110  4.25  4.02 99.90 52.50 94.70 273.5
 PHX 20151111  4.26  4.04100.00 52.70 94.60 269.9
 PHX 20151112  4.39  4.08 98.30 53.00 94.60 260.0
 PHX 20151113  4.29  4.06100.00 53.20 94.60 262.3
 PHX 20151114  4.05  3.84100.00 53.40 94.60 272.2
 PHX 20151115  4.12  0.41 10.60 53.70 94.60 265.6
 PHX 20151116  3.23  2.36 77.10 53.90 94.60 323.3
 PHX 20151117  3.57  3.38100.00 54.10 94.60 293.3
 PHX 20151118  3.75  3.55100.00 54.30 94.60 278.1
 PHX 20151119  3.84  3.63 99.90 54.50 94.60 270.0
 PHX 20151120  3.70  3.50100.00 54.70 94.60 275.8
 PHX 20151121  3.67  3.48100.00 54.90 94.60 274.6
 PHX 20151122  3.72  3.52100.00 55.10 94.60 269.0
 PHX 20151123  3.65  3.41 98.90 55.30 94.60 271.4
 PHX 20151124  3.94  3.73100.00 55.50 94.60 252.0
 PHX 20151125  3.72  3.52100.00 55.60 94.60 262.6
 PHX 20151126  3.43  3.24100.00 55.80 94.60 279.2
 PHX 20151127  3.36  3.18100.00 56.00 94.60 282.0
 PHX 20151128  3.48  3.29100.00 56.10 94.60 271.6
 PHX 20151129  3.37  3.19100.00 56.20 94.60 277.2
 PHX 20151130  3.31  3.13100.00 56.40 94.60 279.5
 PHX 20151201  3.20  3.03100.00 56.50 94.60 285.8
 PHX 20151202  3.25  3.07100.00 56.60 94.60 280.1
 PHX 20151203  3.39  3.21100.00 56.80 94.60 268.5
 PHX 20151204  3.14  2.84 95.60 56.90 94.60 285.3
 PHX 20151205  3.08  2.91100.00 57.00 94.60 289.1
 PHX 20151206  3.23  2.99 97.70 57.10 94.60 275.4
 PHX 20151207  3.01  2.84100.00 57.20 94.60 292.0
 PHX 20151208  3.08  2.90 99.80 57.20 94.60 284.9
 PHX 20151209  3.22  2.94 96.50 57.30 94.60 272.6
 PHX 20151210  3.31  3.09 98.80 57.40 94.60 265.5
 PHX 20151211  2.92  2.60 94.40 57.50 94.60 295.1
 PHX 20151212  2.41  0.94 41.50 57.50 94.60 349.5
 PHX 20151213  2.96  2.80100.00 57.60 94.60 289.6
 PHX 20151214  2.56  0.82 33.90 57.60 94.60 328.7
 PHX 20151215  2.68  2.54100.00 57.60 94.60 314.5
 PHX 20151216  2.72  2.58100.00 57.70 94.60 309.9
 PHX 20151217  2.84  2.69100.00 57.70 94.60 297.8
 PHX 20151218  3.18  3.00100.00 57.70 94.60 270.6
 PHX 20151219  3.52  2.80 84.00 57.70 94.60 247.8
 PHX 20151220  3.12  1.55 52.60 57.70 94.60 274.2
 PHX 20151221  2.88  2.69 98.70 57.70 94.60 294.7
 PHX 20151222  2.91  0.61 22.30 57.70 94.60 292.4
 PHX 20151223  2.92  0.36 13.10 57.70 94.60 291.8
 PHX 20151224  2.95  1.11 39.70 57.70 94.60 289.2
 PHX 20151225  2.66  1.65 65.60 57.60 94.60 317.3
 PHX 20151226  2.27  2.14100.00 57.60 94.60 368.2
 PHX 20151227  2.92  2.77100.00 57.50 94.60 293.7
 PHX 20151228  2.69  2.54100.00 57.50 94.60 317.0
 PHX 20151229  2.82  2.67100.00 57.40 94.60 304.8
 PHX 20151230  2.90  2.74100.00 57.40 94.60 299.0
 PHX 20151231  2.96  2.80100.00 57.30 94.60 295.2
 PHX 20160101  3.14  2.97100.00 57.20 94.60 281.6
