 MIA 20100102  5.41  5.32100.00 49.40 98.30 247.8
 MIA 20100103  5.35  4.34 82.60 49.30 98.30 251.4
 MIA 20100104  5.20  5.09 99.50 49.20 98.30 258.1
 MIA 20100105  5.05  4.88 98.30 49.10 98.30 265.9
 MIA 20100106  5.09  4.90 98.10 49.00 98.30 265.6
 MIA 20100107  4.95  4.85 99.80 48.80 98.30 273.3
 MIA 20100108  5.23  5.08 98.90 48.70 98.30 262.1
 MIA 20100109  5.06  0.91 18.30 48.60 98.30 271.3
 MIA 20100110  5.00  4.63 94.20 48.40 98.30 275.3
 MIA 20100111  4.86  3.70 77.20 48.30 98.30 283.6
 MIA 20100112  5.02  4.86 98.60 48.10 98.30 278.0
 MIA 20100113  4.62  4.50 99.20 48.00 98.30 299.9
 MIA 20100114  4.88  2.72 56.60 47.80 98.30 288.4
 MIA 20100115  5.32  4.19 80.10 47.60 98.30 270.2
 MIA 20100116  5.53  5.36 98.70 47.50 98.30 263.2
 MIA 20100117  5.96  5.28 90.00 47.30 98.30 249.2
 MIA 20100118  6.14  5.96 98.80 47.10 98.30 245.0
 MIA 20100119  6.04  4.25 71.40 46.90 98.30 250.1
 MIA 20100120  6.16  6.06100.00 46.70 98.30 248.0
 MIA 20100121  6.24  5.94 96.90 46.50 98.30 247.3
 MIA 20100122  6.23  6.12100.00 46.30 98.30 249.7
 MIA 20100123  6.34  6.17 98.90 46.00 98.30 248.0
 MIA 20100124  6.74  5.92 89.40 45.80 98.30 237.4
 MIA 20100125  6.55  4.24 65.50 45.60 98.30 245.3
 MIA 20100126  6.26  6.16100.00 45.30 98.30 256.6
 MIA 20100127  6.76  6.65100.00 45.10 98.30 242.9
 MIA 20100128  7.11  6.99100.00 44.90 98.30 235.2
 MIA 20100129  7.37  7.22 99.60 44.60 98.30 230.5
 MIA 20100130  6.62  6.01 92.30 44.30 98.30 254.1
 MIA 20100131  6.49  4.65 72.90 44.10 98.30 260.4
 MIA 20100201  6.61  2.12 32.50 43.80 98.30 258.9
 MIA 20100202  6.58  6.24 96.30 43.50 98.30 262.3
 MIA 20100203  7.07  6.95100.00 43.30 98.30 250.0
 MIA 20100204  7.19  7.07100.00 43.00 98.30 248.9
 MIA 20100205  7.23  6.75 95.00 42.70 98.30 250.1
 MIA 20100206  6.65  6.42 98.10 42.40 98.30 270.5
 MIA 20100207  6.67  6.56100.00 42.10 98.30 272.4
 MIA 20100208  6.65  5.99 91.50 41.80 98.30 275.6
 MIA 20100209  7.23  6.88 96.70 41.50 98.30 259.3
 MIA 20100210  7.37  7.25100.00 41.20 98.30 257.9
 MIA 20100211  7.44  7.11 97.20 40.90 98.30 258.4
 MIA 20100212  7.50  4.89 66.30 40.50 98.30 259.2
 MIA 20100213  6.95  6.61 96.80 40.20 98.30 278.8
 MIA 20100214  7.10  6.54 93.60 39.90 98.30 276.5
 MIA 20100215  7.16  4.91 69.50 39.60 98.30 277.4
 MIA 20100216  7.10  6.28 90.20 39.20 98.30 282.2
 MIA 20100217  7.50  7.35 99.70 38.90 98.30 272.3
 MIA 20100218  7.57  7.36 98.90 38.50 98.30 272.9
 MIA 20100219  7.96  6.59 84.30 38.20 98.30 264.3
 MIA 20100220  7.73  7.60 99.90 37.80 98.30 273.3
 MIA 20100221  8.60  8.45100.00 37.50 98.30 252.9
 MIA 20100222  8.80  4.19 48.40 37.10 98.30 250.5
 MIA 20100223  8.92  8.77100.00 36.80 98.30 250.1
 MIA 20100224  9.01  6.29 71.00 36.40 98.30 250.3
 MIA 20100225  8.50  8.36100.00 36.00 98.40 265.0
 MIA 20100226  8.98  8.84100.00 35.70 98.40 255.6
 MIA 20100227  8.76  8.59 99.70 35.30 98.40 263.3
 MIA 20100228  7.34  7.22100.00 34.90 98.40 307.7
 MIA 20100301  8.12  7.88 98.70 34.60 98.40 285.5
 MIA 20100302  8.06  4.31 54.20 34.20 98.40 289.8
 MIA 20100303  7.71  5.64 74.30 33.80 98.40 303.2
 MIA 20100304  8.09  7.96100.00 33.40 98.40 294.1
 MIA 20100305  8.36  8.21 99.90 33.00 98.40 288.7
 MIA 20100306  7.91  5.10 65.30 32.60 98.40 304.6
 MIA 20100307  8.16  6.66 83.00 32.30 98.40 299.3
 MIA 20100308  8.56  8.39 99.60 31.90 98.40 290.6
 MIA 20100309  9.10  7.78 86.90 31.50 98.40 278.4
 MIA 20100310  9.38  9.23100.00 31.10 98.40 274.0
 MIA 20100311  9.46  6.09 65.40 30.70 98.40 274.3
 MIA 20100312  9.49  7.79 83.40 30.30 98.40 275.8
 MIA 20100313  8.77  8.63100.00 29.90 98.40 296.6
 MIA 20100314  9.56  9.41100.00 29.50 98.40 278.3
 MIA 20100315  9.45  9.30100.00 29.10 98.40 283.1
 MIA 20100316  8.96  8.68 98.50 28.70 98.40 298.1
 MIA 20100317  8.56  1.89 22.50 28.30 98.40 311.7
 MIA 20100318  8.30  8.16 99.90 27.90 98.40 322.1
 MIA 20100319  9.05  8.91100.00 27.50 98.40 301.9
 MIA 20100320  9.44  9.28100.00 27.10 98.40 294.0
 MIA 20100321 10.01  9.48 96.20 26.70 98.40 281.7
 MIA 20100322  9.34  7.79 84.70 26.30 98.40 300.6
 MIA 20100323  9.82  9.66100.00 25.90 98.40 290.7
 MIA 20100324 10.19 10.02 99.90 25.50 98.40 283.5
 MIA 20100325 10.79 10.52 99.10 25.10 98.40 272.5
 MIA 20100326 10.76 10.58100.00 24.70 98.40 274.9
 MIA 20100327  9.93  9.77100.00 24.30 98.40 295.2
 MIA 20100328 10.24  8.85 87.80 23.90 98.40 289.5
 MIA 20100329 10.11  2.37 23.70 23.60 98.40 294.1
 MIA 20100330  9.12  8.96 99.90 23.20 98.40 322.0
 MIA 20100331  9.39  9.24100.00 22.80 98.40 316.0
 MIA 20100401 10.25 10.09100.00 22.40 98.40 295.6
 MIA 20100402  9.92  9.76100.00 22.00 98.40 305.3
 MIA 20100403 11.34 10.83 97.00 21.60 98.40 275.0
 MIA 20100404  9.89  9.71 99.80 21.20 98.40 309.4
 MIA 20100405 10.18 10.02100.00 20.80 98.40 303.4
 MIA 20100406 10.89 10.72100.00 20.50 98.40 288.8
 MIA 20100407 10.84 10.67100.00 20.10 98.40 291.3
 MIA 20100408 11.14 10.96100.00 19.70 98.40 286.1
 MIA 20100409 10.88 10.68 99.80 19.30 98.40 292.9
 MIA 20100410 10.92  7.15 66.50 19.00 98.40 293.0
 MIA 20100411 10.90  9.45 88.10 18.60 98.40 294.7
 MIA 20100412 10.16  7.48 74.80 18.20 98.40 313.2
 MIA 20100413  9.60  9.44 99.90 17.90 98.40 329.5
 MIA 20100414  9.72  9.38 98.10 17.50 98.40 327.2
 MIA 20100415 10.14  9.69 97.10 17.10 98.40 317.1
 MIA 20100416 10.23  7.62 75.80 16.80 98.40 316.1
 MIA 20100417 10.69  8.85 84.10 16.40 98.40 305.8
 MIA 20100418 10.30 10.07 99.30 16.10 98.40 316.5
 MIA 20100419  9.40  6.34 68.30 15.80 98.40 342.3
 MIA 20100420 10.27 10.02 99.10 15.40 98.40 319.3
 MIA 20100421  9.90  6.58 67.70 15.10 98.40 330.1
 MIA 20100422 10.98 10.80100.00 14.70 98.40 304.1
 MIA 20100423 11.25 11.03 99.60 14.40 98.40 298.6
 MIA 20100424 11.70 11.45 99.40 14.10 98.40 290.0
 MIA 20100425 11.97 11.35 96.30 13.80 98.40 285.2
 MIA 20100426 11.65  2.91 25.30 13.50 98.40 292.3
 MIA 20100427 10.90 10.73100.00 13.20 98.40 309.3
 MIA 20100428 11.51 11.31 99.80 12.90 98.40 296.3
 MIA 20100429 10.74  9.39 88.70 12.60 98.40 314.2
 MIA 20100430 11.64  4.00 35.00 12.30 98.40 294.9
 MIA 20100501 11.80 11.61100.00 12.00 98.40 292.1
 MIA 20100502 11.94 11.75100.00 11.70 98.40 289.9
 MIA 20100503 11.71 11.53100.00 11.40 98.40 294.8
 MIA 20100504 11.12 10.94 99.90 11.10 98.40 308.3
 MIA 20100505 11.70 11.52100.00 10.90 98.40 296.0
 MIA 20100506 11.07 10.90100.00 10.60 98.40 310.4
 MIA 20100507 11.67 11.49100.00 10.40 98.40 297.7
 MIA 20100508 12.00 11.81100.00 10.10 98.40 291.5
 MIA 20100509 11.30 11.12100.00  9.90 98.40 306.6
 MIA 20100510 11.52 11.16 98.40  9.60 98.40 301.8
 MIA 20100511 11.82 11.42 98.10  9.40 98.40 295.9
 MIA 20100512 11.53 11.32 99.80  9.20 98.40 302.2
 MIA 20100513 11.21 11.04100.00  8.90 98.40 309.5
 MIA 20100514 11.45 11.22 99.60  8.70 98.40 304.4
 MIA 20100515 11.05 10.88100.00  8.50 98.40 313.6
 MIA 20100516 11.41 10.87 96.80  8.30 98.40 305.7
 MIA 20100517 11.40 10.96 97.60  8.10 98.40 305.9
 MIA 20100518 11.27 10.84 97.70  7.90 98.40 309.3
 MIA 20100519 10.65  8.73 83.30  7.80 98.40 324.1
 MIA 20100520 10.86 10.58 99.00  7.60 98.40 319.0
 MIA 20100521 10.59 10.42100.00  7.40 98.40 325.8
 MIA 20100522 11.02 10.85100.00  7.30 98.40 315.3
 MIA 20100523 11.00 10.82100.00  7.10 98.40 316.1
 MIA 20100524 10.94 10.77100.00  7.00 98.40 317.4
 MIA 20100525 10.65  9.84 93.80  6.80 98.40 324.6
 MIA 20100526 10.88 10.71100.00  6.70 98.40 319.0
 MIA 20100527 10.59 10.43100.00  6.60 98.40 326.5
 MIA 20100528 10.97 10.80100.00  6.40 98.40 317.3
 MIA 20100529 10.75 10.59100.00  6.30 98.40 322.5
 MIA 20100530 11.25 11.08100.00  6.20 98.40 311.0
 MIA 20100531 11.96 11.77100.00  6.10 98.40 295.8
 MIA 20100601 12.31 10.50 86.70  6.00 98.40 289.0
 MIA 20100602 11.95 11.74 99.80  5.90 98.40 296.1
 MIA 20100603 12.19 12.00100.00  5.80 98.40 291.4
 MIA 20100604 12.36 12.15 99.90  5.80 98.40 288.2
 MIA 20100605 12.57 12.37100.00  5.70 98.40 284.2
 MIA 20100606 12.09 11.90100.00  5.60 98.40 293.5
 MIA 20100607 11.76 11.02 95.20  5.60 98.40 299.9
 MIA 20100608 11.92 11.58 98.70  5.50 98.40 296.8
 MIA 20100609 11.44 11.22 99.60  5.50 98.40 307.2
 MIA 20100610 11.52 11.32 99.80  5.40 98.40 305.4
 MIA 20100611 11.63 11.45100.00  5.40 98.40 302.8
 MIA 20100612 11.34 11.17100.00  5.30 98.40 309.3
 MIA 20100613 11.36 11.19100.00  5.30 98.40 308.8
 MIA 20100614 11.10 10.93100.00  5.30 98.40 314.7
 MIA 20100615 11.04 10.87100.00  5.30 98.40 316.0
 MIA 20100616 11.38 11.21100.00  5.20 98.40 308.3
 MIA 20100617 11.74 11.56100.00  5.20 98.40 300.3
 MIA 20100618 11.58 11.40100.00  5.20 98.40 303.9
 MIA 20100619 11.52 11.34100.00  5.20 98.40 305.2
 MIA 20100620 11.21 11.04100.00  5.20 98.40 312.0
 MIA 20100621 11.34 11.16100.00  5.20 98.40 309.2
 MIA 20100622 11.26 11.08100.00  5.20 98.40 310.9
 MIA 20100623 11.18  7.54 68.50  5.20 98.40 312.8
 MIA 20100624 11.37 11.15 99.60  5.20 98.40 308.3
 MIA 20100625 11.69 11.29 98.10  5.30 98.40 301.1
 MIA 20100626 12.20 12.00 99.90  5.30 98.40 291.0
 MIA 20100627 12.14 11.86 99.30  5.30 98.40 292.2
 MIA 20100628 12.08 11.82 99.40  5.30 98.40 293.2
 MIA 20100629 11.99 10.81 91.50  5.40 98.40 294.8
 MIA 20100630 11.35 11.18100.00  5.40 98.40 308.4
 MIA 20100701 11.31 11.02 99.00  5.40 98.40 309.4
 MIA 20100702 11.48 11.06 97.90  5.50 98.40 305.4
 MIA 20100703 11.64 10.92 95.30  5.50 98.40 301.7
 MIA 20100704 11.43  5.51 48.90  5.60 98.40 306.3
 MIA 20100705 11.76  4.82 41.50  5.70 98.40 298.9
 MIA 20100706 11.28 10.95 98.70  5.70 98.40 309.6
 MIA 20100707 11.58 11.35 99.50  5.80 98.40 302.7
 MIA 20100708 11.62 10.26 89.70  5.90 98.40 301.7
 MIA 20100709 11.70 11.44 99.30  6.00 98.40 299.7
 MIA 20100710 11.40 11.20 99.70  6.10 98.40 306.3
 MIA 20100711 11.58 11.37 99.70  6.20 98.40 302.0
 MIA 20100712 11.79 11.52 99.30  6.30 98.40 297.7
 MIA 20100713 12.00 11.71 99.10  6.40 98.40 293.3
 MIA 20100714 11.92 11.55 98.40  6.50 98.40 294.8
 MIA 20100715 12.02 11.57 97.80  6.60 98.40 292.8
 MIA 20100716 12.13 11.48 96.10  6.70 98.40 290.4
 MIA 20100717 11.69 10.86 94.40  6.90 98.40 298.8
 MIA 20100718 12.09 11.77 98.90  7.00 98.40 290.8
 MIA 20100719 12.10 11.86 99.50  7.20 98.40 290.4
 MIA 20100720 11.76 11.54 99.70  7.30 98.40 297.0
 MIA 20100721 11.74 11.56100.00  7.50 98.40 297.0
 MIA 20100722 11.61 11.41 99.90  7.70 98.40 299.6
 MIA 20100723 12.79 12.11 96.20  7.80 98.40 276.7
 MIA 20100724 11.86 11.46 98.10  8.00 98.40 294.1
 MIA 20100725 12.10 11.70 98.20  8.20 98.40 289.3
 MIA 20100726 12.44 12.24 99.90  8.40 98.40 282.3
 MIA 20100727 12.07 11.78 99.10  8.60 98.40 289.3
 MIA 20100728 11.57 11.39100.00  8.80 98.40 299.1
 MIA 20100729 11.48 11.30100.00  9.00 98.40 300.6
 MIA 20100730 11.76 11.55 99.80  9.30 98.40 294.7
 MIA 20100731 12.04 11.20 94.50  9.50 98.40 288.9
 MIA 20100801 11.91 11.70 99.70  9.70 98.40 291.2
 MIA 20100802 11.92 10.77 91.80 10.00 98.40 290.6
 MIA 20100803 11.98 11.80100.00 10.20 98.40 289.0
 MIA 20100804 11.76 10.67 92.10 10.50 98.40 292.8
 MIA 20100805 11.85 11.66100.00 10.70 98.40 290.7
 MIA 20100806 11.58 11.40100.00 11.00 98.40 295.5
 MIA 20100807 11.73 11.03 95.60 11.30 98.40 292.0
 MIA 20100808 11.47  4.83 42.80 11.60 98.40 296.7
 MIA 20100809 11.88  9.22 78.80 11.80 98.40 287.7
 MIA 20100810 12.47  4.36 35.60 12.10 98.40 275.9
 MIA 20100811 11.53 11.34 99.90 12.40 98.40 293.6
 MIA 20100812 11.41 11.01 97.90 12.70 98.40 295.4
 MIA 20100813 11.14 10.96100.00 13.00 98.40 300.5
 MIA 20100814 11.59  9.98 87.50 13.30 98.40 290.6
 MIA 20100815 11.56 10.98 96.40 13.60 98.40 290.4
 MIA 20100816 11.64 11.40 99.50 13.90 98.40 288.2
 MIA 20100817 11.63 11.38 99.40 14.30 98.40 287.6
 MIA 20100818 11.71 11.52100.00 14.60 98.40 285.5
 MIA 20100819 11.67 11.48100.00 14.90 98.40 285.5
 MIA 20100820 11.64 11.41 99.60 15.20 98.40 285.1
 MIA 20100821 11.64 11.09 96.80 15.60 98.40 284.1
 MIA 20100822 11.14 10.96100.00 15.90 98.40 293.8
 MIA 20100823 11.24 11.02 99.60 16.30 98.40 290.5
 MIA 20100824 11.67 11.10 96.60 16.60 98.40 280.4
 MIA 20100825 11.18  6.12 55.60 17.00 98.40 289.7
 MIA 20100826 11.55 10.74 94.50 17.30 98.40 280.6
 MIA 20100827 11.61 11.41 99.80 17.70 98.40 278.5
 MIA 20100828 11.98 11.79100.00 18.00 98.40 270.8
 MIA 20100829 11.81 11.62100.00 18.40 98.40 272.9
 MIA 20100830 10.97 10.76 99.70 18.80 98.40 288.8
 MIA 20100831 10.64 10.36 99.00 19.10 98.40 294.8
 MIA 20100901 10.88 10.62 99.10 19.50 98.40 288.5
 MIA 20100902 11.23 11.05100.00 19.90 98.40 279.5
 MIA 20100903 11.47 11.29100.00 20.30 98.40 273.8
 MIA 20100904 11.22 11.02 99.80 20.60 98.40 277.1
 MIA 20100905 11.13 10.87 99.20 21.00 98.40 277.5
 MIA 20100906 11.24 10.65 96.30 21.40 98.40 274.1
 MIA 20100907 11.09 10.18 93.30 21.80 98.40 275.5
 MIA 20100908 10.84 10.67100.00 22.20 98.40 279.0
 MIA 20100909 10.60 10.43100.00 22.60 98.40 282.8
 MIA 20100910 10.33 10.16100.00 23.00 98.40 287.5
 MIA 20100911 10.41 10.24100.00 23.40 98.40 284.0
 MIA 20100912 10.64 10.47100.00 23.70 98.40 277.2
 MIA 20100913 10.48 10.31100.00 24.10 98.40 279.0
 MIA 20100914 10.28 10.09 99.70 24.50 98.40 281.8
 MIA 20100915 10.10  9.85 99.10 24.90 98.40 284.3
 MIA 20100916 10.47 10.29 99.90 25.30 98.40 274.4
 MIA 20100917 10.20 10.04100.00 25.70 98.40 278.3
 MIA 20100918 10.08  9.87 99.50 26.10 98.40 279.1
 MIA 20100919  9.85  9.68 99.80 26.50 98.40 282.5
 MIA 20100920  9.35  8.50 92.40 26.90 98.40 293.1
 MIA 20100921  9.74  9.52 99.40 27.30 98.40 281.2
 MIA 20100922  9.73  9.57100.00 27.70 98.40 279.3
 MIA 20100923 10.08  9.80 98.80 28.10 98.40 269.8
 MIA 20100924  9.87  9.09 93.50 28.50 98.40 272.4
 MIA 20100925  9.67  8.84 92.90 28.90 98.40 275.0
 MIA 20100926  9.57  9.41100.00 29.30 98.40 275.4
 MIA 20100927  9.62  9.14 96.60 29.70 98.40 272.3
 MIA 20100928  9.86  5.48 56.40 30.10 98.40 264.5
 MIA 20100929 10.00  4.20 42.80 30.50 98.40 259.3
 MIA 20100930  9.23  8.53 94.00 30.90 98.40 274.8
 MIA 20101001  8.93  8.79100.00 31.30 98.40 279.8
 MIA 20101002  8.93  8.79100.00 31.70 98.40 277.6
 MIA 20101003  9.11  8.96100.00 32.10 98.40 271.1
 MIA 20101004  8.83  8.69100.00 32.40 98.40 275.7
 MIA 20101005  8.61  8.18 96.60 32.80 98.40 278.9
 MIA 20101006  8.41  7.64 92.40 33.20 98.40 281.8
 MIA 20101007  8.46  6.85 82.20 33.60 98.40 278.0
 MIA 20101008  8.34  8.07 98.30 34.00 98.40 278.8
 MIA 20101009  8.44  8.06 97.20 34.40 98.40 274.1
 MIA 20101010  8.29  8.16100.00 34.70 98.40 275.5
 MIA 20101011  8.39  8.25100.00 35.10 98.40 270.7
 MIA 20101012  8.53  5.09 61.00 35.50 98.40 264.3
 MIA 20101013  8.43  7.78 93.90 35.90 98.40 264.5
 MIA 20101014  8.30  5.88 72.00 36.20 98.40 265.5
 MIA 20101015  8.21  6.39 79.30 36.60 98.40 265.2
 MIA 20101016  8.12  7.99100.00 36.90 98.40 265.1
 MIA 20101017  8.02  6.82 86.40 37.30 98.40 265.4
 MIA 20101018  7.99  7.64 97.20 37.70 98.40 263.8
 MIA 20101019  7.86  7.74100.00 38.00 98.40 264.7
 MIA 20101020  7.90  7.77100.00 38.40 98.40 261.0
 MIA 20101021  7.69  7.56100.00 38.70 98.40 264.7
 MIA 20101022  7.54  7.41100.00 39.00 98.40 266.5
 MIA 20101023  7.43  7.19 98.30 39.40 98.40 267.0
 MIA 20101024  7.62  7.49100.00 39.70 98.40 258.9
 MIA 20101025  7.63  7.48 99.70 40.00 98.40 256.3
 MIA 20101026  7.48  7.31 99.30 40.40 98.40 257.8
 MIA 20101027  7.10  6.99100.00 40.70 98.30 266.9
 MIA 20101028  6.96  6.85100.00 41.00 98.30 268.8
 MIA 20101029  7.04  6.88 99.30 41.30 98.30 263.5
 MIA 20101030  6.68  6.57100.00 41.60 98.30 273.0
 MIA 20101031  6.73  6.33 95.70 41.90 98.30 268.7
 MIA 20101101  6.82  6.70100.00 42.20 98.30 263.2
 MIA 20101102  6.86  6.74100.00 42.50 98.30 259.3
 MIA 20101103  6.87  6.76100.00 42.80 98.30 256.5
 MIA 20101104  6.71  5.66 85.90 43.10 98.30 259.2
 MIA 20101105  6.33  6.20 99.50 43.40 98.30 269.7
 MIA 20101106  6.23  5.79 94.60 43.70 98.30 270.9
 MIA 20101107  6.24  3.60 58.70 43.90 98.30 267.9
 MIA 20101108  6.47  5.12 80.60 44.20 98.30 257.4
 MIA 20101109  6.46  6.32 99.60 44.50 98.30 255.7
 MIA 20101110  6.54  6.43100.00 44.70 98.30 250.8
 MIA 20101111  6.63  6.18 94.70 45.00 98.30 245.7
 MIA 20101112  6.12  6.01 99.90 45.20 98.30 260.2
 MIA 20101113  6.12  2.56 42.60 45.50 98.30 258.1
 MIA 20101114  6.06  5.73 96.00 45.70 98.30 258.0
 MIA 20101115  6.04  5.88 98.90 45.90 98.30 256.7
 MIA 20101116  5.92  5.79 99.40 46.20 98.30 258.8
 MIA 20101117  5.86  5.77100.00 46.40 98.30 259.0
 MIA 20101118  5.95  5.34 91.20 46.60 98.30 254.1
 MIA 20101119  5.74  5.60 99.20 46.80 98.30 259.6
 MIA 20101120  5.71  5.46 97.30 47.00 98.30 258.9
 MIA 20101121  5.36  4.62 87.50 47.20 98.30 271.2
 MIA 20101122  5.58  5.44 99.10 47.40 98.30 260.0
 MIA 20101123  5.54  3.98 73.60 47.60 98.30 260.0
 MIA 20101124  5.71  4.82 85.60 47.70 98.30 252.1
 MIA 20101125  5.94  5.63 96.50 47.90 98.30 242.3
 MIA 20101126  6.23  6.10 99.50 48.10 98.30 231.5
 MIA 20101127  6.38  5.67 90.70 48.20 98.30 225.7
 MIA 20101128  6.21  6.08 99.70 48.40 98.30 229.5
 MIA 20101129  6.02  5.86 99.00 48.50 98.30 233.9
 MIA 20101130  6.06  5.96100.00 48.60 98.30 231.6
 MIA 20101201  5.95  5.83 99.60 48.80 98.30 233.7
 MIA 20101202  5.57  3.89 71.10 48.90 98.30 245.5
 MIA 20101203  4.99  4.89 99.60 49.00 98.30 268.0
 MIA 20101204  4.57  4.46 99.40 49.10 98.30 287.6
 MIA 20101205  4.79  4.71100.00 49.20 98.30 275.2
 MIA 20101206  4.89  4.80100.00 49.30 98.30 269.4
 MIA 20101207  4.68  4.60100.00 49.40 98.30 278.2
 MIA 20101208  4.65  4.50 98.50 49.50 98.30 278.6
 MIA 20101209  4.30  2.18 51.70 49.60 98.30 296.9
 MIA 20101210  4.41  4.34100.00 49.70 98.30 289.8
 MIA 20101211  4.75  4.67100.00 49.70 98.30 271.6
 MIA 20101212  4.57  4.35 96.90 49.80 98.30 279.8
 MIA 20101213  4.05  3.37 84.60 49.80 98.30 309.7
 MIA 20101214  4.11  4.04100.00 49.90 98.30 305.2
 MIA 20101215  4.25  4.18100.00 49.90 98.30 296.0
 MIA 20101216  4.72  4.62 99.70 49.90 98.30 271.0
 MIA 20101217  5.16  5.07100.00 50.00 98.30 251.1
 MIA 20101218  5.19  5.06 99.30 50.00 98.30 249.8
 MIA 20101219  4.67  4.35 94.70 50.00 98.30 272.6
 MIA 20101220  4.65  3.61 79.20 50.00 98.30 273.9
 MIA 20101221  4.80  4.28 90.90 50.00 98.30 266.8
 MIA 20101222  5.01  4.90 99.70 50.00 98.30 257.4
 MIA 20101223  5.22  5.08 99.10 49.90 98.30 249.0
 MIA 20101224  5.08  3.72 74.30 49.90 98.30 255.0
 MIA 20101225  4.88  4.14 86.40 49.90 98.30 263.8
 MIA 20101226  4.56  4.30 95.90 49.80 98.30 279.6
 MIA 20101227  4.63  4.55100.00 49.80 98.30 277.1
 MIA 20101228  4.69  4.59 99.70 49.70 98.30 274.9
 MIA 20101229  4.86  4.71 98.50 49.70 98.30 267.2
 MIA 20101230  4.94  2.92 60.10 49.60 98.30 264.3
 MIA 20101231  4.87  4.50 93.90 49.50 98.30 268.5
 MIA 20110101  5.17  4.98 97.90 49.50 98.30 256.2
