 OKC 20140103  2.34  2.23100.00 59.00 95.10 315.6
 OKC 20140104  2.36  2.24100.00 58.90 95.10 315.7
 OKC 20140105  2.22  1.93 91.80 58.80 95.10 336.6
 OKC 20140106  2.57  2.81100.00 58.70 95.10 296.8
 OKC 20140107  2.98  2.83100.00 58.60 95.10 262.7
 OKC 20140108  2.82  2.31 86.50 58.50 95.10 278.0
 OKC 20140109  2.51  1.79 75.10 58.30 95.10 310.2
 OKC 20140110  2.50  2.15 90.30 58.20 95.10 313.7
 OKC 20140111  2.58  2.45100.00 58.00 95.10 308.1
 OKC 20140112  2.93  2.78100.00 57.90 95.10 278.1
 OKC 20140113  2.36  2.25100.00 57.70 95.10 339.6
 OKC 20140114  2.48  1.42 60.50 57.60 95.10 328.3
 OKC 20140115  2.51  2.39100.00 57.40 95.10 327.6
 OKC 20140116  2.28  2.17100.00 57.20 95.10 361.3
 OKC 20140117  2.20  2.09100.00 57.00 95.10 377.0
 OKC 20140118  2.30  2.19100.00 56.80 95.10 365.5
 OKC 20140119  2.60  2.47100.00 56.60 95.10 331.1
 OKC 20140120  2.65  2.52100.00 56.40 95.10 328.9
 OKC 20140122  2.93  2.78 99.90 56.00 95.10 308.1
 OKC 20140123  2.81  2.16 80.80 55.80 95.10 323.5
 OKC 20140124  2.26  2.15100.00 55.60 95.10 398.5
 OKC 20140125  2.66  2.53100.00 55.30 95.10 347.5
 OKC 20140126  2.99  2.84100.00 55.10 95.10 316.7
 OKC 20140127  3.03  2.09 72.50 54.90 95.10 316.8
 OKC 20140128  2.33  2.19 98.50 54.60 95.10 407.2
 OKC 20140129  2.74  2.60100.00 54.40 95.10 356.5
 OKC 20140130  3.38  3.11 96.70 54.10 95.10 299.7
 OKC 20140131  3.36  2.35 73.40 53.80 95.20 305.6
 OKC 20140201  3.40  2.98 92.10 53.60 95.20 307.0
 OKC 20140202  3.39  1.55 46.80 53.30 95.20 311.9
 OKC 20140203  3.51  3.00 89.80 53.00 95.20 306.6
 OKC 20140204  3.13  1.49 37.20 52.70 95.20 343.3
 OKC 20140205  3.37  4.07 97.30 52.40 95.20 326.5
 OKC 20140206  3.23  3.23 83.90 52.20 95.20 343.3
 OKC 20140207  3.35  3.43 85.80 51.90 95.20 337.0
 OKC 20140208  3.30  2.85 90.60 51.60 95.20 346.1
 OKC 20140209  3.72  2.52 71.10 51.20 95.20 316.4
 OKC 20140210  3.58  2.94 83.80 50.90 95.20 331.3
 OKC 20140211  3.17  3.88 99.30 50.60 95.20 373.6
 OKC 20140212  2.97  2.82 99.60 50.30 95.20 402.0
 OKC 20140213  3.65  3.42 98.60 50.00 95.20 339.7
 OKC 20140214  3.61  3.34 97.30 49.60 95.20 347.9
 OKC 20140215  4.17  3.97100.00 49.30 95.20 311.4
 OKC 20140216  4.26  4.05 99.80 49.00 95.20 310.5
 OKC 20140217  3.94  3.75100.00 48.60 95.20 336.5
 OKC 20140218  3.93  3.74100.00 48.30 95.20 342.3
 OKC 20140219  4.16  3.40 85.80 48.00 95.20 330.6
 OKC 20140220  3.76  3.58100.00 47.60 95.20 365.3
 OKC 20140221  4.03  3.84100.00 47.20 95.20 349.0
 OKC 20140222  4.20  3.99 99.70 46.90 95.30 341.3
 OKC 20140223  4.36  3.52 84.90 46.50 95.30 335.4
 OKC 20140224  4.43  1.91 45.40 46.20 95.30 335.2
 OKC 20140225  4.35  2.05 49.80 45.80 95.30 345.2
 OKC 20140226  4.60  4.36 99.40 45.40 95.30 333.0
 OKC 20140227  4.44  4.23100.00 45.10 95.30 347.9
 OKC 20140228  4.70  4.41 98.40 44.70 95.30 336.2
 OKC 20140301  5.65  2.26 42.00 44.30 95.30 291.5
 OKC 20140302  4.95  1.29 27.50 43.90 94.90 330.0
 OKC 20140303  5.01  5.82 99.40 43.60 94.90 331.1
 OKC 20140304  4.76  4.52100.00 43.20 94.90 350.4
 OKC 20140305  4.82  3.70 80.90 42.80 94.90 351.0
 OKC 20140306  4.95  4.51 95.90 42.40 94.90 347.2
 OKC 20140307  5.47  4.72 90.80 42.00 94.90 322.9
 OKC 20140308  5.03  0.81 17.10 41.60 94.90 351.6
 OKC 20140309  4.80  4.56100.00 41.20 94.90 370.3
 OKC 20140310  5.50  5.22100.00 40.90 94.90 333.7
 OKC 20140311  6.18  5.86100.00 40.50 94.90 306.3
 OKC 20140312  6.00  5.70100.00 40.10 95.00 317.3
 OKC 20140313  6.21  5.90100.00 39.70 95.00 312.2
 OKC 20140314  6.05  5.73 99.70 39.30 95.00 322.7
 OKC 20140315  5.58  1.74 32.80 38.90 95.00 349.1
 OKC 20140316  5.42  1.89 36.70 38.50 95.00 361.7
 OKC 20140317  5.98  5.68100.00 38.10 95.00 336.7
 OKC 20140318  5.70  5.41100.00 37.70 95.00 354.8
 OKC 20140319  6.05  5.75100.00 37.30 95.00 341.1
 OKC 20140320  5.99  5.69100.00 36.90 95.00 347.6
 OKC 20140321  6.63  5.45 86.60 36.50 95.00 322.4
 OKC 20140322  6.88  6.53100.00 36.10 95.00 316.0
 OKC 20140323  6.97  5.76 87.00 35.70 95.00 315.6
 OKC 20140324  6.31  5.99100.00 35.30 95.00 346.6
 OKC 20140325  6.41  6.09100.00 34.90 95.00 345.2
 OKC 20140326  6.70  2.76 43.20 34.50 95.00 336.2
 OKC 20140327  6.77  6.39 99.30 34.10 95.00 336.0
 OKC 20140328  6.71  3.12 49.00 33.70 95.00 341.6
 OKC 20140329  7.21  6.85100.00 33.30 95.00 324.8
 OKC 20140330  7.57  7.10 98.70 32.90 95.00 314.6
 OKC 20140331  7.14  6.75 99.60 32.60 95.00 333.4
 OKC 20140401  7.65  4.73 65.00 32.20 95.00 317.3
 OKC 20140402  8.18  3.44 44.30 31.80 95.00 302.7
 OKC 20140403  8.03  7.57 99.20 31.40 95.00 310.1
 OKC 20140404  7.58  7.21100.00 31.00 95.10 327.7
 OKC 20140405  7.22  4.82 70.20 30.60 95.10 344.1
 OKC 20140406  6.90  3.04 46.00 30.20 95.10 360.3
 OKC 20140407  6.22  5.90 99.80 29.90 95.10 396.0
 OKC 20140408  6.52  6.20100.00 29.50 95.10 383.5
 OKC 20140409  7.79  7.40100.00 29.10 95.10 332.8
 OKC 20140410  8.25  7.51 95.80 28.70 95.10 319.4
 OKC 20140411  7.69  5.88 80.60 28.40 95.10 340.8
 OKC 20140412  8.03  4.18 54.40 28.00 95.10 331.2
 OKC 20140413  7.99  7.37 97.10 27.60 95.10 334.9
 OKC 20140414  6.75  4.62 71.90 27.30 95.10 387.6
 OKC 20140415  7.62  7.25100.00 26.90 95.10 352.5
 OKC 20140416  7.33  6.95 99.80 26.50 95.10 366.3
 OKC 20140417  7.18  2.21 32.20 26.20 95.10 374.9
 OKC 20140418  7.98  7.59100.00 25.80 95.10 345.4
 OKC 20140419  8.80  8.35 99.80 25.50 95.10 320.3
 OKC 20140420  8.57  7.35 90.10 25.20 95.10 329.4
 OKC 20140421  8.35  4.86 61.20 24.80 95.10 338.2
 OKC 20140422  9.03  8.58100.00 24.50 95.10 318.7
 OKC 20140423  9.47  9.01100.00 24.10 95.10 308.0
 OKC 20140424  8.23  6.99 89.10 23.80 95.10 347.4
 OKC 20140425  8.84  8.41100.00 23.50 95.10 329.0
 OKC 20140426  9.50  8.83 97.80 23.20 95.10 311.5
 OKC 20140427  7.98  7.59100.00 22.90 95.10 361.3
 OKC 20140428  7.23  5.52 80.30 22.60 95.10 394.1
 OKC 20140429  7.82  3.98 53.50 22.20 95.10 370.7
 OKC 20140430  7.63  7.26100.00 21.90 95.10 379.5
 OKC 20140501  7.57  7.21100.00 21.60 95.10 383.6
 OKC 20140502  7.82  7.41100.00 21.40 94.80 375.0
 OKC 20140503  8.37  7.94100.00 21.10 94.80 355.6
 OKC 20140504  8.87  8.41100.00 20.80 94.80 340.1
 OKC 20140505  9.09  8.62100.00 20.50 94.80 334.7
 OKC 20140506  9.63  9.12100.00 20.20 94.80 320.2
 OKC 20140507  9.59  8.53 93.80 20.00 94.80 322.3
 OKC 20140508 10.10  5.08 53.60 19.70 94.80 310.2
 OKC 20140509  8.87  8.39 99.80 19.40 94.80 346.0
 OKC 20140510 10.10  9.57100.00 19.20 94.80 311.8
 OKC 20140511 10.41  9.87100.00 18.90 94.80 304.8
 OKC 20140512 10.26  1.78 18.30 18.70 94.80 309.2
 OKC 20140513  9.79  6.47 69.70 18.50 94.80 321.9
 OKC 20140514  7.61  6.82 94.50 18.20 94.80 397.9
 OKC 20140515  7.92  6.29 83.70 18.00 94.80 385.4
 OKC 20140516  8.89  8.42 99.90 17.80 94.80 351.1
 OKC 20140517  8.50  7.90 98.00 17.60 94.80 365.0
 OKC 20140518  8.88  8.34 99.10 17.40 94.80 353.0
 OKC 20140519  9.65  9.07 99.10 17.20 94.80 330.3
 OKC 20140520  9.97  9.43 99.80 17.00 94.80 321.9
 OKC 20140521  9.88  7.19 76.80 16.80 94.80 325.1
 OKC 20140522 10.10  9.27 96.80 16.60 94.80 319.5
 OKC 20140523 10.40  8.03 81.40 16.40 94.80 312.8
 OKC 20140524 10.04  9.36 98.40 16.20 94.80 322.5
 OKC 20140525 10.35  7.68 78.40 16.10 94.80 315.1
 OKC 20140526  9.19  7.89 90.60 15.90 94.80 347.9
 OKC 20140527  8.96  6.75 79.60 15.70 94.80 355.7
 OKC 20140528  9.47  8.95 99.70 15.60 94.80 340.4
 OKC 20140529 10.20  9.67100.00 15.40 94.80 320.4
 OKC 20140530 10.32  9.69 99.00 15.30 94.80 317.8
 OKC 20140531 10.71 10.11 99.60 15.20 94.80 308.9
 OKC 20140601 11.10  7.47 70.90 15.10 94.80 299.8
 OKC 20140602 10.70 10.12 99.80 14.90 94.80 309.8
 OKC 20140603 11.14 10.42 98.70 14.80 94.80 299.6
 OKC 20140604 10.86 10.28 99.90 14.70 94.80 306.4
 OKC 20140605 11.01 10.35 99.20 14.60 94.80 303.0
 OKC 20140607 10.39  9.70 98.50 14.40 94.80 318.1
 OKC 20140608 10.66  5.96 59.30 14.40 94.80 311.8
 OKC 20140609  9.30  2.65 30.60 14.30 94.80 348.9
 OKC 20140610  9.59  5.34 58.70 14.20 94.80 339.8
 OKC 20140611  9.93  9.31 98.90 14.20 94.80 330.8
 OKC 20140612  9.70  7.73 84.00 14.10 94.80 337.1
 OKC 20140613 10.63 10.07100.00 14.10 94.80 313.0
 OKC 20140614 10.95 10.26 98.90 14.00 94.80 305.5
 OKC 20140615 10.91  9.43 91.10 14.00 94.80 306.4
 OKC 20140616 11.05 10.48100.00 13.90 94.80 303.1
 OKC 20140617 10.99 10.36 99.40 13.90 94.80 304.5
 OKC 20140618 10.85 10.01 97.40 13.90 94.80 307.9
 OKC 20140619 11.28  9.85 92.10 13.90 94.80 298.0
 OKC 20140620 11.18 10.52 99.30 13.90 94.80 300.2
 OKC 20140621 10.65 10.06 99.70 13.90 94.80 312.5
 OKC 20140622 10.89 10.28 99.60 13.90 94.80 306.8
 OKC 20140623 10.23  7.18 74.10 13.90 94.80 322.6
 OKC 20140624 10.02  8.13 85.40 13.90 94.80 328.2
 OKC 20140625 10.37  6.36 64.70 14.00 94.80 318.9
 OKC 20140626 10.21  9.23 95.30 14.00 94.80 322.9
 OKC 20140627 10.42  9.88100.00 14.00 94.80 317.4
 OKC 20140629 10.86  9.78 95.00 14.10 94.80 306.7
 OKC 20140630 10.48  9.94100.00 14.20 94.80 315.6
 OKC 20140701 10.61  6.40 63.70 14.30 94.80 312.3
 OKC 20140702 10.29  9.54 97.90 14.30 94.80 319.9
 OKC 20140703 10.24  9.71100.00 14.40 94.80 320.9
 OKC 20140704 10.57  9.91 98.90 14.50 94.80 312.7
 OKC 20140705 11.05  9.69 92.50 14.60 94.80 301.1
 OKC 20140706 10.27  8.67 89.00 14.70 94.80 319.3
 OKC 20140707 10.91 10.34100.00 14.80 94.80 304.0
 OKC 20140708 10.56  9.97 99.60 14.90 94.80 311.9
 OKC 20140709 10.73 10.17100.00 15.00 94.80 307.5
 OKC 20140710 10.94  9.39 90.50 15.10 94.80 302.0
 OKC 20140711 11.06 10.48100.00 15.20 94.80 299.1
 OKC 20140712 11.39 10.80100.00 15.40 94.80 291.6
 OKC 20140713 11.42 10.83100.00 15.50 94.80 290.6
 OKC 20140714 10.84 10.28100.00 15.70 94.80 302.7
 OKC 20140715 10.05  9.53100.00 15.80 94.80 321.4
 OKC 20140716 10.44  4.49 45.30 16.00 94.80 311.4
 OKC 20140717 10.33  2.34 24.10 16.10 94.80 313.8
 OKC 20140718  9.83  4.95 53.20 16.30 94.80 325.9
 OKC 20140719 10.37  9.81 99.80 16.50 94.80 311.3
 OKC 20140720 10.00  9.48100.00 16.70 94.80 320.0
 OKC 20140721 10.97 10.39100.00 16.90 94.80 296.1
 OKC 20140722 11.12 10.25 97.20 17.10 94.80 292.2
 OKC 20140723 11.25 10.66100.00 17.30 94.80 288.8
 OKC 20140724 11.01 10.44100.00 17.50 94.80 293.2
 OKC 20140725 10.80 10.21 99.80 17.70 94.80 297.2
 OKC 20140726 10.89 10.31100.00 17.90 94.80 294.6
 OKC 20140727 10.64  9.31 92.40 18.10 94.80 299.4
 OKC 20140728 10.36  9.71 98.90 18.30 94.80 305.4
 OKC 20140729 10.10  8.68 90.80 18.60 94.80 310.9
 OKC 20140730 10.50  0.71  7.10 18.80 94.80 300.4
 OKC 20140731 10.47  8.68 87.60 19.10 94.80 300.2
 OKC 20140801 10.25  9.25 95.30 19.30 94.80 304.8
 OKC 20140802 10.13  9.20 95.80 19.60 94.80 306.8
 OKC 20140803 10.21  9.68100.00 19.80 94.80 304.0
 OKC 20140804 10.63 10.07100.00 20.10 94.80 293.3
 OKC 20140805 10.67 10.12100.00 20.40 94.80 291.2
 OKC 20140806 10.40  9.85100.00 20.60 94.80 296.3
 OKC 20140807 10.63 10.08100.00 20.90 94.80 289.9
 OKC 20140808 10.74 10.08 99.10 21.20 94.80 286.3
 OKC 20140809 10.73  4.44 43.60 21.50 94.80 285.4
 OKC 20140810 10.73 10.12 99.50 21.80 94.80 284.1
 OKC 20140811 10.17  9.64100.00 22.10 94.80 295.6
 OKC 20140812  9.75  9.24100.00 22.40 94.80 304.7
 OKC 20140813  9.98  9.45100.00 22.70 94.80 297.7
 OKC 20140814 10.19  9.64 99.80 23.00 94.80 291.4
 OKC 20140815  9.93  9.19 97.70 23.30 94.70 296.3
 OKC 20140816  9.74  9.16 99.20 23.70 94.70 299.3
 OKC 20140817  9.49  8.99100.00 24.00 94.70 304.6
 OKC 20140818  9.71  9.20100.00 24.30 94.70 297.4
 OKC 20140819  9.71  9.18 99.80 24.60 94.70 296.0
 OKC 20140820  9.88  9.33 99.80 25.00 94.70 290.6
 OKC 20140821  9.94  9.42100.00 25.30 94.70 287.3
 OKC 20140822 10.08  9.46 99.00 25.70 94.70 282.2
 OKC 20140823  9.50  9.00100.00 26.00 94.70 294.7
 OKC 20140824  9.80  9.19 99.00 26.40 94.70 285.5
 OKC 20140825  9.65  9.14100.00 26.70 94.70 287.3
 OKC 20140826  9.72  9.11 99.00 27.10 94.70 283.8
 OKC 20140827  9.74  9.22100.00 27.40 94.70 281.5
 OKC 20140828  9.54  9.02 99.80 27.80 94.70 284.4
 OKC 20140829  8.87  8.40100.00 28.20 94.70 299.8
 OKC 20140830  8.81  8.35100.00 28.50 94.70 299.5
 OKC 20140831  9.11  8.63100.00 28.90 94.70 289.5
 OKC 20140901  9.13  8.65100.00 29.30 94.70 287.1
 OKC 20140902  8.96  8.01 94.00 29.70 95.10 289.5
 OKC 20140903  9.02  8.58100.00 30.00 95.10 285.7
 OKC 20140904  9.02  8.56 99.80 30.40 95.10 283.4
 OKC 20140905  9.33  6.89 77.70 30.80 95.10 273.6
 OKC 20140906  9.03  2.34 27.30 31.20 95.10 278.6
 OKC 20140907  8.99  8.53 99.90 31.60 95.00 277.3
 OKC 20140908  8.77  8.33100.00 32.00 95.00 280.6
 OKC 20140909  8.95  8.50100.00 32.40 95.00 273.8
 OKC 20140910  9.04  8.56 99.60 32.70 95.00 269.2
 OKC 20140911  8.77  8.33100.00 33.10 95.00 273.6
 OKC 20140912  8.83  3.34 39.80 33.50 95.00 269.8
 OKC 20140913  8.39  7.97100.00 33.90 95.00 278.4
 OKC 20140918  7.87  7.48100.00 35.90 95.00 279.6
 OKC 20140919  7.83  7.41 99.60 36.30 95.00 278.2
 OKC 20140920  7.84  7.41 99.50 36.70 95.00 275.1
 OKC 20140921  7.74  7.29 99.10 37.10 95.00 275.1
 OKC 20140922  7.64  7.25100.00 37.50 95.00 275.3
 OKC 20140923  7.68  7.30100.00 37.90 95.00 271.2
 OKC 20140924  7.19  5.30 77.60 38.30 95.00 283.2
 OKC 20140925  6.95  6.43 97.40 38.70 95.00 288.3
 OKC 20140926  6.82  6.38 98.60 39.10 95.00 289.5
 OKC 20140927  6.89  6.53 99.90 39.50 95.00 283.8
 OKC 20140928  7.05  6.70100.00 39.90 95.00 275.1
 OKC 20140929  7.18  6.81100.00 40.30 95.00 268.2
 OKC 20140930  7.02  6.65 99.90 40.70 94.90 270.1
 OKC 20141001  6.63  6.29100.00 41.10 94.90 279.5
 OKC 20141002  6.15  5.69 97.60 41.40 94.90 294.5
 OKC 20141003  5.83  5.53100.00 41.80 94.90 303.9
 OKC 20141004  5.64  5.36100.00 42.20 94.90 308.5
 OKC 20141005  5.65  5.35 99.70 42.60 94.90 304.1
 OKC 20141006  5.26  4.92 98.60 43.00 94.90 318.9
 OKC 20141007  5.55  5.27100.00 43.40 94.90 300.9
 OKC 20141008  5.78  5.46 99.60 43.80 94.90 287.5
 OKC 20141009  6.02  5.69 99.50 44.10 94.90 274.2
 OKC 20141010  5.93  1.28 22.70 44.50 94.90 274.0
 OKC 20141011  5.73  4.55 83.60 44.90 94.90 278.2
 OKC 20141012  5.33  4.99 98.60 45.30 94.90 292.1
 OKC 20141013  4.56  1.95 45.20 45.60 94.90 329.1
 OKC 20141014  4.86  4.61100.00 46.00 94.90 307.5
 OKC 20141015  5.62  5.34100.00 46.40 94.90 268.5
 OKC 20141016  5.89  5.55 99.30 46.70 94.90 254.9
 OKC 20141017  5.46  5.16 99.70 47.10 94.90 268.1
 OKC 20141018  4.99  4.74100.00 47.40 94.90 284.9
 OKC 20141019  4.56  4.30 99.60 47.80 94.80 303.6
 OKC 20141020  4.83  4.58100.00 48.10 94.80 285.3
 OKC 20141021  5.03  4.44 93.20 48.50 94.80 272.0
 OKC 20141022  4.80  4.55100.00 48.80 94.80 278.7
 OKC 20141023  4.72  3.74 83.60 49.10 94.80 278.6
 OKC 20141024  4.90  4.65100.00 49.50 94.80 266.4
 OKC 20141025  5.18  4.91100.00 49.80 94.80 250.9
 OKC 20141026  5.07  4.81100.00 50.10 94.80 251.8
 OKC 20141027  5.17  4.66 95.10 50.50 94.80 244.5
 OKC 20141028  4.56  4.31 99.70 50.80 94.80 268.2
 OKC 20141029  4.64  4.40100.00 51.10 94.80 260.6
 OKC 20141030  4.66  4.42100.00 51.40 94.80 256.4
 OKC 20141031  4.56  4.32100.00 51.70 94.80 257.6
 OKC 20141101  4.44  4.21100.00 52.00 94.80 259.8
 OKC 20141102  4.50  3.91 91.40 52.30 95.20 253.9
 OKC 20141103  4.39  1.15 27.60 52.60 95.20 255.6
 OKC 20141104  4.44  0.85 20.40 52.90 95.20 250.0
 OKC 20141105  4.03  2.62 68.40 53.20 95.20 267.8
 OKC 20141106  4.17  3.97100.00 53.40 95.20 256.6
 OKC 20141107  4.12  3.92100.00 53.70 95.20 256.0
 OKC 20141108  3.69  3.51100.00 54.00 95.10 277.1
 OKC 20141109  3.96  3.77100.00 54.20 95.10 257.4
 OKC 20141110  3.71  3.53100.00 54.50 95.10 268.7
 OKC 20141111  3.72  3.54100.00 54.70 95.10 264.5
 OKC 20141112  3.55  3.37 99.80 55.00 95.10 272.3
 OKC 20141113  3.33  3.15 99.50 55.20 95.10 284.2
 OKC 20141114  3.32  3.13 99.00 55.50 95.10 281.5
 OKC 20141115  3.29  2.94 93.80 55.70 95.10 280.2
 OKC 20141116  3.04  1.00 33.60 55.90 95.10 297.7
 OKC 20141117  2.66  2.53100.00 56.10 95.10 331.2
 OKC 20141118  2.68  2.54100.00 56.30 95.10 325.4
 OKC 20141119  2.79  2.66100.00 56.50 95.10 310.1
 OKC 20141120  2.95  2.81100.00 56.70 95.10 292.3
 OKC 20141121  3.06  1.56 53.80 56.90 95.10 280.2
 OKC 20141122  2.92  1.36 49.00 57.10 95.10 289.1
 OKC 20141123  2.98  1.62 57.20 57.30 95.10 281.3
 OKC 20141124  2.77  2.64100.00 57.50 95.10 296.7
 OKC 20141125  2.50  2.37 99.90 57.70 95.10 322.0
 OKC 20141126  2.55  2.34 96.30 57.80 95.10 313.2
 OKC 20141127  2.81  2.67100.00 58.00 95.10 285.0
 OKC 20141128  2.94  2.79100.00 58.10 95.10 272.1
 OKC 20141129  3.12  2.97100.00 58.30 95.10 255.9
 OKC 20141130  3.04  2.89 99.90 58.40 95.10 260.0
 OKC 20141201  2.82  2.56 95.70 58.50 95.10 275.3
 OKC 20141202  2.73  2.59 99.90 58.70 95.10 281.0
 OKC 20141203  2.80  1.82 68.30 58.80 95.10 272.8
 OKC 20141204  2.80  1.39 52.30 58.90 95.10 271.0
 OKC 20141205  2.59  0.94 38.30 59.00 95.10 288.1
 OKC 20141206  2.74  1.67 63.90 59.10 95.10 273.1
 OKC 20141207  2.61  1.73 69.60 59.20 95.10 283.5
 OKC 20141208  2.65  2.52100.00 59.30 95.10 278.3
 OKC 20141209  2.63  2.49 99.90 59.30 95.10 278.8
 OKC 20141210  2.54  2.33 96.50 59.40 95.10 285.8
 OKC 20141211  2.47  2.35100.00 59.50 95.10 291.8
 OKC 20141212  2.44  1.16 50.00 59.50 95.10 294.2
 OKC 20141213  2.77  1.32 50.40 59.60 95.10 262.3
 OKC 20141214  2.69  0.88 34.40 59.60 95.10 268.0
 OKC 20141215  2.54  2.41100.00 59.70 95.10 281.7
 OKC 20141216  2.51  2.39100.00 59.70 95.10 283.9
 OKC 20141217  2.60  0.52 21.20 59.70 95.10 274.8
 OKC 20141218  2.51  0.81 33.90 59.70 95.10 282.9
 OKC 20141219  2.34  1.94 87.40 59.70 95.10 301.7
 OKC 20141220  2.39  2.27100.00 59.70 95.10 295.8
 OKC 20141221  2.25  1.35 63.40 59.70 95.10 312.3
 OKC 20141222  2.13  1.34 66.50 59.70 95.10 328.9
 OKC 20141223  1.96  1.33 71.30 59.70 95.10 355.8
 OKC 20141224  1.97  1.87100.00 59.70 95.10 355.2
 OKC 20141225  2.39  2.18 96.10 59.60 95.10 298.0
 OKC 20141226  2.61  0.86 34.50 59.60 95.10 276.4
 OKC 20141227  2.60  1.21 49.00 59.60 95.10 278.0
 OKC 20141228  2.34  2.22100.00 59.50 95.10 307.0
 OKC 20141229  2.46  2.34100.00 59.40 95.10 294.5
 OKC 20141230  2.41  2.29100.00 59.40 95.10 301.2
 OKC 20141231  2.55  2.31 95.20 59.30 95.10 287.8
 OKC 20150101  2.86  1.89 69.60 59.20 95.10 261.7
