 PHX 20140103  3.09  2.92100.00 57.00 94.60 288.3
 PHX 20140104  3.17  2.95 98.60 56.90 94.60 283.6
 PHX 20140105  3.42  3.24100.00 56.80 94.60 267.0
 PHX 20140106  3.51  3.32100.00 56.70 94.60 262.7
 PHX 20140107  3.46  3.27100.00 56.60 94.60 267.9
 PHX 20140108  3.04  2.88100.00 56.40 94.60 301.0
 PHX 20140109  2.89  2.73100.00 56.30 94.60 317.6
 PHX 20140110  3.14  2.97100.00 56.20 94.60 297.2
 PHX 20140111  3.61  3.42100.00 56.00 94.60 265.5
 PHX 20140112  3.24  3.07100.00 55.90 94.60 293.7
 PHX 20140113  3.05  2.88100.00 55.70 94.60 312.5
 PHX 20140114  2.88  2.73100.00 55.50 94.60 331.4
 PHX 20140115  2.92  2.76100.00 55.40 94.60 330.2
 PHX 20140116  3.11  2.94100.00 55.20 94.60 315.2
 PHX 20140117  2.98  2.82100.00 55.00 94.60 330.2
 PHX 20140118  3.29  3.11100.00 54.80 94.60 305.7
 PHX 20140119  3.52  3.30 99.00 54.60 94.60 291.5
 PHX 20140120  3.60  3.41100.00 54.40 94.60 289.0
 PHX 20140122  3.85  3.64100.00 54.00 94.60 278.6
 PHX 20140123  3.56  3.36 99.90 53.80 94.60 301.6
 PHX 20140124  3.61  3.25 95.20 53.60 94.60 301.3
 PHX 20140125  3.70  3.51100.00 53.30 94.60 298.2
 PHX 20140126  3.99  3.78100.00 53.10 94.60 283.1
 PHX 20140127  4.06  3.81 99.10 52.80 94.60 281.9
 PHX 20140128  3.82  3.61 99.90 52.60 94.60 300.7
 PHX 20140129  4.01  3.79100.00 52.30 94.70 292.2
 PHX 20140130  4.27  3.96 98.00 52.10 94.70 279.9
 PHX 20140131  3.64  0.90 26.00 51.80 94.70 325.3
 PHX 20140201  3.52  3.33100.00 51.60 94.70 339.2
 PHX 20140202  4.00  3.78100.00 51.30 94.70 307.3
 PHX 20140203  3.66  3.20 92.20 51.00 94.70 335.7
 PHX 20140204  3.91  3.70100.00 50.70 94.70 320.8
 PHX 20140205  3.96  3.50 93.50 50.40 94.70 321.3
 PHX 20140206  3.87  1.91 52.10 50.10 94.70 331.5
 PHX 20140207  4.08  3.67 95.10 49.80 94.70 321.1
 PHX 20140208  4.53  4.28 99.90 49.50 94.70 297.6
 PHX 20140209  4.86  4.60100.00 49.20 94.70 283.9
 PHX 20140210  4.27  4.05100.00 48.90 94.70 320.9
 PHX 20140211  4.34  4.08 99.20 48.60 94.70 320.9
 PHX 20140212  4.75  4.50100.00 48.30 94.70 300.9
 PHX 20140213  5.08  4.81100.00 48.00 94.70 288.4
 PHX 20140214  5.33  5.05100.00 47.60 94.70 280.0
 PHX 20140215  5.45  5.17100.00 47.30 94.70 278.5
 PHX 20140216  5.28  4.82 96.30 47.00 94.70 290.2
 PHX 20140217  4.73  4.48100.00 46.60 94.70 322.3
 PHX 20140218  4.93  4.66 99.80 46.30 94.70 315.5
 PHX 20140219  4.74  4.44 98.90 45.90 94.80 330.2
 PHX 20140220  4.54  4.30100.00 45.60 94.80 346.8
 PHX 20140221  4.78  4.52 99.80 45.20 94.80 335.8
 PHX 20140222  5.12  4.85100.00 44.90 94.80 320.9
 PHX 20140223  5.69  5.22 96.80 44.50 94.80 297.3
 PHX 20140224  5.54  5.25100.00 44.20 94.80 308.4
 PHX 20140225  6.04  5.58 97.50 43.80 94.80 290.4
 PHX 20140226  5.94  5.62 99.80 43.40 94.80 297.8
 PHX 20140227  6.25  5.69 96.00 43.00 94.80 289.3
 PHX 20140228  6.11  3.59 62.00 42.70 94.80 298.0
 PHX 20140301  5.05  3.30 68.90 42.30 94.80 354.5
 PHX 20140302  5.54  5.16 99.30 41.90 93.90 332.1
 PHX 20140303  5.82  5.46100.00 41.50 93.90 322.3
 PHX 20140304  6.15  5.48 94.90 41.20 93.90 311.4
 PHX 20140305  6.74  6.23 98.50 40.80 93.90 291.8
 PHX 20140306  7.01  6.35 96.40 40.40 93.90 285.6
 PHX 20140307  5.80  5.44100.00 40.00 93.90 338.4
 PHX 20140308  5.96  5.60100.00 39.60 93.90 334.6
 PHX 20140309  6.90  6.48100.00 39.20 93.90 299.1
 PHX 20140310  7.18  6.74100.00 38.80 93.90 293.1
 PHX 20140311  7.46  6.96 99.30 38.40 93.90 286.9
 PHX 20140312  7.43  6.98100.00 38.00 93.90 291.1
 PHX 20140313  7.01  5.75 87.30 37.70 93.90 308.9
 PHX 20140314  6.21  5.80 99.40 37.30 93.90 345.3
 PHX 20140315  7.02  6.60100.00 36.90 93.90 314.8
 PHX 20140316  7.35  6.90100.00 36.50 93.90 306.5
 PHX 20140317  7.67  7.20100.00 36.10 93.90 298.5
 PHX 20140318  7.06  6.63 99.90 35.70 93.90 323.1
 PHX 20140319  6.81  6.39100.00 35.30 93.90 336.6
 PHX 20140320  7.71  7.10 98.00 34.90 94.00 306.4
 PHX 20140321  7.36  6.91100.00 34.50 94.00 321.5
 PHX 20140322  7.88  7.41100.00 34.10 94.00 306.5
 PHX 20140323  7.71  7.23 99.90 33.70 94.00 315.2
 PHX 20140324  7.47  7.01100.00 33.30 94.00 326.7
 PHX 20140325  6.83  6.42100.00 32.90 94.00 354.8
 PHX 20140326  7.31  6.76 98.40 32.50 94.00 338.1
 PHX 20140327  7.49  7.00 99.40 32.10 94.00 334.4
 PHX 20140328  8.46  7.95100.00 31.70 94.00 304.9
 PHX 20140329  8.73  8.21100.00 31.30 94.00 299.3
 PHX 20140330  8.63  7.53 92.90 30.90 94.00 305.1
 PHX 20140331  8.16  7.67100.00 30.50 94.00 322.1
 PHX 20140401  8.18  7.69100.00 30.10 94.00 324.0
 PHX 20140402  7.75  7.28 99.90 29.70 94.00 341.3
 PHX 20140403  7.76  7.30100.00 29.40 94.00 343.4
 PHX 20140404  7.73  7.13 98.00 29.00 94.00 347.1
 PHX 20140405  6.71  6.31100.00 28.60 94.00 393.8
 PHX 20140406  7.41  6.97100.00 28.20 94.00 364.5
 PHX 20140407  9.00  8.46100.00 27.80 94.00 312.7
 PHX 20140408  9.80  9.21100.00 27.40 94.00 293.4
 PHX 20140409  9.69  8.99 98.70 27.10 94.00 298.0
 PHX 20140410  9.32  8.71 99.40 26.70 94.00 309.8
 PHX 20140411  8.84  7.65 92.10 26.30 94.00 325.7
 PHX 20140412  8.43  7.93100.00 26.00 94.10 340.8
 PHX 20140413  8.76  8.24100.00 25.60 94.10 332.4
 PHX 20140414  9.12  8.58100.00 25.20 94.10 323.1
 PHX 20140415  9.55  8.25 91.90 24.90 94.10 313.3
 PHX 20140416  8.94  8.41100.00 24.50 94.10 332.4
 PHX 20140417  9.28  8.68 99.40 24.20 94.10 323.7
 PHX 20140418  9.40  7.17 81.00 23.80 94.10 321.7
 PHX 20140419  9.16  8.59 99.70 23.50 94.10 330.5
 PHX 20140420  8.96  8.43100.00 23.10 94.10 338.3
 PHX 20140421 10.02  9.42100.00 22.80 94.10 310.1
 PHX 20140422 10.34  9.73100.00 22.50 94.10 303.4
 PHX 20140423  8.76  8.24100.00 22.10 94.10 349.5
 PHX 20140424  9.95  9.35 99.90 21.80 94.10 316.0
 PHX 20140425  9.81  9.18 99.40 21.50 94.10 320.9
 PHX 20140426  7.96  6.22 83.10 21.20 94.10 383.2
 PHX 20140427  9.20  8.66100.00 20.80 94.10 341.1
 PHX 20140428  9.85  9.26100.00 20.50 94.10 324.1
 PHX 20140429  9.71  9.14100.00 20.20 94.10 329.2
 PHX 20140430  9.67  9.10100.00 19.90 94.10 331.8
 PHX 20140501  9.20  8.66100.00 19.60 94.10 346.7
 PHX 20140502  9.66  9.00100.00 19.30 93.10 333.9
 PHX 20140503  9.68  9.02100.00 19.00 93.10 334.3
 PHX 20140504 10.08  9.38100.00 18.80 93.10 324.4
 PHX 20140505  9.96  9.18 99.00 18.50 93.10 328.5
 PHX 20140506  9.73  9.06100.00 18.20 93.10 335.7
 PHX 20140507  8.35  7.49 96.30 17.90 93.10 381.9
 PHX 20140508  8.88  8.27100.00 17.70 93.10 363.9
 PHX 20140509 10.27  9.57100.00 17.40 93.10 323.6
 PHX 20140510 10.14  9.44100.00 17.20 93.10 328.1
 PHX 20140511  9.46  8.82100.00 16.90 93.20 348.0
 PHX 20140512  8.98  8.36100.00 16.70 93.20 364.2
 PHX 20140513  9.75  9.08100.00 16.40 93.20 340.8
 PHX 20140514 10.33  9.62100.00 16.20 93.20 326.1
 PHX 20140515 10.00  9.32100.00 16.00 93.20 335.5
 PHX 20140516 11.29 10.47 99.50 15.80 93.20 304.3
 PHX 20140517 10.73 10.00100.00 15.60 93.20 317.8
 PHX 20140518 10.68  9.89 99.40 15.40 93.20 319.7
 PHX 20140519 10.56  9.84100.00 15.20 93.20 323.4
 PHX 20140520 10.63  9.91100.00 15.00 93.20 322.0
 PHX 20140521  9.88  9.20100.00 14.80 93.20 342.5
 PHX 20140522  9.80  9.12 99.90 14.60 93.20 345.3
 PHX 20140523  8.79  8.19100.00 14.40 93.20 378.2
 PHX 20140524  8.66  8.04 99.70 14.20 93.20 383.3
 PHX 20140525  9.44  7.62 86.70 14.10 93.20 357.3
 PHX 20140526 10.41  9.69100.00 13.90 93.20 330.2
 PHX 20140527 11.18 10.41100.00 13.80 93.20 311.7
 PHX 20140528 11.46  9.81 91.80 13.60 93.20 305.5
 PHX 20140529 11.37  4.57 43.20 13.50 93.20 307.9
 PHX 20140530 11.81 11.01100.00 13.30 93.20 298.4
 PHX 20140531 12.12 11.29100.00 13.20 93.20 292.7
 PHX 20140601 12.48 11.62100.00 13.10 93.20 286.0
 PHX 20140602 12.44 11.42 98.50 13.00 93.20 286.8
 PHX 20140603 12.28 11.38 99.50 12.90 93.20 290.2
 PHX 20140604 11.92 11.10100.00 12.70 93.20 297.3
 PHX 20140605 11.91 11.10100.00 12.70 93.20 297.6
 PHX 20140607 11.46 10.68100.00 12.50 93.20 307.7
 PHX 20140608 12.08 11.25100.00 12.40 93.20 294.8
 PHX 20140609 12.14 11.31100.00 12.30 93.20 293.7
 PHX 20140610 12.20 11.37100.00 12.30 93.20 292.6
 PHX 20140611 12.31 11.47100.00 12.20 93.20 290.7
 PHX 20140612 12.28 11.44100.00 12.10 93.20 291.2
 PHX 20140613 12.53 11.67100.00 12.10 93.20 286.6
 PHX 20140614 11.67 10.87100.00 12.00 93.20 303.7
 PHX 20140615 12.20 11.36 99.90 12.00 93.20 292.9
 PHX 20140616 11.65 10.86100.00 12.00 93.20 304.1
 PHX 20140617 11.35 10.57100.00 12.00 93.20 311.0
 PHX 20140618 10.93 10.18100.00 11.90 93.20 320.4
 PHX 20140619 11.02 10.27100.00 11.90 93.20 318.3
 PHX 20140620 11.77 10.91 99.50 11.90 93.20 301.4
 PHX 20140621 12.16 11.33100.00 11.90 93.20 293.6
 PHX 20140622 11.20 10.43100.00 11.90 93.20 314.2
 PHX 20140623 11.02 10.27100.00 12.00 93.20 318.0
 PHX 20140624 11.72 10.87 99.50 12.00 93.20 302.3
 PHX 20140625 11.13 10.37100.00 12.00 93.20 315.4
 PHX 20140626 11.57 10.67 99.00 12.00 93.20 305.5
 PHX 20140627 11.32 10.55100.00 12.10 93.20 311.0
 PHX 20140629 12.03 11.21100.00 12.20 93.20 295.5
 PHX 20140630 12.17 11.34100.00 12.20 93.20 292.6
 PHX 20140701 12.08 11.26100.00 12.30 93.20 294.2
 PHX 20140702 12.02 11.20100.00 12.40 93.20 295.2
 PHX 20140703 11.90 11.09100.00 12.40 93.20 297.3
 PHX 20140704 12.23  9.95 87.30 12.50 93.20 290.8
 PHX 20140705 12.69 11.70 98.90 12.60 93.20 281.5
 PHX 20140706 12.72 11.85100.00 12.70 93.20 280.9
 PHX 20140707 11.90 11.03 99.50 12.80 93.20 296.5
 PHX 20140708 11.74 10.93 99.90 12.90 93.20 299.5
 PHX 20140709 11.67 10.21 93.80 13.00 93.20 300.6
 PHX 20140710 11.91 10.95 98.60 13.10 93.20 295.6
 PHX 20140711 11.82 10.91 99.00 13.30 93.20 297.0
 PHX 20140712 11.97 11.10 99.50 13.40 93.20 293.8
 PHX 20140713 12.22 10.24 89.90 13.50 93.20 288.6
 PHX 20140714 12.24 11.25 98.70 13.70 93.20 287.9
 PHX 20140715 12.19 11.35100.00 13.80 93.20 288.6
 PHX 20140716 12.07 10.94 97.20 14.00 93.20 290.5
 PHX 20140717 11.54 10.75100.00 14.10 93.20 300.8
 PHX 20140718 11.74 10.53 96.30 14.30 93.20 296.4
 PHX 20140719 11.90 11.09100.00 14.50 93.20 292.7
 PHX 20140720 11.69 10.89100.00 14.70 93.20 296.6
 PHX 20140721 12.28 10.57 92.40 14.90 93.20 284.4
 PHX 20140722 12.42  7.01 60.60 15.10 93.20 281.1
 PHX 20140723 11.95 11.13100.00 15.30 93.20 289.9
 PHX 20140724 11.76 10.90 99.50 15.50 93.20 293.2
 PHX 20140725 11.40 10.62100.00 15.70 93.20 299.6
 PHX 20140726 11.53 10.74100.00 15.90 93.20 296.5
 PHX 20140727 11.34 10.57100.00 16.10 93.20 299.6
 PHX 20140728 11.99  7.66 68.60 16.30 93.20 285.8
 PHX 20140729 11.86 10.99 99.50 16.60 93.20 287.7
 PHX 20140730 11.50 10.71100.00 16.80 93.20 294.4
 PHX 20140731 11.38 10.60 99.90 17.00 93.10 296.0
 PHX 20140801 11.53 10.54 98.10 17.30 93.10 292.2
 PHX 20140802 11.42  7.21 67.70 17.60 93.10 293.7
 PHX 20140803 11.62 10.81 99.90 17.80 93.10 288.8
 PHX 20140804 11.86 11.04100.00 18.10 93.10 283.0
 PHX 20140805 12.25 11.41100.00 18.30 93.10 274.9
 PHX 20140806 11.68 10.88100.00 18.60 93.10 285.0
 PHX 20140807 11.33 10.55100.00 18.90 93.10 291.4
 PHX 20140808 11.45 10.66100.00 19.20 93.10 288.0
 PHX 20140809 11.36 10.58100.00 19.50 93.10 289.0
 PHX 20140810 11.57 10.78100.00 19.80 93.10 283.5
 PHX 20140811 11.51 10.71100.00 20.10 93.10 283.9
 PHX 20140812 11.40  9.58 90.20 20.40 93.10 285.0
 PHX 20140813 11.46 10.57 99.10 20.70 93.10 282.5
 PHX 20140814 11.27 10.50100.00 21.00 93.10 285.1
 PHX 20140815 10.83 10.09100.00 21.30 93.10 293.3
 PHX 20140816 10.80 10.06100.00 21.60 93.10 292.8
 PHX 20140817 10.81 10.06100.00 22.00 93.10 291.3
 PHX 20140818 11.11 10.34100.00 22.30 93.10 283.3
 PHX 20140819 11.00 10.06 98.30 22.60 93.10 284.4
 PHX 20140820 10.65  9.91100.00 23.00 93.10 290.8
 PHX 20140821 10.23  8.60 90.30 23.30 93.10 298.6
 PHX 20140822 10.24  9.54100.00 23.60 93.10 297.0
 PHX 20140823 10.71  9.97100.00 24.00 93.10 285.1
 PHX 20140824 10.76 10.01100.00 24.30 93.10 282.3
 PHX 20140825 10.91 10.15100.00 24.70 93.10 277.7
 PHX 20140826 11.11 10.32 99.80 25.10 93.10 272.4
 PHX 20140827 10.13  9.43100.00 25.40 93.10 292.0
 PHX 20140828 10.35  9.64100.00 25.80 93.10 284.9
 PHX 20140829 10.57  9.84100.00 26.10 93.10 278.2
 PHX 20140830 10.46  9.74100.00 26.50 93.10 278.7
 PHX 20140831 10.03  9.34100.00 26.90 93.10 286.8
 PHX 20140901 10.07  9.37100.00 27.30 93.10 284.0
 PHX 20140902 10.16  9.56100.00 27.60 94.00 279.7
 PHX 20140903 10.22  9.61100.00 28.00 94.00 276.8
 PHX 20140904 10.28  9.10 94.10 28.40 94.00 273.6
 PHX 20140905 10.43  9.81100.00 28.80 94.00 268.5
 PHX 20140906 10.22  8.60 89.40 29.20 94.00 271.1
 PHX 20140907 10.19  8.87 92.40 29.50 94.00 269.7
 PHX 20140908 10.17  9.42 98.50 29.90 94.00 268.1
 PHX 20140909 10.09  9.49100.00 30.30 94.00 267.7
 PHX 20140910  9.46  8.89100.00 30.70 94.00 279.8
 PHX 20140911  9.39  8.83100.00 31.10 94.00 279.1
 PHX 20140912  9.64  9.06100.00 31.50 94.00 271.2
 PHX 20140913  9.56  8.99100.00 31.90 94.00 270.8
 PHX 20140918  9.24  8.64 99.50 33.90 94.00 266.3
 PHX 20140919  9.27  8.71100.00 34.30 94.00 263.0
 PHX 20140920  9.00  8.45100.00 34.70 94.00 267.3
 PHX 20140921  8.96  8.41100.00 35.10 93.90 265.7
 PHX 20140922  8.91  8.37100.00 35.50 93.90 264.1
 PHX 20140923  9.00  8.45100.00 35.90 93.90 259.2
 PHX 20140924  8.76  8.23100.00 36.30 93.90 262.5
 PHX 20140925  8.75  8.21100.00 36.70 93.90 260.0
 PHX 20140926  8.51  7.99100.00 37.10 93.90 263.4
 PHX 20140927  8.35  7.41 94.50 37.50 93.90 264.7
 PHX 20140928  7.85  7.37100.00 37.90 93.90 275.7
 PHX 20140929  7.45  7.00100.00 38.20 93.90 284.6
 PHX 20140930  7.23  6.79100.00 38.60 93.90 288.7
 PHX 20141001  7.09  6.66100.00 39.00 93.90 290.3
 PHX 20141002  6.92  6.50100.00 39.40 93.90 292.8
 PHX 20141003  7.48  7.02100.00 39.80 93.90 271.7
 PHX 20141004  7.35  6.90100.00 40.20 93.90 272.6
 PHX 20141005  7.23  6.78100.00 40.60 93.90 273.2
 PHX 20141006  6.82  6.09 95.10 41.00 93.90 283.1
 PHX 20141007  7.14  5.69 84.80 41.40 93.90 269.5
 PHX 20141008  7.02  0.95 14.40 41.70 93.90 270.1
 PHX 20141009  6.76  6.29 99.20 42.10 93.90 275.6
 PHX 20141010  6.51  6.11100.00 42.50 93.80 280.4
 PHX 20141011  6.25  5.86100.00 42.90 93.80 287.2
 PHX 20141012  6.64  6.23100.00 43.20 93.80 269.8
 PHX 20141013  6.59  6.19100.00 43.60 93.80 267.9
 PHX 20141014  6.56  6.16100.00 44.00 93.80 265.6
 PHX 20141015  6.59  5.78 93.50 44.30 93.80 261.0
 PHX 20141016  6.50  6.09100.00 44.70 93.80 260.8
 PHX 20141017  6.01  2.02 35.70 45.10 93.80 275.0
 PHX 20141018  5.49  5.03 97.60 45.40 93.80 293.2
 PHX 20141019  5.64  5.29100.00 45.80 93.80 282.8
 PHX 20141020  5.62  5.27100.00 46.10 93.80 280.3
 PHX 20141021  5.61  5.16 98.10 46.40 93.80 277.3
 PHX 20141022  5.56  5.21100.00 46.80 93.80 275.9
 PHX 20141023  5.93  5.56100.00 47.10 93.80 258.0
 PHX 20141024  6.14  5.75100.00 47.50 93.80 247.9
 PHX 20141025  6.22  5.83100.00 47.80 93.80 241.9
 PHX 20141026  6.07  5.60 98.40 48.10 93.80 243.5
 PHX 20141027  5.30  4.97100.00 48.40 93.70 269.8
 PHX 20141028  5.43  5.09100.00 48.80 93.70 260.4
 PHX 20141029  5.61  5.25100.00 49.10 93.70 250.7
 PHX 20141030  5.87  5.50100.00 49.40 93.70 237.8
 PHX 20141031  5.54  5.20100.00 49.70 93.70 246.5
 PHX 20141101  4.95  4.52 97.40 50.00 93.70 267.4
 PHX 20141102  4.57  4.28 99.00 50.30 94.70 282.7
 PHX 20141103  4.23  4.00100.00 50.60 94.70 298.4
 PHX 20141104  4.28  4.05100.00 50.90 94.70 291.9
 PHX 20141105  4.75  4.50100.00 51.10 94.70 264.1
 PHX 20141106  5.23  4.95100.00 51.40 94.70 240.5
 PHX 20141107  5.25  4.97100.00 51.70 94.70 237.3
 PHX 20141108  5.34  5.06100.00 52.00 94.70 231.2
 PHX 20141109  5.11  4.84100.00 52.20 94.70 236.9
 PHX 20141110  4.51  4.26100.00 52.50 94.70 260.2
 PHX 20141111  4.40  4.16100.00 52.70 94.60 262.6
 PHX 20141112  4.31  4.08100.00 53.00 94.60 264.3
 PHX 20141113  4.47  4.23100.00 53.20 94.60 253.5
 PHX 20141114  4.30  3.06 75.10 53.40 94.60 258.4
 PHX 20141115  4.19  3.96100.00 53.70 94.60 261.5
 PHX 20141116  3.75  3.55100.00 53.90 94.60 284.5
 PHX 20141117  3.69  3.49100.00 54.10 94.60 285.1
 PHX 20141118  3.78  3.58100.00 54.30 94.60 276.1
 PHX 20141119  3.73  3.45 97.80 54.50 94.60 276.3
 PHX 20141120  3.74  3.54100.00 54.70 94.60 273.4
 PHX 20141121  3.21  2.27 74.80 54.90 94.60 308.7
 PHX 20141122  3.59  3.36 99.00 55.10 94.60 277.3
 PHX 20141123  3.72  3.52100.00 55.30 94.60 267.1
 PHX 20141124  3.61  3.42100.00 55.50 94.60 271.5
 PHX 20141125  3.77  3.57100.00 55.60 94.60 259.1
 PHX 20141126  3.60  3.40100.00 55.80 94.60 267.9
 PHX 20141127  3.70  3.50100.00 56.00 94.60 259.6
 PHX 20141128  3.64  3.44100.00 56.10 94.60 261.2
 PHX 20141129  3.69  3.49100.00 56.20 94.60 256.2
 PHX 20141130  3.60  3.33 97.70 56.40 94.60 259.6
 PHX 20141201  3.61  2.89 84.70 56.50 94.60 257.8
 PHX 20141202  3.59  2.20 64.70 56.60 94.60 257.3
 PHX 20141203  3.40  2.42 75.20 56.80 94.60 267.9
 PHX 20141204  3.23  2.88 94.50 56.90 94.60 278.6
 PHX 20141205  3.22  2.97 97.50 57.00 94.60 277.5
 PHX 20141206  3.10  2.07 70.50 57.10 94.60 285.9
 PHX 20141207  3.30  3.12100.00 57.20 94.60 269.3
 PHX 20141208  3.48  2.96 89.90 57.20 94.60 256.4
 PHX 20141209  3.17  2.99 99.80 57.30 94.60 276.5
 PHX 20141210  3.24  3.06100.00 57.40 94.60 270.3
 PHX 20141211  3.38  3.19 99.80 57.50 94.60 259.2
 PHX 20141212  3.32  3.10 98.70 57.50 94.60 262.7
 PHX 20141213  2.73  2.57 99.70 57.60 94.60 310.9
 PHX 20141214  3.41  3.22100.00 57.60 94.60 255.9
 PHX 20141215  3.36  3.10 97.40 57.60 94.60 258.1
 PHX 20141216  3.05  2.85 98.90 57.70 94.60 280.2
 PHX 20141217  2.80  1.61 60.80 57.70 94.60 301.7
 PHX 20141218  2.72  2.32 90.20 57.70 94.60 309.4
 PHX 20141219  2.88  2.73100.00 57.70 94.60 294.0
 PHX 20141220  2.89  2.73100.00 57.70 94.60 293.8
 PHX 20141221  2.97  2.80 99.80 57.70 94.60 286.9
 PHX 20141222  3.08  2.91100.00 57.70 94.60 278.0
 PHX 20141223  2.99  2.83100.00 57.70 94.60 285.6
 PHX 20141224  2.94  2.78100.00 57.70 94.60 290.6
 PHX 20141225  2.63  1.13 45.50 57.60 94.60 321.4
 PHX 20141226  2.54  2.40100.00 57.60 94.60 332.4
 PHX 20141227  2.58  2.44100.00 57.50 94.60 328.1
 PHX 20141228  2.93  2.74 98.90 57.50 94.60 293.9
 PHX 20141229  2.93  2.77100.00 57.40 94.60 295.2
 PHX 20141230  2.86  2.71100.00 57.40 94.60 302.4
 PHX 20141231  2.51  0.38 16.10 57.30 94.60 341.3
 PHX 20150101  2.67  2.53100.00 57.20 94.60 324.2
