 BTV 20050101  1.09  0.75  0.16  0.27  0.26 296.9
 BTV 20050102  1.16  0.79  0.20  0.30  0.14 283.1
 BTV 20050103  1.24  0.81  0.07  0.32  0.25 268.6
 BTV 20050104  1.19  0.66  0.01  0.21  0.27 283.9
 BTV 20050105  1.12  0.89  0.28  0.34  0.22 302.5
 BTV 20050106  1.15  0.45  0.00  0.04  0.13 297.1
 BTV 20050107  1.08  0.91  0.27  0.38  0.30 319.9
 BTV 20050108  1.16  0.43  0.02  0.00  0.11 302.3
 BTV 20050109  1.09  0.75  0.08  0.37  0.24 323.0
 BTV 20050110  1.05  0.56  0.00  0.14  0.33 339.3
 BTV 20050111  1.07  0.77  0.27  0.28  0.16 337.4
 BTV 20050112  1.08  0.34  0.00  0.00  0.00 338.7
 BTV 20050113  1.19  0.65  0.00  0.25  0.21 313.3
 BTV 20050114  1.29  0.92  0.16  0.32  0.26 294.2
 BTV 20050115  1.12  0.96  0.19  0.50  0.30 343.3
 BTV 20050116  1.07  0.58  0.03  0.23  0.17 363.1
 BTV 20050117  0.93  0.40  0.09  0.04  0.09 427.2
 BTV 20050118  0.85  0.77  0.41  0.41  0.18 474.4
 BTV 20050119  1.05  0.45  0.00  0.09  0.15 387.9
 BTV 20050120  1.01  0.83  0.21  0.40  0.32 408.9
 BTV 20050121  1.03  0.95  0.51  0.38  0.11 407.0
 BTV 20050122  1.18  0.66  0.11  0.18  0.15 360.8
 BTV 20050123  1.12  0.88  0.37  0.30  0.12 389.4
 BTV 20050124  1.23  0.76  0.17  0.23  0.12 360.5
 BTV 20050125  1.25  1.16  0.62  0.30  0.05 363.7
 BTV 20050126  1.34  0.79  0.09  0.22  0.21 344.1
 BTV 20050127  1.28  1.18  0.50  0.39  0.11 367.2
 BTV 20050128  1.37  1.29  0.52  0.42  0.06 348.7
 BTV 20050129  1.58  1.47  0.50  0.45  0.05 311.3
 BTV 20050130  1.41  1.28  0.41  0.43  0.15 351.0
 BTV 20050131  1.48  1.38  0.48  0.48  0.04 342.3
 BTV 20050201  1.36  1.22  0.32  0.50  0.18 379.5
 BTV 20050202  1.63  1.55  0.58  0.42  0.00 326.0
 BTV 20050203  1.57  1.34  0.31  0.46  0.16 345.4
 BTV 20050204  1.60  1.26  0.35  0.31  0.14 345.6
 BTV 20050205  1.78  1.49  0.32  0.44  0.12 319.0
 BTV 20050206  1.88  1.65  0.50  0.37  0.02 309.1
 BTV 20050207  2.18  1.59  0.14  0.40  0.21 274.2
 BTV 20050208  2.01  0.71  0.01  0.00  0.08 301.8
 BTV 20050209  1.97  1.04  0.03  0.15  0.26 312.6
 BTV 20050210  1.70  0.57  0.02  0.00  0.02 365.6
 BTV 20050211  1.74  1.42  0.37  0.30  0.18 365.6
 BTV 20050212  1.78  0.90  0.16  0.06  0.11 365.6
 BTV 20050213  1.82  1.64  0.38  0.43  0.19 365.6
 BTV 20050214  1.86  0.89  0.00  0.17  0.15 365.6
 BTV 20050215  1.90  1.01  0.05  0.13  0.26 365.6
 BTV 20050216  1.95  0.73  0.00  0.03  0.10 365.6
 BTV 20050217  1.99  1.73  0.32  0.43  0.22 365.6
 BTV 20050218  2.03  1.28  0.13  0.22  0.24 365.6
 BTV 20050219  2.07  1.68  0.24  0.39  0.26 365.6
 BTV 20050220  2.11  2.00  0.63  0.34  0.02 365.6
 BTV 20050221  2.16  0.72  0.00  0.00  0.04 365.6
 BTV 20050222  2.21  1.00  0.02  0.11  0.15 365.6
 BTV 20050223  2.26  1.80  0.22  0.36  0.30 365.6
 BTV 20050224  2.31  1.85  0.26  0.40  0.19 365.6
 BTV 20050225  2.36  1.71  0.14  0.33  0.30 365.6
 BTV 20050226  2.41  1.82  0.24  0.28  0.28 365.6
 BTV 20050227  2.46  2.32  0.58  0.34  0.09 365.6
 BTV 20050228  2.51  1.75  0.18  0.33  0.17 365.6
 BTV 20050301  2.56  0.89  0.01  0.00  0.06 365.6
 BTV 20050302  2.61  1.38  0.24  0.05  0.05 365.6
 BTV 20050303  2.66  2.34  0.30  0.43  0.27 365.6
 BTV 20050304  2.72  2.17  0.19  0.37  0.34 365.6
 BTV 20050305  2.78  2.09  0.24  0.34  0.19 365.6
 BTV 20050306  2.83  1.11  0.05  0.00  0.10 365.6
 BTV 20050307  2.89  0.97  0.00  0.00  0.05 365.6
 BTV 20050308  2.95  1.30  0.02  0.08  0.16 365.6
 BTV 20050309  3.00  2.41  0.22  0.35  0.33 365.6
 BTV 20050310  3.06  2.35  0.11  0.39  0.37 365.6
 BTV 20050311  3.12  1.29  0.02  0.08  0.09 365.6
 BTV 20050312  3.17  1.33  0.13  0.02  0.01 365.6
 BTV 20050313  3.24  2.42  0.20  0.30  0.30 365.6
 BTV 20050314  3.30  2.53  0.21  0.33  0.29 365.6
 BTV 20050315  3.36  2.07  0.23  0.17  0.11 365.6
 BTV 20050316  3.42  1.98  0.04  0.16  0.35 365.6
 BTV 20050317  3.48  2.48  0.12  0.29  0.36 365.6
 BTV 20050318  3.54  2.55  0.14  0.28  0.36 365.6
 BTV 20050319  3.61  3.10  0.32  0.40  0.23 365.6
 BTV 20050320  3.67  2.76  0.20  0.37  0.21 365.6
 BTV 20050321  3.73  2.88  0.19  0.39  0.25 365.6
 BTV 20050322  3.79  3.07  0.25  0.37  0.27 365.6
 BTV 20050323  3.85  3.33  0.47  0.37  0.04 365.6
 BTV 20050324  3.92  2.97  0.31  0.30  0.14 365.6
 BTV 20050325  3.98  3.05  0.21  0.36  0.24 365.6
 BTV 20050326  4.04  3.86  0.62  0.38  0.00 365.6
 BTV 20050327  4.11  3.47  0.30  0.44  0.17 365.6
 BTV 20050328  4.17  1.32  0.00  0.00  0.00 365.6
 BTV 20050329  4.23  2.71  0.23  0.20  0.13 365.6
 BTV 20050330  4.30  3.19  0.39  0.26  0.03 365.6
 BTV 20050331  4.36  2.52  0.04  0.29  0.16 365.6
 BTV 20050401  4.42  2.38  0.03  0.13  0.31 365.6
 BTV 20050402  4.49  1.42  0.00  0.00  0.00 365.6
 BTV 20050403  4.55  2.13  0.00  0.00  0.37 365.6
 BTV 20050404  4.61  1.95  0.00  0.00  0.26 365.6
 BTV 20050405  4.67  3.97  0.34  0.44  0.12 365.6
 BTV 20050406  4.73  3.94  0.25  0.52  0.11 365.6
 BTV 20050407  4.79  1.63  0.00  0.00  0.06 365.6
 BTV 20050408  4.86  4.04  0.22  0.40  0.33 365.6
 BTV 20050409  4.92  4.52  0.49  0.47  0.00 365.6
 BTV 20050410  4.98  3.96  0.23  0.46  0.14 365.6
 BTV 20050411  5.04  4.35  0.21  0.48  0.31 365.6
 BTV 20050412  5.10  3.69  0.16  0.29  0.32 365.6
 BTV 20050413  5.15  3.38  0.14  0.29  0.19 365.6
 BTV 20050414  5.21  4.57  0.33  0.52  0.09 365.6
 BTV 20050415  5.27  4.97  0.49  0.51  0.00 365.6
 BTV 20050416  5.32  4.99  0.41  0.58  0.02 365.6
 BTV 20050417  5.38  3.60  0.13  0.26  0.28 365.6
 BTV 20050418  5.44  5.09  0.42  0.58  0.00 365.6
 BTV 20050419  5.49  4.82  0.20  0.56  0.25 365.6
 BTV 20050420  5.55  2.35  0.04  0.04  0.14 365.6
 BTV 20050421  5.61  5.05  0.31  0.54  0.15 365.6
 BTV 20050422  5.65  4.39  0.16  0.46  0.21 365.6
 BTV 20050423  5.70  2.02  0.00  0.03  0.05 365.6
 BTV 20050424  5.75  2.84  0.04  0.16  0.14 365.6
 BTV 20050425  5.80  3.35  0.06  0.14  0.34 365.6
 BTV 20050426  5.85  3.10  0.05  0.12  0.27 365.6
 BTV 20050427  5.90  2.33  0.09  0.03  0.00 365.6
 BTV 20050428  5.95  3.17  0.00  0.10  0.39 365.6
 BTV 20050429  6.00  3.83  0.00  0.26  0.42 365.6
 BTV 20050430  6.04  2.73  0.09  0.13  0.00 365.6
 BTV 20050501  6.09  4.45  0.00  0.39  0.46 365.6
 BTV 20050502  5.76  3.51  0.19  0.17  0.16 385.6
 BTV 20050503  5.79  3.90  0.04  0.28  0.41 385.9
 BTV 20050505  6.10  5.51  0.26  0.64  0.10 373.1
 BTV 20050506  6.15  4.92  0.05  0.60  0.25 372.4
 BTV 20050507  6.22  3.33  0.06  0.21  0.14 370.8
 BTV 20050508  6.22  4.16  0.07  0.33  0.28 373.0
 BTV 20050509  6.78  5.43  0.12  0.54  0.22 348.3
 BTV 20050510  7.04  5.44  0.06  0.54  0.25 339.4
 BTV 20050511  6.55  4.90  0.02  0.46  0.37 362.6
 BTV 20050512  6.65  6.03  0.33  0.55  0.12 359.5
 BTV 20050513  6.65  6.04  0.30  0.63  0.06 361.0
 BTV 20050514  7.16  2.79  0.01  0.08  0.05 340.5
 BTV 20050515  7.46  4.03  0.00  0.21  0.25 329.8
 BTV 20050516  6.35  4.48  0.00  0.34  0.47 379.3
 BTV 20050517  6.30  5.20  0.05  0.58  0.34 383.4
 BTV 20050518  6.18  3.91  0.01  0.28  0.36 391.2
 BTV 20050519  6.37  4.65  0.04  0.37  0.42 383.1
 BTV 20050520  6.26  5.00  0.11  0.50  0.29 390.3
 BTV 20050521  6.16  3.34  0.00  0.17  0.31 396.7
 BTV 20050522  6.35  3.57  0.05  0.17  0.28 388.0
 BTV 20050523  6.78  3.35  0.01  0.16  0.19 367.7
 BTV 20050524  6.53  3.20  0.05  0.10  0.20 380.3
 BTV 20050525  7.15  4.84  0.14  0.36  0.14 353.3
 BTV 20050526  7.14  3.67  0.11  0.17  0.06 354.5
 BTV 20050527  7.44  3.47  0.05  0.13  0.10 343.3
 BTV 20050528  6.82  3.82  0.01  0.21  0.28 370.4
 BTV 20050529  6.94  4.31  0.03  0.30  0.27 366.0
 BTV 20050530  6.91  3.89  0.05  0.22  0.21 368.2
 BTV 20050531  6.75  4.51  0.04  0.37  0.27 376.2
 BTV 20050601  7.12  5.89  0.12  0.55  0.27 360.3
 BTV 20050602  7.33  6.32  0.20  0.54  0.24 352.1
 BTV 20050603  8.34  7.31  0.13  0.66  0.22 316.7
 BTV 20050604  7.97  6.47  0.12  0.53  0.26 329.0
 BTV 20050605  8.14  5.16  0.00  0.33  0.31 323.6
 BTV 20050606  8.16  5.27  0.01  0.38  0.25 323.4
 BTV 20050610  8.80  5.43  0.05  0.27  0.27 305.7
 BTV 20050611  9.25  6.96  0.01  0.55  0.27 293.4
 BTV 20050612  9.74  6.35  0.00  0.36  0.31 281.0
 BTV 20050613  9.32  6.08  0.00  0.34  0.34 291.8
 BTV 20050614  9.40  5.23  0.03  0.21  0.24 289.9
 BTV 20050615  8.46  3.64  0.00  0.02  0.25 316.7
 BTV 20050616  8.31  3.38  0.02  0.02  0.16 321.3
 BTV 20050617  7.73  3.49  0.00  0.05  0.26 341.6
 BTV 20050618  7.45  4.25  0.00  0.17  0.38 352.5
 BTV 20050619  7.67  6.48  0.12  0.63  0.20 344.1
 BTV 20050620  8.46  7.53  0.17  0.70  0.13 317.3
 BTV 20050621  8.67  6.89  0.08  0.52  0.30 310.7
 BTV 20050622  8.09  7.02  0.17  0.57  0.26 329.1
 BTV 20050623  7.92  6.93  0.16  0.65  0.18 334.9
 BTV 20050624  8.53  6.61  0.13  0.47  0.24 314.4
 BTV 20050625  8.75  7.71  0.14  0.69  0.17 307.7
 BTV 20050626  8.56  6.86  0.06  0.62  0.21 313.4
 BTV 20050627  8.88  6.92  0.10  0.52  0.23 303.4
 BTV 20050628  9.25  6.94  0.05  0.50  0.27 293.3
 BTV 20050629  9.49  6.52  0.00  0.42  0.31 287.1
 BTV 20050630  8.57  6.84  0.12  0.60  0.13 312.3
 BTV 20050701  8.57  6.20  0.06  0.45  0.26 312.0
 BTV 20050702  7.67  6.15  0.04  0.53  0.37 341.7
 BTV 20050703  7.53  6.71  0.22  0.65  0.12 346.4
 BTV 20050704  7.73  6.48  0.09  0.64  0.22 338.4
 BTV 20050705  8.29  4.66  0.00  0.29  0.19 318.7
 BTV 20050706  8.04  4.12  0.01  0.22  0.15 326.0
 BTV 20050707  7.53  4.20  0.04  0.20  0.24 344.2
 BTV 20050708  8.21  5.51  0.02  0.39  0.28 319.8
 BTV 20050709  7.69  3.38  0.00  0.10  0.16 337.6
 BTV 20050712  7.76  6.38  0.11  0.61  0.19 332.7
 BTV 20050713  7.65  6.15  0.08  0.57  0.25 335.8
 BTV 20050714  8.41  5.77  0.00  0.39  0.35 309.3
 BTV 20050715  8.41  6.90  0.13  0.62  0.14 308.8
 BTV 20050716  8.49  6.51  0.04  0.61  0.17 305.3
 BTV 20050717  8.94  4.99  0.00  0.22  0.28 292.0
 BTV 20050718  9.00  4.38  0.01  0.17  0.16 289.7
 BTV 20050719  8.37  5.96  0.00  0.45  0.33 306.6
 BTV 20050720  7.62  6.38  0.10  0.62  0.23 330.7
 BTV 20050721  7.97  6.98  0.14  0.66  0.20 317.5
 BTV 20050722  7.76  5.32  0.00  0.39  0.35 323.5
 BTV 20050723  7.34  6.05  0.07  0.56  0.33 337.8
 BTV 20050724  7.57  5.87  0.00  0.63  0.23 327.7
 BTV 20050725  7.62  5.58  0.00  0.50  0.31 324.6
 BTV 20050726  8.18  6.80  0.09  0.65  0.19 304.9
 BTV 20050727  8.15  4.18  0.00  0.22  0.17 304.7
 BTV 20050728  7.62  6.84  0.26  0.60  0.14 321.0
 BTV 20050729  7.66  6.74  0.17  0.64  0.19 318.6
 BTV 20050730  7.31  5.84  0.05  0.59  0.26 329.9
 BTV 20050731  7.24  4.37  0.00  0.29  0.29 330.7
 BTV 20050801  7.50  3.84  0.03  0.14  0.23 319.7
 BTV 20050802  7.36  5.66  0.02  0.49  0.38 323.0
 BTV 20050803  7.00  5.71  0.10  0.63  0.16 335.1
 BTV 20050804  7.09  5.60  0.09  0.55  0.23 329.9
 BTV 20050805  7.62  5.37  0.00  0.43  0.34 308.8
 BTV 20050806  7.16  6.32  0.17  0.65  0.18 323.4
 BTV 20050807  7.11  6.28  0.16  0.67  0.17 323.7
 BTV 20050808  7.26  6.47  0.18  0.69  0.13 316.7
 BTV 20050809  7.35  5.69  0.00  0.53  0.37 311.9
 BTV 20050810  7.73  6.28  0.06  0.58  0.29 296.5
 BTV 20050811  7.12  5.40  0.00  0.58  0.26 316.1
 BTV 20050812  7.44  3.48  0.00  0.15  0.16 302.2
 BTV 20050813  7.48  5.70  0.00  0.60  0.24 298.7
 BTV 20050814  7.56  4.29  0.08  0.27  0.10 294.2
 BTV 20050815  7.28  5.03  0.00  0.40  0.35 301.3
 BTV 20050816  6.98  5.94  0.09  0.64  0.25 310.3
 BTV 20050817  6.74  5.44  0.03  0.60  0.30 317.4
 BTV 20050818  6.84  5.32  0.09  0.50  0.27 311.1
 BTV 20050819  6.82  3.90  0.01  0.26  0.24 309.7
 BTV 20050820  6.94  3.31  0.02  0.12  0.19 302.3
 BTV 20050821  6.84  4.57  0.00  0.31  0.42 303.6
 BTV 20050822  6.22  4.44  0.00  0.36  0.46 326.1
 BTV 20050823  5.98  4.59  0.03  0.44  0.43 334.5
 BTV 20050824  5.74  4.01  0.00  0.35  0.44 343.3
 BTV 20050825  6.41  5.53  0.12  0.67  0.19 309.8
 BTV 20050826  6.67  5.96  0.21  0.66  0.13 296.6
 BTV 20050827  6.74  5.94  0.18  0.68  0.12 291.6
 BTV 20050828  6.88  3.29  0.00  0.16  0.17 284.1
 BTV 20050829  6.41  4.29  0.00  0.39  0.31 298.1
 BTV 20050830  6.35  3.64  0.00  0.26  0.26 298.2
 BTV 20050901  6.08  5.23  0.13  0.61  0.25 302.3
 BTV 20050902  5.98  4.97  0.10  0.58  0.27 303.4
 BTV 20050903  5.79  4.83  0.14  0.49  0.34 308.6
 BTV 20050904  5.56  4.43  0.06  0.54  0.31 316.0
 BTV 20050905  5.67  5.19  0.38  0.55  0.06 307.5
 BTV 20050906  5.89  5.37  0.28  0.66  0.06 294.4
 BTV 20050907  5.89  5.28  0.22  0.66  0.12 291.0
 BTV 20050909  5.10  4.06  0.05  0.57  0.28 320.7
 BTV 20050911  5.41  3.95  0.18  0.39  0.16 297.5
 BTV 20050913  5.58  4.80  0.14  0.67  0.15 282.9
 BTV 20050914  5.57  4.87  0.13  0.69  0.17 279.3
 BTV 20050915  5.08  2.83  0.00  0.16  0.36 297.7
 BTV 20050916  5.12  2.72  0.00  0.16  0.30 292.4
 BTV 20050917  4.96  2.14  0.00  0.07  0.18 295.8
 BTV 20050918  4.77  3.28  0.02  0.35  0.38 301.4
 BTV 20050919  4.51  3.76  0.14  0.52  0.30 312.6
 BTV 20050920  4.68  2.29  0.00  0.03  0.38 298.3
 BTV 20050923  4.81  3.67  0.10  0.50  0.22 278.7
 BTV 20050924  4.47  4.11  0.43  0.53  0.01 292.1
 BTV 20050925  4.69  2.75  0.05  0.29  0.17 275.9
 BTV 20050927  4.04  3.65  0.31  0.57  0.12 304.1
 BTV 20050928  4.53  4.28100.00 48.40 94.60 293.6
 BTV 20050929  4.35  0.52 12.60 48.80 94.60 298.8
 BTV 20050930  4.13  3.91 99.90 49.20 94.60 306.7
 BTV 20051001  4.30  4.07100.00 49.60 94.60 291.7
 BTV 20051002  4.29  4.02 99.20 50.00 94.60 287.4
 BTV 20051003  4.35  4.11100.00 50.40 94.60 279.2
 BTV 20051004  4.44  4.20100.00 50.80 94.60 269.9
 BTV 20051005  4.54  4.29100.00 51.20 94.60 260.4
 BTV 20051006  4.38  4.14100.00 51.60 94.60 264.2
 BTV 20051007  4.43  1.28 30.40 52.00 94.60 257.3
 BTV 20051008  4.52  0.58 13.50 52.40 94.60 248.6
 BTV 20051009  4.07  0.58 15.20 52.70 94.60 267.0
 BTV 20051010  4.12  2.02 51.80 53.10 94.60 259.0
 BTV 20051011  4.14  2.36 60.30 53.50 94.60 253.6
 BTV 20051012  4.16  3.30 84.10 53.90 94.60 248.3
 BTV 20051013  4.17  2.18 55.30 54.20 94.60 242.9
 BTV 20051015  3.39  0.41 12.70 55.00 94.50 278.1
 BTV 20051016  2.97  0.23  8.30 55.30 94.50 306.9
 BTV 20051017  2.85  0.68 25.30 55.70 94.50 313.1
 BTV 20051018  2.69  0.90 35.50 56.10 94.50 322.6
 BTV 20051019  2.85  1.24 46.00 56.40 94.50 301.4
 BTV 20051020  2.68  1.07 42.10 56.80 94.50 312.3
 BTV 20051021  2.62  2.48100.00 57.10 94.50 313.0
 BTV 20051022  2.77  2.20 84.20 57.50 94.50 292.8
 BTV 20051023  2.59  0.86 34.60 57.80 94.50 303.8
 BTV 20051024  2.71  1.23 48.30 58.10 94.50 287.1
 BTV 20051025  2.95  0.69 24.60 58.50 94.50 261.1
 BTV 20051026  2.65  0.89 28.40 58.80 94.50 280.5
 BTV 20051027  2.50  1.36 57.60 59.10 94.50 289.8
 BTV 20051028  2.28  2.10 97.60 59.40 94.50 307.9
 BTV 20051029  2.34  2.17 98.30 59.80 94.50 295.2
 BTV 20051030  2.56  2.42 99.90 60.10 94.40 267.3
 BTV 20051031  2.51  1.99 83.70 60.40 94.40 266.8
 BTV 20051101  2.37  1.52 67.70 60.70 94.40 275.8
 BTV 20051102  2.06  0.84 43.20 61.00 94.70 307.8
 BTV 20051103  2.39  1.15 50.80 61.30 94.70 264.7
 BTV 20051104  2.37  0.63 27.90 61.60 94.70 261.7
 BTV 20051105  2.20  0.92 44.10 61.80 94.70 274.5
 BTV 20051106  2.15  0.98 47.90 62.10 94.70 274.8
 BTV 20051107  1.75  0.70 42.10 62.40 94.70 325.2
 BTV 20051108  1.82  1.71 99.10 62.70 94.70 308.9
 BTV 20051109  1.75  1.19 71.80 62.90 94.70 313.2
 BTV 20051110  1.67  0.51 32.10 63.20 94.70 321.1
 BTV 20051111  1.49  1.04 73.00 63.40 94.70 351.5
 BTV 20051112  1.71  1.62100.00 63.70 94.70 302.8
 BTV 20051113  1.94  1.58 85.90 63.90 94.70 265.2
 BTV 20051114  1.77  1.29 77.10 64.20 94.70 283.8
 BTV 20051115  1.92  0.24 13.10 64.40 94.70 258.4
 BTV 20051116  1.83  0.36 20.70 64.60 94.70 265.0
 BTV 20051117  1.56  0.68 45.80 64.80 94.70 300.0
 BTV 20051118  1.40  1.37 94.90 65.00 94.70 326.5
 BTV 20051119  1.45  1.32 96.10 65.20 94.70 313.1
 BTV 20051120  1.50  0.58 40.80 65.40 94.70 298.4
 BTV 20051121  1.57  0.76 51.10 65.60 94.60 282.0
 BTV 20051122  1.54  0.12  7.90 65.80 94.60 283.1
 BTV 20051123  1.26  1.14 76.80 66.00 94.60 336.6
 BTV 20051124  1.12  0.48 45.70 66.20 94.60 374.9
 BTV 20051125  1.21  0.96 71.60 66.40 94.60 342.7
 BTV 20051126  1.19  1.07 86.90 66.50 94.60 345.0
 BTV 20051127  1.40  1.34100.00 66.70 94.60 290.3
 BTV 20051128  1.46  0.15 10.90 66.80 94.60 276.4
 BTV 20051129  1.47  0.30 21.30 67.00 94.60 270.7
 BTV 20051130  1.45  0.78 57.00 67.10 94.60 272.8
 BTV 20051201  1.40  0.92 69.40 67.20 94.60 277.0
 BTV 20051202  1.13  0.43 35.00 67.40 94.60 336.8
 BTV 20051203  1.11  0.87 73.90 67.50 94.60 338.4
 BTV 20051204  1.20  0.84 68.80 67.60 94.60 312.5
 BTV 20051205  1.05  0.72 67.10 67.70 94.60 354.1
 BTV 20051206  1.00  0.87 92.10 67.80 94.60 368.2
 BTV 20051207  0.99  0.74 78.40 67.90 94.60 366.5
 BTV 20051208  1.10  1.11 97.10 68.00 94.60 327.9
 BTV 20051209  1.04  0.37 34.70 68.10 94.60 345.9
 BTV 20051210  1.17  0.82 66.60 68.10 94.60 304.7
 BTV 20051211  1.15  0.95 87.90 68.20 94.60 309.3
 BTV 20051212  1.07  0.66 59.90 68.20 94.60 330.4
 BTV 20051213  0.95  0.87 96.20 68.30 94.60 369.9
 BTV 20051214  1.15  1.10100.00 68.30 94.60 304.2
 BTV 20051215  1.26  1.20100.00 68.40 94.60 279.0
 BTV 20051216  1.15  0.24 18.70 68.40 94.60 301.8
 BTV 20051217  1.08  0.98 77.60 68.40 94.60 321.6
 BTV 20051218  0.98  0.81 74.10 68.40 94.60 352.8
 BTV 20051219  1.02  0.97 81.00 68.50 94.60 339.9
 BTV 20051220  1.05  0.60 49.30 68.50 94.60 330.8
 BTV 20051221  0.96  1.11 98.40 68.40 94.60 361.8
 BTV 20051222  1.07  1.19 95.60 68.40 94.60 324.7
 BTV 20051223  1.12  0.56 43.10 68.40 94.60 311.2
 BTV 20051224  1.11  0.60 45.80 68.40 94.60 313.0
 BTV 20051225  1.08  0.67 54.00 68.40 94.60 324.1
 BTV 20051226  0.98  0.13 12.40 68.30 94.60 358.6
 BTV 20051227  0.99  0.92 80.40 68.30 94.60 355.3
 BTV 20051228  1.15  1.18 91.20 68.20 94.60 307.7
 BTV 20051229  1.13  0.53 49.80 68.20 94.60 314.8
 BTV 20051230  1.10  0.65 53.20 68.10 94.60 325.4
 BTV 20051231  1.09  0.93 75.40 68.00 94.60 332.5
 BTV 20060101  1.08  0.94 78.60 67.90 94.60 338.3
