 ORF 20050101  2.04  1.59  0.24  0.38  0.19 296.4
 ORF 20050102  2.00  1.17  0.03  0.25  0.25 304.9
 ORF 20050103  2.19  1.33  0.08  0.22  0.27 283.0
 ORF 20050104  2.24  1.29  0.06  0.17  0.29 278.8
 ORF 20050105  2.25  1.34  0.15  0.22  0.12 280.5
 ORF 20050106  2.19  1.42  0.04  0.34  0.26 289.3
 ORF 20050107  2.26  1.85  0.18  0.50  0.22 283.3
 ORF 20050108  2.49  1.58  0.06  0.29  0.27 262.2
 ORF 20050109  2.35  1.69  0.25  0.29  0.16 277.8
 ORF 20050110  2.20  1.68  0.19  0.39  0.22 295.4
 ORF 20050111  2.12  1.13  0.00  0.19  0.26 309.0
 ORF 20050112  2.27  1.60  0.08  0.38  0.28 293.1
 ORF 20050113  2.51  1.67  0.12  0.32  0.20 271.2
 ORF 20050114  2.57  1.15  0.02  0.13  0.11 269.1
 ORF 20050115  2.34  1.84  0.37  0.32  0.08 294.8
 ORF 20050116  2.34  1.34  0.00  0.26  0.26 298.2
 ORF 20050117  2.00  1.84  0.46  0.40  0.15 348.2
 ORF 20050118  1.96  1.84  0.63  0.29  0.07 357.9
 ORF 20050119  2.13  1.27  0.06  0.22  0.27 335.9
 ORF 20050120  1.92  1.33  0.08  0.33  0.32 372.3
 ORF 20050121  1.85  1.60  0.42  0.37  0.12 390.7
 ORF 20050122  2.19  0.75  0.00  0.00  0.06 338.8
 ORF 20050123  1.88  1.31  0.12  0.23  0.40 395.8
 ORF 20050124  2.13  1.83  0.39  0.35  0.19 357.9
 ORF 20050125  2.34  1.84  0.17  0.42  0.27 331.8
 ORF 20050126  2.57  1.44  0.04  0.19  0.26 309.5
 ORF 20050127  2.48  2.21  0.48  0.35  0.12 323.7
 ORF 20050128  2.47  2.21  0.71  0.17  0.00 328.4
 ORF 20050129  2.51  2.12  0.35  0.41  0.13 328.1
 ORF 20050130  2.40  0.82  0.00  0.00  0.06 346.7
 ORF 20050131  2.32  1.89  0.40  0.31  0.12 361.2
 ORF 20050201  2.59  1.99  0.15  0.41  0.28 333.0
 ORF 20050202  2.85  2.75  0.73  0.27  0.00 309.9
 ORF 20050203  2.87  1.85  0.05  0.31  0.28 312.6
 ORF 20050204  2.50  1.40  0.27  0.00  0.15 359.5
 ORF 20050205  2.76  2.49  0.54  0.32  0.09 333.8
 ORF 20050206  3.40  3.01  0.61  0.25  0.03 281.7
 ORF 20050207  3.58  3.17  0.50  0.36  0.06 273.0
 ORF 20050208  3.48  2.65  0.20  0.38  0.22 284.1
 ORF 20050209  3.45  1.97  0.00  0.20  0.34 289.9
 ORF 20050210  3.16  2.30  0.00  0.42  0.41 317.2
 ORF 20050211  3.22  3.08  0.67  0.31  0.02 317.2
 ORF 20050212  3.28  2.89  0.40  0.37  0.20 317.2
 ORF 20050213  3.34  2.66  0.33  0.33  0.16 317.2
 ORF 20050214  3.39  1.21  0.00  0.00  0.10 317.2
 ORF 20050215  3.45  2.87  0.13  0.54  0.28 317.2
 ORF 20050216  3.51  2.18  0.00  0.30  0.32 317.2
 ORF 20050217  3.57  2.90  0.20  0.44  0.26 317.2
 ORF 20050218  3.63  3.28  0.43  0.37  0.20 317.2
 ORF 20050219  3.69  3.56  0.72  0.28  0.00 317.2
 ORF 20050220  3.74  2.12  0.15  0.13  0.18 317.2
 ORF 20050221  3.81  1.73  0.11  0.09  0.03 317.2
 ORF 20050222  3.88  2.55  0.17  0.25  0.20 317.2
 ORF 20050223  3.95  3.19  0.28  0.40  0.17 317.2
 ORF 20050224  4.01  1.27  0.00  0.00  0.00 317.2
 ORF 20050225  4.08  2.80  0.08  0.36  0.26 317.2
 ORF 20050226  4.15  3.65  0.42  0.41  0.10 317.2
 ORF 20050227  4.22  3.57  0.33  0.43  0.14 317.2
 ORF 20050228  4.28  1.49  0.00  0.00  0.08 317.2
 ORF 20050301  4.35  3.40  0.08  0.41  0.42 317.2
 ORF 20050302  4.42  3.79  0.24  0.44  0.30 317.2
 ORF 20050303  4.49  4.01  0.32  0.46  0.23 317.2
 ORF 20050304  4.57  3.90  0.36  0.38  0.18 317.2
 ORF 20050305  4.64  2.63  0.08  0.22  0.17 317.2
 ORF 20050306  4.71  4.23  0.40  0.41  0.18 317.2
 ORF 20050307  4.79  4.08  0.26  0.46  0.23 317.2
 ORF 20050308  4.86  2.61  0.03  0.26  0.12 317.2
 ORF 20050309  4.94  4.44  0.37  0.44  0.19 317.2
 ORF 20050310  5.01  4.12  0.28  0.40  0.21 317.2
 ORF 20050311  5.08  3.37  0.04  0.31  0.34 317.2
 ORF 20050312  5.16  3.48  0.12  0.24  0.34 317.2
 ORF 20050313  5.23  2.59  0.11  0.08  0.14 317.2
 ORF 20050314  5.31  3.07  0.03  0.26  0.22 317.2
 ORF 20050315  5.39  4.89  0.47  0.41  0.09 317.2
 ORF 20050316  5.46  2.80  0.03  0.19  0.16 317.2
 ORF 20050317  5.54  2.08  0.04  0.00  0.08 317.2
 ORF 20050318  5.62  5.18  0.54  0.36  0.08 317.2
 ORF 20050319  5.69  4.22  0.21  0.34  0.21 317.2
 ORF 20050320  5.77  3.84  0.03  0.35  0.31 317.2
 ORF 20050321  5.84  5.15  0.37  0.43  0.16 317.2
 ORF 20050322  5.92  4.67  0.36  0.31  0.12 317.2
 ORF 20050323  6.00  2.09  0.00  0.00  0.08 317.2
 ORF 20050324  6.07  4.58  0.17  0.38  0.25 317.2
 ORF 20050325  6.15  3.10  0.00  0.17  0.22 317.2
 ORF 20050326  6.22  2.33  0.08  0.00  0.01 317.2
 ORF 20050327  6.29  2.44  0.07  0.00  0.06 317.2
 ORF 20050328  6.37  3.21  0.00  0.12  0.29 317.2
 ORF 20050329  6.44  5.88  0.48  0.35  0.17 317.2
 ORF 20050330  6.52  5.50  0.32  0.43  0.15 317.2
 ORF 20050331  6.59  3.67  0.00  0.21  0.29 317.2
 ORF 20050401  6.67  3.86  0.00  0.27  0.26 317.2
 ORF 20050402  6.74  2.60  0.00  0.00  0.17 317.2
 ORF 20050403  6.80  5.22  0.14  0.29  0.46 317.2
 ORF 20050404  6.87  6.44  0.52  0.43  0.05 317.2
 ORF 20050405  6.94  6.07  0.48  0.39  0.02 317.2
 ORF 20050406  7.01  5.70  0.27  0.38  0.23 317.2
 ORF 20050407  7.08  4.98  0.21  0.19  0.33 317.2
 ORF 20050408  7.15  2.72  0.04  0.00  0.09 317.2
 ORF 20050409  7.21  2.96  0.00  0.00  0.23 317.2
 ORF 20050410  7.28  6.44  0.34  0.54  0.06 317.2
 ORF 20050411  7.35  5.38  0.19  0.41  0.12 317.2
 ORF 20050412  7.41  4.60  0.21  0.26  0.03 317.2
 ORF 20050413  7.47  2.67  0.00  0.00  0.10 317.2
 ORF 20050414  7.53  5.15  0.16  0.32  0.18 317.2
 ORF 20050415  7.59  4.34  0.08  0.20  0.21 317.2
 ORF 20050416  7.65  5.94  0.30  0.36  0.12 317.2
 ORF 20050417  7.71  7.37  0.62  0.38  0.00 317.2
 ORF 20050418  7.77  6.82  0.40  0.41  0.13 317.2
 ORF 20050419  7.83  7.15  0.30  0.63  0.07 317.2
 ORF 20050420  7.89  6.98  0.22  0.59  0.19 317.2
 ORF 20050421  7.95  4.59  0.08  0.21  0.21 317.2
 ORF 20050422  8.00  5.16  0.07  0.26  0.32 317.2
 ORF 20050423  8.04  3.53  0.03  0.00  0.25 317.2
 ORF 20050424  8.09  5.44  0.00  0.26  0.50 317.2
 ORF 20050425  8.14  7.18  0.22  0.55  0.24 317.2
 ORF 20050426  8.19  4.97  0.16  0.18  0.19 317.2
 ORF 20050427  8.24  4.82  0.00  0.06  0.57 317.2
 ORF 20050428  8.29  7.64  0.37  0.57  0.06 317.2
 ORF 20050429  8.34  3.20  0.01  0.00  0.15 317.2
 ORF 20050430  8.39  4.04  0.06  0.06  0.22 317.2
 ORF 20050501  8.43  6.92  0.18  0.47  0.27 317.2
 ORF 20050502  7.51  5.61  0.28  0.19  0.32 350.4
 ORF 20050503  7.41  6.14  0.23  0.49  0.18 356.0
 ORF 20050505  7.76  4.31  0.03  0.18  0.28 344.7
 ORF 20050506  7.98  2.95  0.00  0.00  0.13 338.0
 ORF 20050507  7.27  6.35  0.24  0.49  0.27 366.8
 ORF 20050508  7.38  6.58  0.27  0.55  0.18 363.8
 ORF 20050509  7.75  6.57  0.26  0.53  0.12 349.9
 ORF 20050510  7.98  6.35  0.22  0.47  0.14 342.7
 ORF 20050511  8.09  6.72  0.17  0.54  0.21 340.1
 ORF 20050512  8.42  5.10  0.04  0.29  0.23 329.7
 ORF 20050513  8.41  6.29  0.15  0.47  0.14 330.8
 ORF 20050514  8.83  7.20  0.10  0.56  0.26 318.4
 ORF 20050515  8.47  5.68  0.05  0.27  0.40 330.4
 ORF 20050516  7.93  5.93  0.08  0.46  0.27 349.8
 ORF 20050517  8.01  5.30  0.00  0.37  0.32 348.0
 ORF 20050518  8.03  6.65  0.21  0.54  0.14 348.0
 ORF 20050519  8.19  4.06  0.00  0.02  0.41 343.4
 ORF 20050520  8.54  3.12  0.00  0.00  0.12 332.2
 ORF 20050521  7.81  6.27  0.14  0.47  0.29 358.9
 ORF 20050522  7.16  6.34  0.24  0.56  0.20 387.0
 ORF 20050523  7.52  4.55  0.00  0.20  0.42 371.5
 ORF 20050524  7.26  3.22  0.00  0.00  0.31 383.6
 ORF 20050525  7.17  3.13  0.02  0.00  0.26 388.5
 ORF 20050526  7.56  5.75  0.12  0.38  0.35 371.8
 ORF 20050527  8.58  7.60  0.21  0.61  0.18 335.0
 ORF 20050528  9.13  7.03  0.05  0.49  0.33 318.4
 ORF 20050529  8.94  7.88  0.22  0.57  0.21 324.5
 ORF 20050530  8.80  6.84  0.30  0.34  0.15 329.3
 ORF 20050531  8.48  5.90  0.06  0.38  0.29 340.5
 ORF 20050601  8.97  6.77  0.18  0.44  0.15 324.6
 ORF 20050602  9.55  3.45  0.00  0.00  0.11 308.7
 ORF 20050603  9.45  3.57  0.00  0.00  0.15 311.7
 ORF 20050604  8.56  4.66  0.00  0.04  0.50 338.9
 ORF 20050605  9.09  7.56  0.15  0.58  0.19 322.3
 ORF 20050606  9.52  7.57  0.09  0.53  0.27 310.6
 ORF 20050610  9.90  6.67  0.05  0.29  0.38 301.2
 ORF 20050611 10.04  8.34  0.15  0.55  0.23 297.7
 ORF 20050612 10.42  8.48  0.11  0.56  0.24 289.2
 ORF 20050613 10.46  8.95  0.17  0.59  0.20 288.3
 ORF 20050614 10.46  8.92  0.09  0.63  0.27 288.6
 ORF 20050615 10.03  8.88  0.21  0.63  0.15 298.2
 ORF 20050616  9.20  7.97  0.14  0.61  0.25 320.8
 ORF 20050617  9.47  8.22  0.18  0.55  0.27 313.4
 ORF 20050618  8.88  6.99  0.12  0.51  0.23 330.8
 ORF 20050619  8.48  5.92  0.02  0.43  0.29 343.5
 ORF 20050620  8.96  6.02  0.01  0.36  0.34 327.9
 ORF 20050621  9.24  7.30  0.09  0.50  0.30 319.9
 ORF 20050622  9.24  6.89  0.04  0.46  0.33 319.6
 ORF 20050623  8.77  7.35  0.27  0.53  0.08 334.0
 ORF 20050624  9.18  8.32  0.31  0.60  0.08 321.2
 ORF 20050625  9.09  7.65  0.22  0.53  0.17 323.5
 ORF 20050626  9.67  5.86  0.04  0.27  0.26 307.5
 ORF 20050627  9.45  5.68  0.00  0.18  0.44 313.4
 ORF 20050628 10.09  7.36  0.00  0.45  0.37 296.3
 ORF 20050629 10.53  5.80  0.06  0.25  0.12 286.4
 ORF 20050630  9.71  6.05  0.02  0.21  0.42 306.1
 ORF 20050701  9.47  7.26  0.00  0.53  0.35 312.3
 ORF 20050702  9.57  6.51  0.04  0.39  0.27 309.1
 ORF 20050703  9.40  4.84  0.00  0.06  0.40 313.5
 ORF 20050704  9.97  4.95  0.00  0.00  0.44 298.2
 ORF 20050705  9.68  6.13  0.02  0.24  0.40 305.3
 ORF 20050706 10.16  7.99  0.03  0.55  0.32 293.1
 ORF 20050707 10.43  6.20  0.00  0.19  0.41 286.7
 ORF 20050708  9.92  6.34  0.00  0.24  0.45 298.2
 ORF 20050709  9.78  7.97  0.09  0.55  0.29 301.5
 ORF 20050712  9.71  7.88  0.10  0.54  0.28 302.0
 ORF 20050713  9.54  6.56  0.00  0.33  0.44 306.0
 ORF 20050714  9.95  6.59  0.04  0.21  0.48 295.0
 ORF 20050715 10.48  6.64  0.03  0.16  0.50 282.3
 ORF 20050716 10.38  6.36  0.01  0.14  0.51 284.2
 ORF 20050717 10.62  6.91  0.07  0.15  0.49 278.1
 ORF 20050718 10.32  6.80  0.09  0.19  0.42 284.7
 ORF 20050719 10.17  7.51  0.04  0.40  0.40 287.7
 ORF 20050720  9.56  7.32  0.02  0.52  0.33 302.0
 ORF 20050721  9.07  7.32  0.05  0.57  0.31 315.2
 ORF 20050722  9.57  7.52  0.02  0.56  0.32 300.0
 ORF 20050723  9.15  7.61  0.15  0.58  0.19 311.3
 ORF 20050724  9.52  7.84  0.11  0.59  0.22 299.8
 ORF 20050725  9.27  7.18  0.20  0.36  0.28 306.2
 ORF 20050726  8.79  7.42  0.11  0.62  0.23 319.4
 ORF 20050727  9.03  7.95  0.18  0.65  0.16 311.6
 ORF 20050728  9.21  6.65  0.04  0.47  0.26 305.6
 ORF 20050729  9.89  5.35  0.00  0.14  0.35 287.5
 ORF 20050730  9.84  4.60  0.01  0.15  0.14 288.0
 ORF 20050731  9.58  3.92  0.00  0.04  0.17 293.2
 ORF 20050801  9.00  4.40  0.04  0.11  0.20 308.0
 ORF 20050802  8.78  6.93  0.10  0.51  0.27 313.4
 ORF 20050803  8.64  6.93  0.11  0.54  0.24 316.3
 ORF 20050804  8.24  6.82  0.17  0.55  0.19 327.5
 ORF 20050805  8.38  7.39  0.32  0.46  0.20 321.8
 ORF 20050806  9.05  7.07  0.07  0.53  0.27 300.6
 ORF 20050807  9.26  7.10  0.05  0.52  0.28 294.2
 ORF 20050808  9.02  6.36  0.01  0.44  0.31 299.4
 ORF 20050809  9.35  4.66  0.00  0.11  0.29 289.9
 ORF 20050810  9.54  5.38  0.03  0.13  0.37 283.6
 ORF 20050811  8.57  6.82  0.05  0.57  0.28 308.6
 ORF 20050812  9.02  7.93  0.21  0.62  0.15 294.4
 ORF 20050813  8.69  6.68  0.05  0.51  0.30 301.8
 ORF 20050814  8.75  6.91  0.05  0.54  0.31 298.6
 ORF 20050815  8.76  6.82  0.01  0.56  0.32 297.0
 ORF 20050816  8.76  4.63  0.01  0.15  0.29 295.7
 ORF 20050817  9.37  5.25  0.02  0.13  0.38 278.1
 ORF 20050818  8.51  6.64  0.12  0.54  0.17 299.8
 ORF 20050819  9.00  4.57  0.13  0.13  0.07 285.1
 ORF 20050820  8.79  6.99  0.10  0.54  0.24 288.9
 ORF 20050821  8.92  7.18  0.05  0.58  0.29 283.7
 ORF 20050822  8.43  6.80  0.11  0.57  0.21 295.4
 ORF 20050823  8.62  5.72  0.00  0.38  0.31 288.3
 ORF 20050824  8.09  5.24  0.00  0.36  0.30 301.5
 ORF 20050825  8.22  7.40  0.28  0.64  0.06 295.9
 ORF 20050826  8.31  6.37  0.10  0.52  0.20 291.6
 ORF 20050827  7.88  4.56  0.00  0.17  0.40 302.2
 ORF 20050828  8.13  4.29  0.01  0.12  0.33 292.9
 ORF 20050829  8.14  4.72  0.00  0.22  0.33 290.7
 ORF 20050830  8.69  5.21  0.00  0.22  0.38 272.8
 ORF 20050901  8.15  6.53  0.12  0.52  0.25 283.9
 ORF 20050902  8.07  7.17  0.23  0.62  0.14 284.0
 ORF 20050903  7.71  6.53  0.20  0.57  0.16 292.5
 ORF 20050904  7.39  6.06  0.15  0.56  0.19 300.3
 ORF 20050905  7.23  5.30  0.10  0.47  0.19 303.7
 ORF 20050906  7.21  5.82  0.24  0.49  0.11 301.8
 ORF 20050907  7.23  5.30  0.11  0.42  0.24 298.4
 ORF 20050909  7.04  5.61  0.14  0.51  0.22 299.7
 ORF 20050911  7.15  6.54  0.33  0.64  0.01 290.9
 ORF 20050913  7.07  6.51  0.51  0.44  0.01 287.9
 ORF 20050914  7.20  4.67  0.00  0.34  0.33 280.7
 ORF 20050915  7.07  3.86  0.00  0.10  0.42 282.1
 ORF 20050916  7.06  4.90  0.00  0.37  0.40 279.6
 ORF 20050917  6.86  5.14  0.00  0.50  0.35 283.8
 ORF 20050918  6.81  5.15  0.00  0.52  0.34 282.7
 ORF 20050919  6.68  5.43  0.16  0.55  0.17 284.0
 ORF 20050920  6.80  5.28  0.06  0.49  0.33 276.4
 ORF 20050923  6.44  5.65  0.18  0.63  0.18 280.0
 ORF 20050924  6.54  4.18  0.01  0.39  0.22 273.0
 ORF 20050925  6.76  5.77  0.27  0.55  0.09 263.2
 ORF 20050927  6.22  4.69  0.14  0.43  0.23 275.1
 ORF 20050928  6.59  6.22 99.80 40.80 94.50 278.7
 ORF 20050929  6.75  5.39 84.30 41.20 94.50 270.0
 ORF 20050930  6.40  6.02 99.50 41.60 94.50 278.6
 ORF 20051001  6.21  3.37 57.50 42.00 94.50 282.3
 ORF 20051002  6.18  5.70 97.80 42.40 94.50 279.7
 ORF 20051003  6.17  4.73 81.10 42.80 94.50 276.6
 ORF 20051004  5.92  5.58 99.80 43.20 94.50 282.8
 ORF 20051005  6.08  5.74100.00 43.60 94.50 273.1
 ORF 20051006  6.31  4.32 72.50 44.00 94.50 260.9
 ORF 20051007  6.64  1.25 19.90 44.40 94.50 247.1
 ORF 20051008  6.66  1.91 30.30 44.70 94.50 242.9
 ORF 20051009  6.24  2.67 45.30 45.10 94.40 253.2
 ORF 20051010  6.36  2.59 43.10 45.50 94.40 246.0
 ORF 20051011  5.74  5.32 98.10 45.90 94.40 264.2
 ORF 20051012  5.68  3.44 64.10 46.30 94.40 262.8
 ORF 20051013  5.40  4.53 88.90 46.60 94.40 270.8
 ORF 20051015  5.40  5.10100.00 47.40 94.40 263.0
 ORF 20051016  5.22  4.93100.00 47.70 94.40 267.3
 ORF 20051017  5.08  4.79 99.90 48.10 94.40 269.7
 ORF 20051018  5.11  4.82100.00 48.50 94.40 264.3
 ORF 20051019  5.10  4.82100.00 48.80 94.40 260.6
 ORF 20051020  4.90  4.43 95.80 49.20 94.40 265.9
 ORF 20051021  4.86  2.67 57.70 49.50 94.40 263.5
 ORF 20051022  4.71  4.41 99.20 49.90 94.40 266.8
 ORF 20051023  4.65  4.39100.00 50.20 94.40 266.1
 ORF 20051024  4.75  0.69 15.30 50.50 94.40 257.6
 ORF 20051025  4.21  1.99 49.90 50.90 94.40 281.5
 ORF 20051026  4.02  3.20 84.30 51.20 94.40 288.5
 ORF 20051027  4.09  3.85100.00 51.50 94.30 280.4
 ORF 20051028  3.95  1.34 36.00 51.80 94.30 284.9
 ORF 20051029  3.67  3.29 94.80 52.20 94.30 298.8
 ORF 20051030  4.21  3.97100.00 52.50 94.30 262.0
 ORF 20051031  4.17  3.93100.00 52.80 94.30 260.6
 ORF 20051101  4.13  3.89 99.80 53.10 94.30 258.9
 ORF 20051102  4.17  3.92 99.50 53.40 94.60 253.5
 ORF 20051103  4.32  4.08100.00 53.70 94.50 242.5
 ORF 20051104  4.26  4.03100.00 54.00 94.50 241.6
 ORF 20051105  3.71  3.27 93.10 54.20 94.50 268.0
 ORF 20051106  4.00  3.78100.00 54.50 94.50 247.8
 ORF 20051107  3.71  3.51100.00 54.80 94.50 260.0
 ORF 20051108  3.74  3.53100.00 55.10 94.50 255.4
 ORF 20051109  3.66  3.21 92.80 55.30 94.50 256.5
 ORF 20051110  3.16  2.91 97.50 55.60 94.50 287.5
 ORF 20051111  3.15  2.93 98.30 55.80 94.50 284.4
 ORF 20051112  3.36  3.17100.00 56.10 94.50 266.1
 ORF 20051113  3.52  3.32100.00 56.30 94.50 252.9
 ORF 20051114  3.51  2.69 81.00 56.60 94.50 250.5
 ORF 20051115  3.48  2.77 84.40 56.80 94.50 249.4
 ORF 20051116  3.52  3.27 98.30 57.00 94.50 243.7
 ORF 20051117  3.37  3.07 96.40 57.20 94.50 249.8
 ORF 20051118  3.17  2.99100.00 57.40 94.50 260.4
 ORF 20051119  2.99  2.82100.00 57.60 94.50 270.9
 ORF 20051120  2.96  2.79 99.90 57.80 94.50 270.1
 ORF 20051121  3.05  0.53 18.40 58.00 94.50 260.0
 ORF 20051122  2.57  1.72 70.70 58.20 94.50 298.5
 ORF 20051123  2.31  2.17 99.50 58.40 94.50 324.7
 ORF 20051124  2.44  2.04 88.50 58.60 94.50 306.5
 ORF 20051125  2.62  2.39 96.50 58.80 94.40 284.6
 ORF 20051126  2.53  2.39100.00 58.90 94.40 290.2
 ORF 20051127  2.89  2.50 91.80 59.10 94.40 256.4
 ORF 20051128  2.97  2.80100.00 59.20 94.40 248.4
 ORF 20051129  2.99  2.14 75.60 59.40 94.40 244.1
 ORF 20051130  2.82  0.77 29.00 59.50 94.40 254.8
 ORF 20051201  2.57  2.06 85.00 59.60 94.40 273.7
 ORF 20051202  2.26  2.14100.00 59.80 94.40 304.2
 ORF 20051203  2.44  2.28 98.90 59.90 94.40 282.2
 ORF 20051204  2.66  2.22 88.70 60.00 94.40 260.0
 ORF 20051205  2.62  0.41 16.40 60.10 94.40 261.8
 ORF 20051206  2.37  2.23 99.60 60.20 94.40 284.1
 ORF 20051207  2.29  2.15 99.70 60.30 94.40 291.8
 ORF 20051208  2.17  1.83 89.20 60.40 94.40 304.4
 ORF 20051209  2.09  1.37 69.30 60.50 94.40 313.4
 ORF 20051210  2.16  2.04100.00 60.50 94.40 303.4
 ORF 20051211  2.03  1.91100.00 60.60 94.40 319.8
 ORF 20051212  1.81  1.36 79.90 60.60 94.40 353.9
 ORF 20051213  1.84  1.73 99.70 60.70 94.40 347.0
 ORF 20051214  2.09  1.46 73.90 60.70 94.40 308.0
 ORF 20051215  2.13  0.69 34.40 60.80 94.40 301.9
 ORF 20051216  2.06  1.95100.00 60.80 94.40 310.9
 ORF 20051217  2.36  2.22 99.30 60.80 94.40 275.1
 ORF 20051218  2.51  1.53 64.70 60.80 94.40 260.9
 ORF 20051219  1.96  1.73 93.10 60.90 94.40 325.1
 ORF 20051220  1.94  1.83100.00 60.90 94.40 329.0
 ORF 20051221  1.77  1.67100.00 60.90 94.40 356.7
 ORF 20051222  1.86  1.76100.00 60.80 94.40 341.5
 ORF 20051223  1.99  1.88100.00 60.80 94.40 321.2
 ORF 20051224  2.09  1.95 99.10 60.80 94.40 308.4
 ORF 20051225  2.12  1.24 61.90 60.80 94.40 304.3
 ORF 20051226  1.78  1.56 92.60 60.70 94.40 358.5
 ORF 20051227  1.90  1.79100.00 60.70 94.40 338.5
 ORF 20051228  2.27  2.04 95.00 60.60 94.40 289.0
 ORF 20051229  2.08  1.14 57.70 60.60 94.40 313.5
 ORF 20051230  2.23  2.07 98.00 60.50 94.40 295.7
 ORF 20051231  2.13  0.55 27.40 60.40 94.40 309.6
 ORF 20060101  2.37  2.00 89.40 60.30 94.40 283.1
