 ATL 20070102  3.06  2.89100.00 57.30 94.60 278.1
 ATL 20070103  2.99  2.83100.00 57.20 94.60 285.3
 ATL 20070104  3.09  0.86 29.40 57.10 94.60 278.8
 ATL 20070105  3.07  0.93 31.80 57.00 94.60 281.3
 ATL 20070106  3.55  2.98 88.40 56.90 94.60 250.5
 ATL 20070107  3.53  0.26  7.60 56.70 94.60 253.4
 ATL 20070108  2.83  2.66 99.30 56.60 94.70 308.4
 ATL 20070109  2.78  1.52 57.40 56.50 94.70 315.9
 ATL 20070110  2.87  2.72100.00 56.30 94.70 309.3
 ATL 20070111  3.20  2.98 98.20 56.20 94.70 283.4
 ATL 20070112  3.55  1.14 33.70 56.00 94.70 261.0
 ATL 20070113  3.89  2.92 79.00 55.90 94.70 243.8
 ATL 20070114  3.80  1.45 40.30 55.70 94.70 250.9
 ATL 20070115  3.80  1.23 34.10 55.50 94.70 252.8
 ATL 20070116  4.00  3.62 95.50 55.40 94.70 244.1
 ATL 20070117  3.89  2.82 76.60 55.20 94.70 252.5
 ATL 20070118  3.96  0.76 20.20 55.00 94.70 251.0
 ATL 20070119  3.73  3.40 96.30 54.80 94.70 266.8
 ATL 20070120  3.79  3.07 85.30 54.60 94.70 265.9
 ATL 20070121  4.00  0.73 19.10 54.40 94.70 257.0
 ATL 20070122  4.38  3.65 87.90 54.20 94.70 240.5
 ATL 20070123  4.01  2.84 74.70 54.00 94.70 261.9
 ATL 20070124  3.95  2.67 71.60 53.70 94.70 268.7
 ATL 20070125  3.20  3.03100.00 53.50 94.70 326.0
 ATL 20070126  3.24  3.07100.00 53.30 94.70 326.5
 ATL 20070127  3.74  3.50 98.70 53.00 94.70 291.6
 ATL 20070128  3.60  3.41100.00 52.80 94.70 305.0
 ATL 20070129  3.85  3.60 98.80 52.50 94.70 291.7
 ATL 20070130  3.97  3.74 99.50 52.30 94.70 287.3
 ATL 20070131  3.56  3.30 98.00 52.00 94.70 319.3
 ATL 20070201  4.39  1.14 26.30 51.70 94.70 270.1
 ATL 20070202  4.79  3.27 71.90 51.40 94.70 254.0
 ATL 20070203  4.53  4.06 94.70 51.20 94.70 269.7
 ATL 20070204  3.99  3.61 95.60 50.90 94.70 303.8
 ATL 20070205  4.09  3.88100.00 50.60 94.80 300.8
 ATL 20070206  4.11  3.89100.00 50.30 94.80 303.7
 ATL 20070207  4.80  3.07 67.50 50.00 94.80 269.8
 ATL 20070208  4.58  4.34100.00 49.70 94.80 284.2
 ATL 20070209  4.20  1.18 29.60 49.40 94.80 309.7
 ATL 20070210  4.47  4.23 99.90 49.10 94.80 297.8
 ATL 20070211  4.59  4.35100.00 48.80 94.80 294.9
 ATL 20070212  4.38  4.00 96.50 48.40 94.80 311.3
 ATL 20070213  4.38  1.30 31.10 48.10 94.80 315.1
 ATL 20070214  4.38  4.13 99.50 47.80 94.80 319.4
 ATL 20070215  4.49  4.25 99.90 47.50 94.80 317.2
 ATL 20070216  3.84  3.64100.00 47.10 94.80 367.6
 ATL 20070217  3.81  3.05 84.50 46.80 94.80 375.4
 ATL 20070218  3.83  3.63100.00 46.40 94.80 377.9
 ATL 20070219  4.87  4.55 98.60 46.10 94.80 311.3
 ATL 20070220  5.76  0.77 14.10 45.70 94.80 273.7
 ATL 20070221  4.92  2.11 45.20 45.40 94.80 316.6
 ATL 20070222  5.28  4.99 99.70 45.00 94.80 302.1
 ATL 20070224  5.55  3.95 75.00 44.30 94.80 297.1
 ATL 20070225  5.11  1.57 32.40 43.90 94.80 322.8
 ATL 20070226  4.84  4.48 97.50 43.60 94.90 342.2
 ATL 20070227  5.06  4.79 99.70 43.20 94.90 333.6
 ATL 20070228  5.44  5.16100.00 42.80 94.90 317.9
 ATL 20070301  6.25  0.45  7.60 42.50 94.90 286.7
 ATL 20070302  5.65  5.35100.00 42.10 94.70 315.4
 ATL 20070303  5.23  4.94 99.80 41.70 94.70 340.7
 ATL 20070304  4.85  4.59100.00 41.30 94.70 368.2
 ATL 20070305  5.15  4.87100.00 40.90 94.70 353.9
 ATL 20070306  5.59  5.29100.00 40.50 94.70 333.7
 ATL 20070307  5.96  5.34 94.70 40.20 94.70 319.9
 ATL 20070308  5.91  5.58 99.70 39.80 94.70 326.0
 ATL 20070309  5.67  1.80 33.50 39.40 94.70 341.3
 ATL 20070310  5.90  1.00 17.90 39.00 94.70 333.8
 ATL 20070311  6.02  5.68 99.50 38.60 94.70 331.8
 ATL 20070312  5.76  4.37 80.20 38.20 94.70 348.7
 ATL 20070313  6.36  6.03100.00 37.80 94.70 323.9
 ATL 20070314  6.42  5.34 87.80 37.40 94.70 325.0
 ATL 20070315  6.89  1.60 24.50 37.00 94.70 309.6
 ATL 20070316  6.86  3.93 60.50 36.60 94.70 314.1
 ATL 20070318  5.89  5.58100.00 35.80 94.80 364.3
 ATL 20070319  6.91  6.50 99.30 35.40 94.80 321.6
 ATL 20070320  7.48  6.71 94.70 35.00 94.80 304.2
 ATL 20070321  7.57  6.95 96.90 34.60 94.80 304.2
 ATL 20070322  7.75  7.32 99.70 34.20 94.80 300.8
 ATL 20070324  8.18  7.63 98.40 33.40 94.80 293.4
 ATL 20070325  8.07  7.65100.00 33.00 94.80 299.1
 ATL 20070326  8.32  4.34 55.00 32.60 94.80 294.5
 ATL 20070327  8.10  7.43 96.80 32.20 94.80 303.5
 ATL 20070328  7.69  7.28 99.90 31.80 94.80 319.5
 ATL 20070329  8.01  5.85 77.00 31.40 94.80 311.8
 ATL 20070330  8.16  2.61 33.70 31.00 94.80 309.5
 ATL 20070331  8.45  7.03 87.60 30.70 94.80 303.1
 ATL 20070401  8.32  1.21 15.20 30.30 94.80 309.9
 ATL 20070402  8.05  7.61 99.80 29.90 94.80 320.5
 ATL 20070403  8.42  6.60 82.70 29.50 94.80 311.5
 ATL 20070404  8.14  7.58 98.20 29.10 94.80 322.3
 ATL 20070405  7.89  7.46 99.80 28.70 94.80 333.3
 ATL 20070406  7.39  6.98 99.60 28.30 94.80 354.5
 ATL 20070407  6.47  6.14100.00 28.00 94.80 398.6
 ATL 20070408  6.82  6.39 98.90 27.60 94.80 384.2
 ATL 20070409  7.24  3.27 47.60 27.20 94.80 367.9
 ATL 20070410  7.34  6.67 95.80 26.80 94.80 366.0
 ATL 20070411  8.35  1.73 21.80 26.50 94.80 331.0
 ATL 20070412  8.79  8.33100.00 26.10 94.90 319.2
 ATL 20070413  9.52  8.98 99.50 25.70 94.90 300.7
 ATL 20070414  9.67  4.23 46.10 25.40 94.90 298.6
 ATL 20070415  7.47  4.04 57.00 25.00 94.90 372.1
 ATL 20070416  8.76  8.31100.00 24.60 94.90 327.9
 ATL 20070417  9.44  8.01 89.40 24.30 94.90 309.9
 ATL 20070419  8.13  7.69 99.70 23.60 94.90 354.0
 ATL 20070420  9.14  7.79 89.80 23.20 94.90 322.8
 ATL 20070421  9.57  8.98 99.00 22.90 94.90 312.4
 ATL 20070422  8.89  8.43100.00 22.60 94.90 333.6
 ATL 20070423  9.33  8.77 99.20 22.20 94.90 321.8
 ATL 20070424 10.06  3.79 39.70 21.90 94.90 303.8
 ATL 20070425 10.27  9.60 98.50 21.60 94.90 299.9
 ATL 20070426  9.09  5.88 68.10 21.30 94.90 333.2
 ATL 20070427  8.89  7.73 91.60 20.90 94.90 340.7
 ATL 20070428  8.38  5.85 73.50 20.60 94.90 359.2
 ATL 20070429  8.70  8.25100.00 20.30 94.90 350.0
 ATL 20070430  9.08  8.62100.00 20.00 94.90 338.8
 ATL 20070501  9.58  9.09100.00 19.70 94.90 325.4
 ATL 20070502  9.31  8.79 99.70 19.40 94.70 334.3
 ATL 20070503  9.71  8.89 96.70 19.10 94.70 323.8
 ATL 20070504  9.47  7.99 89.00 18.80 94.70 331.5
 ATL 20070505  9.61  8.38 92.00 18.60 94.70 328.4
 ATL 20070506  9.70  6.78 73.80 18.30 94.70 327.0
 ATL 20070507  9.11  8.63100.00 18.00 94.70 345.0
 ATL 20070508  9.13  8.65100.00 17.80 94.70 345.6
 ATL 20070509  8.69  8.23 99.90 17.50 94.70 360.5
 ATL 20070510  9.50  8.98 99.80 17.20 94.70 336.1
 ATL 20070511  9.42  8.89 99.60 17.00 94.70 339.2
 ATL 20070512  9.97  9.16 97.00 16.80 94.70 324.5
 ATL 20070513  9.98  9.46100.00 16.50 94.80 324.9
 ATL 20070514 10.17  9.62 99.90 16.30 94.80 320.6
 ATL 20070515 10.04  9.52100.00 16.10 94.80 324.8
 ATL 20070516 10.12  8.06 84.00 15.80 94.80 323.3
 ATL 20070517  9.77  9.23 99.70 15.60 94.80 333.7
 ATL 20070518  9.45  8.95100.00 15.40 94.80 343.5
 ATL 20070519  9.47  8.97100.00 15.20 94.80 343.7
 ATL 20070520  9.60  9.10100.00 15.00 94.80 340.1
 ATL 20070521  9.65  9.15100.00 14.80 94.80 339.1
 ATL 20070522  9.49  8.99100.00 14.60 94.80 344.6
 ATL 20070523  9.61  9.11100.00 14.50 94.80 341.1
 ATL 20070524  9.49  8.98 99.90 14.30 94.80 345.4
 ATL 20070525  9.83  9.31100.00 14.10 94.80 335.8
 ATL 20070526 10.73 10.17100.00 14.00 94.80 312.9
 ATL 20070528 10.62  8.37 83.10 13.60 94.80 316.0
 ATL 20070529 10.49  9.94 99.90 13.50 94.80 319.3
 ATL 20070530 11.02 10.39 99.50 13.40 94.80 307.3
 ATL 20070531 10.93 10.11 97.60 13.20 94.80 309.7
 ATL 20070601 10.77  9.77 95.80 13.10 94.80 313.6
 ATL 20070602  9.93  9.35 99.40 13.00 94.80 335.2
 ATL 20070603  9.82  9.26 99.60 12.90 94.80 338.6
 ATL 20070604 10.79  8.96 87.70 12.80 94.80 313.8
 ATL 20070605 10.42  5.69 57.70 12.70 94.80 323.0
 ATL 20070606 10.27  9.73100.00 12.60 94.80 327.0
 ATL 20070607 10.50  9.62 96.70 12.50 94.80 321.0
 ATL 20070608 10.47  9.92100.00 12.40 94.80 322.1
 ATL 20070609 10.67 10.09 99.80 12.30 94.80 317.3
 ATL 20070610 10.79 10.03 98.10 12.30 94.80 314.6
 ATL 20070611 11.11 10.24 97.30 12.20 94.80 307.3
 ATL 20070612 10.16  9.61 99.80 12.20 94.80 330.7
 ATL 20070613 10.04  9.50 99.80 12.10 94.80 334.0
 ATL 20070614  9.97  9.16 96.90 12.10 94.80 335.7
 ATL 20070615 10.01  8.55 90.20 12.00 94.80 334.9
 ATL 20070616  9.91  9.39100.00 12.00 94.80 337.6
 ATL 20070617 10.50  9.95100.00 12.00 94.80 321.8
 ATL 20070618 10.65  7.54 74.80 12.00 94.80 318.2
 ATL 20070619 10.77  4.49 44.00 11.90 94.80 315.3
 ATL 20070620 10.52  9.92 99.50 11.90 94.80 321.2
 ATL 20070621 10.78 10.12 99.00 11.90 94.80 315.0
 ATL 20070622 11.05 10.18 97.30 12.00 94.80 308.8
 ATL 20070623 10.71 10.13 99.80 12.00 94.80 316.6
 ATL 20070624 10.98 10.35 99.40 12.00 94.80 310.2
 ATL 20070625 10.46  7.89 79.60 12.00 94.80 322.6
 ATL 20070626 10.96 10.08 97.10 12.00 94.80 310.6
 ATL 20070627 11.12 10.54100.00 12.10 94.80 306.7
 ATL 20070628 11.40 10.73 99.30 12.10 94.80 300.1
 ATL 20070629 11.22 10.53 99.00 12.20 94.80 304.1
 ATL 20070630 11.58  9.53 87.00 12.20 94.80 296.1
 ATL 20070701 11.66 10.22 92.50 12.30 94.80 294.4
 ATL 20070702 11.58  6.38 58.10 12.40 94.80 295.7
 ATL 20070703 11.55 10.60 96.90 12.50 94.80 296.3
 ATL 20070704 11.44 10.84 99.90 12.50 94.80 298.2
 ATL 20070705 10.93 10.36100.00 12.60 94.80 309.7
 ATL 20070706 11.44 10.31 95.10 12.70 94.80 297.9
 ATL 20070708 11.33  7.66 71.30 12.90 94.80 299.5
 ATL 20070709 11.33 10.62 98.90 13.10 94.80 299.3
 ATL 20070710 11.18 10.47 98.80 13.20 94.80 302.4
 ATL 20070711 11.38  7.97 73.90 13.30 94.80 297.7
 ATL 20070712 11.59 10.98100.00 13.40 94.80 293.2
 ATL 20070713 11.80  5.16 46.20 13.60 94.80 288.7
 ATL 20070714 11.34  8.65 80.50 13.70 94.80 297.7
 ATL 20070715 11.42 10.71 99.00 13.90 94.80 295.7
 ATL 20070716 11.26 10.10 94.60 14.00 94.80 298.5
 ATL 20070717 11.95  9.90 87.40 14.20 94.80 284.2
 ATL 20070718 11.67 10.63 96.10 14.40 94.80 289.4
 ATL 20070719 11.12 10.54100.00 14.50 94.80 300.6
 ATL 20070720 11.35  7.29 67.80 14.70 94.80 295.2
 ATL 20070721 10.25  9.69 99.80 14.90 94.80 320.3
 ATL 20070722 10.17  8.63 89.60 15.10 94.80 322.0
 ATL 20070723 10.36  5.96 60.60 15.30 94.80 316.4
 ATL 20070724 10.63 10.03 99.50 15.50 94.80 309.3
 ATL 20070725 10.87 10.30100.00 15.70 94.80 302.9
 ATL 20070726 11.18 10.53 99.40 15.90 94.80 295.4
 ATL 20070727 10.66 10.00 99.00 16.20 94.80 306.5
 ATL 20070728 10.70  0.63  6.20 16.40 94.80 304.7
 ATL 20070729 11.29 10.19 95.30 16.60 94.80 291.1
 ATL 20070730 11.20 10.61100.00 16.90 94.70 292.1
 ATL 20070731 10.86 10.14 98.50 17.10 94.70 298.6
 ATL 20070801 10.83  7.96 77.50 17.40 94.70 298.4
 ATL 20070802 10.86  9.19 89.30 17.60 94.70 297.2
 ATL 20070803 10.87  7.87 76.50 17.90 94.70 296.2
 ATL 20070804 11.34 10.68 99.40 18.20 94.70 285.2
 ATL 20070805 11.12  8.91 84.50 18.40 94.70 289.0
 ATL 20070806 11.57  9.41 85.80 18.70 94.70 278.6
 ATL 20070807 11.37 10.67 99.00 19.00 94.70 281.8
 ATL 20070808 11.17  6.76 63.90 19.30 94.70 285.3
 ATL 20070809 10.84 10.27100.00 19.60 94.70 291.6
 ATL 20070810 10.58 10.03100.00 19.90 94.70 296.2
 ATL 20070811 10.36  9.81100.00 20.20 94.70 300.1
 ATL 20070812 10.40  7.32 74.30 20.50 94.70 298.0
 ATL 20070813 10.31  9.77100.00 20.80 94.70 298.9
 ATL 20070814 10.40  9.85100.00 21.10 94.70 295.7
 ATL 20070815 10.12  9.58 99.90 21.40 94.70 300.8
 ATL 20070816 10.07  9.54100.00 21.70 94.70 300.6
 ATL 20070817 10.36  6.57 67.00 22.10 94.70 292.7
 ATL 20070818 10.47  9.92100.00 22.40 94.70 288.8
 ATL 20070819 10.52  9.96100.00 22.70 94.70 286.3
 ATL 20070820 10.07  9.26 97.10 23.10 94.70 295.2
 ATL 20070821 10.27  9.65 99.20 23.40 94.70 289.3
 ATL 20070822 10.07  9.52 99.80 23.80 94.70 292.5
 ATL 20070823 10.23  9.64 99.60 24.10 94.70 287.3
 ATL 20070824 10.35  9.50 96.90 24.50 94.70 282.8
 ATL 20070825 10.04  9.50 99.90 24.80 94.70 288.6
 ATL 20070826  9.84  9.18 98.50 25.20 94.70 291.8
 ATL 20070827  9.79  7.30 78.80 25.50 94.70 291.3
 ATL 20070828 10.10  9.36 97.90 25.90 94.70 281.8
 ATL 20070829 10.04  7.42 78.00 26.30 94.70 281.3
 ATL 20070830  9.61  8.40 92.30 26.60 94.70 290.1
 ATL 20070831  9.31  6.54 74.20 27.00 94.70 295.6
 ATL 20070901  9.26  2.80 32.00 27.40 94.70 295.0
 ATL 20070902  9.20  8.71 99.80 27.80 94.80 294.6
 ATL 20070903  9.24  8.75 99.90 28.10 94.80 291.8
 ATL 20070904  9.36  8.56 96.50 28.50 94.80 286.6
 ATL 20070905  9.15  8.59 99.00 28.90 94.80 289.9
 ATL 20070906  9.12  8.59 99.30 29.30 94.80 288.6
 ATL 20070907  8.82  7.48 89.40 29.70 94.80 294.4
 ATL 20070908  8.90  8.43100.00 30.10 94.80 290.2
 ATL 20070909  9.03  8.54 99.70 30.50 94.80 284.3
 ATL 20070910  8.99  8.45 99.20 30.80 94.80 282.9
 ATL 20070911  8.87  7.66 91.10 31.20 94.80 283.7
 ATL 20070912  8.59  5.56 68.30 31.60 94.80 288.9
 ATL 20070913  8.63  7.76 94.90 32.00 94.80 285.4
 ATL 20070914  8.88  4.74 56.30 32.40 94.80 276.4
 ATL 20070915  8.37  7.91 99.80 32.80 94.80 287.6
 ATL 20070916  8.19  5.64 72.60 33.20 94.80 290.2
 ATL 20070917  8.16  7.73100.00 33.60 94.80 288.5
 ATL 20070918  8.17  7.73 99.80 34.00 94.80 285.4
 ATL 20070919  7.96  7.55100.00 34.40 94.80 288.9
 ATL 20070920  8.07  7.29 95.30 34.80 94.80 283.0
 ATL 20070921  8.05  4.50 58.90 35.20 94.80 280.5
 ATL 20070922  8.24  4.31 55.20 35.60 94.80 273.0
 ATL 20070923  8.38  7.94100.00 36.00 94.80 266.4
 ATL 20070924  8.13  7.70100.00 36.40 94.70 270.4
 ATL 20070925  7.87  7.42 99.60 36.80 94.70 274.9
 ATL 20070926  7.68  7.28100.00 37.20 94.70 277.2
 ATL 20070927  7.56  7.15 99.80 37.60 94.70 278.0
 ATL 20070928  7.39  7.00100.00 38.00 94.70 280.1
 ATL 20070929  7.21  6.83100.00 38.40 94.70 283.1
 ATL 20070930  7.18  6.80100.00 38.80 94.70 280.8
 ATL 20071001  7.25  6.86 99.80 39.20 94.70 275.5
 ATL 20071002  7.15  6.77100.00 39.60 94.70 275.8
 ATL 20071003  7.30  4.99 72.30 40.00 94.70 268.0
 ATL 20071004  7.20  2.61 38.20 40.40 94.70 268.1
 ATL 20071005  7.13  6.03 89.30 40.70 94.70 267.0
 ATL 20071006  7.04  4.35 65.20 41.10 94.70 266.9
 ATL 20071007  7.05  6.68100.00 41.50 94.70 263.3
 ATL 20071008  7.19  6.79 99.80 41.90 94.70 256.1
 ATL 20071009  6.91  6.36 97.30 42.30 94.70 261.4
 ATL 20071010  6.33  6.00100.00 42.60 94.70 277.6
 ATL 20071011  5.90  5.59100.00 43.00 94.70 291.1
 ATL 20071012  6.08  5.75100.00 43.40 94.70 280.1
 ATL 20071013  5.98  5.66100.00 43.80 94.70 280.6
 ATL 20071014  6.11  5.79100.00 44.10 94.60 272.2
 ATL 20071015  6.24  5.91100.00 44.50 94.60 264.1
 ATL 20071016  6.23  1.42 24.20 44.90 94.60 261.0
 ATL 20071017  6.08  5.75 99.90 45.20 94.60 263.0
 ATL 20071018  6.11  1.19 20.60 45.60 94.60 258.8
 ATL 20071019  6.05  1.51 26.50 45.90 94.60 257.9
 ATL 20071020  6.03  5.70100.00 46.30 94.60 255.4
 ATL 20071021  5.98  5.66100.00 46.60 94.60 254.0
 ATL 20071022  6.10  0.39  6.70 47.00 94.60 246.7
 ATL 20071023  6.01  3.48 61.30 47.30 94.60 246.8
 ATL 20071024  5.49  4.20 80.80 47.60 94.60 262.4
 ATL 20071025  5.14  4.25 87.40 48.00 94.60 274.0
 ATL 20071026  5.21  4.65 94.30 48.30 94.60 267.2
 ATL 20071027  5.20  4.92 99.90 48.60 94.60 264.0
 ATL 20071028  5.02  4.74 99.90 48.90 94.60 268.8
 ATL 20071029  4.95  4.68100.00 49.20 94.60 268.4
 ATL 20071030  4.90  4.64100.00 49.50 94.60 267.0
 ATL 20071031  4.89  4.61 99.60 49.80 94.60 264.0
 ATL 20071101  5.12  4.84100.00 50.10 94.50 251.0
 ATL 20071102  5.00  4.74100.00 50.40 94.80 252.8
 ATL 20071103  4.84  4.59100.00 50.70 94.70 256.6
 ATL 20071104  4.50  4.26100.00 51.00 94.70 269.8
 ATL 20071105  4.57  4.33100.00 51.30 94.70 262.8
 ATL 20071106  4.39  4.16100.00 51.60 94.70 269.0
 ATL 20071107  4.33  4.11100.00 51.90 94.70 268.8
 ATL 20071108  4.00  3.75 99.00 52.10 94.70 284.0
 ATL 20071109  3.92  3.71100.00 52.40 94.70 286.0
 ATL 20071110  3.97  3.74 99.40 52.60 94.70 279.1
 ATL 20071111  4.05  3.78 98.60 52.90 94.70 271.8
 ATL 20071112  4.16  3.94100.00 53.10 94.70 262.0
 ATL 20071113  4.10  3.65 94.00 53.40 94.70 262.3
 ATL 20071114  4.12  2.40 61.40 53.60 94.70 258.4
 ATL 20071115  3.71  3.50 99.50 53.80 94.70 279.3
 ATL 20071116  3.72  3.52100.00 54.10 94.70 275.7
 ATL 20071117  3.75  3.45 96.90 54.30 94.70 270.6
 ATL 20071118  3.79  2.59 72.10 54.50 94.70 265.5
 ATL 20071119  3.72  2.96 84.00 54.70 94.70 266.8
 ATL 20071120  4.20  3.98100.00 54.90 94.70 238.0
 ATL 20071121  3.93  3.67 98.60 55.10 94.70 249.9
 ATL 20071122  3.69  2.66 76.30 55.30 94.70 260.9
 ATL 20071123  3.49  3.21 97.20 55.50 94.70 271.7
 ATL 20071124  3.55  3.31 98.60 55.60 94.70 265.3
 ATL 20071125  3.59  0.49 14.40 55.80 94.70 259.8
 ATL 20071126  4.09  0.38  9.80 56.00 94.70 231.3
 ATL 20071127  3.75  3.01 84.90 56.10 94.70 247.4
 ATL 20071128  3.65  3.45100.00 56.30 94.70 251.0
 ATL 20071129  3.67  3.46 99.40 56.40 94.70 247.9
 ATL 20071130  3.70  3.50100.00 56.60 94.70 244.7
 ATL 20071201  3.61  3.39 99.00 56.70 94.60 247.9
 ATL 20071202  3.82  1.19 32.90 56.80 94.60 234.8
 ATL 20071203  3.43  3.18 97.80 56.90 94.60 255.6
 ATL 20071204  3.14  2.90 97.60 57.00 94.60 274.4
 ATL 20071205  2.86  2.59 95.80 57.10 94.60 296.4
 ATL 20071210  3.87  3.66100.00 57.60 94.60 223.5
 ATL 20071211  3.72  3.52100.00 57.60 94.60 230.2
 ATL 20071212  3.69  3.28 93.70 57.70 94.60 231.1
 ATL 20071213  3.40  1.36 42.50 57.70 94.60 247.3
 ATL 20071214  3.41  3.23100.00 57.80 94.60 245.9
 ATL 20071215  3.39  0.49 15.10 57.80 94.60 246.7
 ATL 20071216  3.11  2.61 88.50 57.80 94.60 264.8
 ATL 20071217  3.12  2.95100.00 57.90 94.60 264.0
 ATL 20071218  2.94  1.91 68.80 57.90 94.60 277.9
 ATL 20071219  2.95  0.75 27.00 57.90 94.60 276.8
 ATL 20071220  2.76  0.64 24.30 57.90 94.60 293.2
 ATL 20071221  2.75  0.70 26.90 57.90 94.60 295.0
 ATL 20071222  3.06  0.58 19.90 57.90 94.60 268.7
 ATL 20071223  3.00  1.96 69.10 57.90 94.60 273.5
 ATL 20071224  3.28  2.90 93.60 57.80 94.60 254.0
 ATL 20071225  3.08  1.32 45.40 57.80 94.60 268.2
 ATL 20071226  3.13  2.96100.00 57.80 94.60 265.3
 ATL 20071227  3.23  2.81 92.00 57.70 94.60 258.9
 ATL 20071228  3.44  0.76 23.10 57.70 94.60 246.3
 ATL 20071229  3.26  2.88 93.30 57.60 94.60 258.4
 ATL 20071230  3.13  0.38 12.90 57.50 94.60 268.8
 ATL 20071231  2.93  2.77100.00 57.50 94.60 285.8
 ATL 20080101  2.79  2.64100.00 57.40 94.60 299.8
