 FSD 20070102  1.20  1.25100.00 67.20 96.40 331.3
 FSD 20070103  1.27  1.12 91.20 67.10 96.40 313.9
 FSD 20070104  1.20  1.16100.00 67.00 96.40 334.7
 FSD 20070105  1.18  0.76 66.10 66.90 96.40 344.0
 FSD 20070106  1.13  1.10100.00 66.70 96.40 363.5
 FSD 20070107  0.95  0.62 62.90 66.60 96.40 437.2
 FSD 20070108  1.10  0.64 59.30 66.50 96.40 380.4
 FSD 20070109  1.13  1.20 92.80 66.40 96.40 376.0
 FSD 20070110  1.20  1.17100.00 66.20 96.40 357.2
 FSD 20070111  1.24  1.10 85.70 66.10 96.40 349.9
 FSD 20070112  1.27  1.29 87.00 65.90 96.40 344.2
 FSD 20070113  1.31  1.47 93.80 65.80 96.40 339.2
 FSD 20070114  1.40  1.70100.00 65.60 96.40 321.6
 FSD 20070115  1.25  1.63 99.60 65.40 96.40 364.2
 FSD 20070116  1.37  1.72100.00 65.20 96.40 337.9
 FSD 20070117  1.43  1.84100.00 65.10 96.40 328.5
 FSD 20070118  1.20  0.95 61.40 64.90 96.40 396.9
 FSD 20070119  1.34  1.74100.00 64.70 96.40 359.8
 FSD 20070120  1.40  1.78100.00 64.50 96.40 351.2
 FSD 20070121  1.45  1.60 86.30 64.30 96.40 345.7
 FSD 20070122  1.30  1.71100.00 64.00 96.40 391.5
 FSD 20070123  1.35  1.09 63.10 63.80 96.40 384.6
 FSD 20070124  1.39  1.62 89.10 63.60 96.50 381.5
 FSD 20070125  1.51  1.99100.00 63.40 96.50 358.3
 FSD 20070126  1.62  2.11 99.70 63.10 96.50 340.7
 FSD 20070127  1.42  1.48 82.90 62.90 96.50 394.7
 FSD 20070128  1.49  1.86 95.10 62.60 96.50 381.6
 FSD 20070129  1.36  1.64 93.80 62.40 96.50 425.4
 FSD 20070130  1.37  1.77100.00 62.10 96.50 432.2
 FSD 20070131  1.42  1.64 90.80 61.80 96.50 425.1
 FSD 20070201  1.52  1.81 92.40 61.60 96.50 402.7
 FSD 20070202  1.44  1.80 97.50 61.30 96.50 435.5
 FSD 20070203  1.55  1.96 98.20 61.00 96.50 411.1
 FSD 20070204  1.81  2.33100.00 60.70 96.50 359.6
 FSD 20070205  1.75  2.25100.00 60.40 96.50 378.2
 FSD 20070206  1.81  1.77 75.10 60.20 96.50 373.1
 FSD 20070207  1.80  2.36 99.70 59.90 96.50 383.1
 FSD 20070208  1.92  2.52100.00 59.60 96.50 367.2
 FSD 20070209  1.93  2.26 91.60 59.20 96.50 373.6
 FSD 20070210  2.02  2.54 98.10 58.90 96.50 364.5
 FSD 20070211  2.22  2.77 97.30 58.60 96.50 341.2
 FSD 20070212  2.35  2.12 70.10 58.30 96.50 331.0
 FSD 20070213  2.27  2.83 93.20 58.00 96.50 348.4
 FSD 20070214  2.21  2.80 97.40 57.60 96.50 364.2
 FSD 20070215  2.19  2.92100.00 57.30 96.50 373.9
 FSD 20070216  2.28  2.36 77.70 57.00 96.50 367.5
 FSD 20070217  2.14  2.68 93.80 56.60 96.50 397.4
 FSD 20070218  2.65  2.81 80.50 56.30 96.50 332.1
 FSD 20070219  2.77  2.48 67.90 55.90 96.50 325.2
 FSD 20070220  2.47  2.36 76.70 55.60 96.50 367.3
 FSD 20070221  2.53  2.43 99.60 55.20 96.60 366.2
 FSD 20070222  2.64  2.55100.00 54.90 96.60 358.9
 FSD 20070224  2.55  0.63 19.60 54.20 96.60 384.2
 FSD 20070225  2.44  2.32 70.10 53.80 96.60 408.0
 FSD 20070226  2.44  2.60 82.70 53.40 96.60 417.2
 FSD 20070227  2.50  3.13 97.80 53.00 96.60 414.4
 FSD 20070228  2.72  1.29 35.40 52.70 96.60 390.8
 FSD 20070301  2.64  2.05 56.70 52.30 96.60 409.1
 FSD 20070302  2.63  2.86 79.70 51.90 96.30 417.6
 FSD 20070303  2.54  3.20 95.70 51.50 96.30 438.9
 FSD 20070304  2.90  3.16 81.40 51.10 96.40 395.7
 FSD 20070305  3.10  4.05 99.20 50.80 96.40 379.4
 FSD 20070306  3.23  3.85 89.70 50.40 96.40 371.9
 FSD 20070307  3.48  3.74 81.70 50.00 96.40 353.8
 FSD 20070308  3.55  3.26 70.00 49.60 96.40 353.5
 FSD 20070309  3.51  3.10 91.60 49.20 96.40 363.6
 FSD 20070310  3.40  3.28100.00 48.80 96.40 380.1
 FSD 20070311  3.62  1.76 50.40 48.40 96.40 366.1
 FSD 20070312  4.20  3.98 98.40 48.00 96.40 327.0
 FSD 20070313  4.67  4.41 97.90 47.60 96.40 303.1
 FSD 20070314  4.24  0.67 16.50 47.20 96.40 334.5
 FSD 20070315  3.40  1.92 58.70 46.80 96.40 412.5
 FSD 20070316  3.42  3.30100.00 46.40 96.40 415.6
 FSD 20070318  4.31  3.84 92.40 45.60 96.40 350.0
 FSD 20070319  4.76  4.59100.00 45.20 96.40 325.9
 FSD 20070320  5.43  4.45 85.10 44.80 96.40 295.9
 FSD 20070321  5.36  1.38 26.70 44.40 96.40 303.1
 FSD 20070322  4.75  4.58100.00 44.00 96.40 340.3
 FSD 20070324  5.29  4.33 84.90 43.20 96.40 319.5
 FSD 20070325  4.76  1.20 26.10 42.80 96.40 354.3
 FSD 20070326  5.16  4.97100.00 42.40 96.40 335.3
 FSD 20070327  5.65  2.05 37.90 42.00 96.40 314.5
 FSD 20070328  5.54  1.01 18.90 41.60 96.50 323.7
 FSD 20070329  5.67  1.57 28.70 41.20 96.50 321.1
 FSD 20070330  5.27  0.80 15.80 40.80 96.50 346.0
 FSD 20070331  5.17  0.52 10.30 40.40 96.50 355.8
 FSD 20070401  4.82  1.15 24.70 40.00 96.50 382.3
 FSD 20070402  5.33  3.10 60.30 39.60 96.50 354.9
 FSD 20070403  4.81  2.62 54.90 39.30 96.50 392.4
 FSD 20070404  5.02  4.79 98.90 38.90 96.50 382.1
 FSD 20070405  5.11  4.93100.00 38.50 96.50 380.2
 FSD 20070406  4.16  3.70 92.10 38.10 96.50 459.9
 FSD 20070407  4.64  4.42 98.60 37.70 96.50 422.5
 FSD 20070408  4.40  4.25100.00 37.30 96.50 447.1
 FSD 20070409  4.75  4.58100.00 36.90 96.50 422.5
 FSD 20070410  5.60  1.01 16.00 36.60 96.50 370.7
 FSD 20070411  5.86  3.24 45.20 36.20 96.50 360.0
 FSD 20070412  5.97  5.15 80.60 35.80 96.50 358.1
 FSD 20070413  5.79  5.55 99.20 35.40 96.50 370.7
 FSD 20070414  5.89  5.68 99.80 35.10 96.50 368.7
 FSD 20070415  6.38  6.16100.00 34.70 96.50 347.7
 FSD 20070416  6.85  6.54 99.00 34.40 96.50 330.8
 FSD 20070417  6.57  5.82 91.80 34.00 96.50 345.1
 FSD 20070419  6.61  6.32 99.10 33.30 96.50 349.1
 FSD 20070420  6.76  6.28 96.30 32.90 96.50 345.3
 FSD 20070421  7.46  2.62 36.40 32.60 96.50 320.2
 FSD 20070422  7.03  0.55  8.20 32.20 96.50 339.1
 FSD 20070423  7.12  6.82 99.20 31.90 96.50 337.9
 FSD 20070424  6.76  1.06 16.20 31.60 96.50 355.6
 FSD 20070425  6.65  4.64 72.20 31.20 96.50 362.9
 FSD 20070426  6.68  6.20 96.20 30.90 96.50 364.3
 FSD 20070427  6.82  6.47 98.30 30.60 96.50 360.4
 FSD 20070428  7.23  6.95 99.50 30.30 96.50 345.4
 FSD 20070429  7.63  6.54 88.80 30.00 96.50 332.7
 FSD 20070430  8.05  7.11 91.50 29.60 96.50 319.6
 FSD 20070501  7.78  7.51100.00 29.30 96.50 331.1
 FSD 20070502  7.41  7.14 99.90 29.00 96.30 346.4
 FSD 20070503  7.92  7.63100.00 28.70 96.30 329.9
 FSD 20070504  8.37  1.76 21.90 28.50 96.30 316.7
 FSD 20070505  8.17  2.18 27.80 28.20 96.30 324.8
 FSD 20070506  8.62  1.07 13.00 27.90 96.30 312.3
 FSD 20070507  8.20  7.21 91.30 27.60 96.30 326.8
 FSD 20070508  7.53  7.19 99.10 27.30 96.30 352.6
 FSD 20070509  8.48  8.17100.00 27.10 96.30 320.7
 FSD 20070510  9.08  8.75100.00 26.80 96.30 304.6
 FSD 20070511  8.98  6.81 78.80 26.50 96.30 309.2
 FSD 20070512  8.90  5.98 69.70 26.30 96.30 312.6
 FSD 20070513  8.88  8.48 99.10 26.10 96.30 314.5
 FSD 20070514  9.24  8.32 93.50 25.80 96.30 305.7
 FSD 20070515  7.84  7.55100.00 25.60 96.30 351.4
 FSD 20070516  7.70  7.27 98.00 25.30 96.30 357.8
 FSD 20070517  8.54  8.23100.00 25.10 96.30 329.8
 FSD 20070518  8.53  8.22100.00 24.90 96.30 331.2
 FSD 20070519  8.67  8.21 98.20 24.70 96.30 327.8
 FSD 20070520  9.12  8.35 95.00 24.50 96.30 315.3
 FSD 20070521  9.16  8.70 98.50 24.30 96.40 314.9
 FSD 20070522  9.09  1.06 12.10 24.10 96.40 317.7
 FSD 20070523  8.82  8.50 99.90 23.90 96.40 326.6
 FSD 20070524  7.76  1.45 19.40 23.70 96.40 364.2
 FSD 20070525  8.15  7.80 99.30 23.50 96.40 350.5
 FSD 20070526  8.22  7.86 99.20 23.40 96.40 348.8
 FSD 20070528  8.62  8.28 99.70 23.10 96.40 336.9
 FSD 20070529  8.98  4.03 46.70 22.90 96.40 326.4
 FSD 20070530  8.90  1.43 16.70 22.80 96.40 329.6
 FSD 20070531  8.94  8.57 99.60 22.60 96.40 328.9
 FSD 20070601  8.80  2.40 28.30 22.50 96.40 333.8
 FSD 20070602  8.16  4.57 58.10 22.40 96.40 355.7
 FSD 20070603  8.12  4.78 61.00 22.20 96.40 357.5
 FSD 20070604  8.40  7.59 93.80 22.10 96.40 348.5
 FSD 20070605  8.08  7.78100.00 22.00 96.40 360.2
 FSD 20070606  9.02  6.37 73.30 21.90 96.40 329.2
 FSD 20070607  8.15  7.85100.00 21.80 96.40 358.6
 FSD 20070608  8.22  7.92100.00 21.80 96.40 356.2
 FSD 20070609  8.35  8.02 99.60 21.70 96.40 352.2
 FSD 20070610  8.77  8.45100.00 21.60 96.40 338.4
 FSD 20070611  9.42  8.42 92.70 21.50 96.40 319.2
 FSD 20070612  9.95  6.87 71.70 21.50 96.40 305.5
 FSD 20070613 10.58  2.87 28.10 21.40 96.40 290.7
 FSD 20070614 10.84  9.84 94.20 21.40 96.40 285.0
 FSD 20070615  9.70  9.32 99.80 21.30 96.40 312.6
 FSD 20070616  9.40  9.05 99.90 21.30 96.40 320.5
 FSD 20070617 10.36  9.13 91.40 21.30 96.40 296.2
 FSD 20070618  9.99  7.47 77.70 21.30 96.40 305.3
 FSD 20070619  8.74  8.42100.00 21.30 96.40 340.6
 FSD 20070620  9.21  8.87100.00 21.20 96.40 326.3
 FSD 20070621  9.79  5.49 58.20 21.20 96.40 310.4
 FSD 20070622  9.88  4.19 44.10 21.30 96.40 308.0
 FSD 20070623 10.05  9.68100.00 21.30 96.40 303.5
 FSD 20070624 10.11  9.74100.00 21.30 96.40 301.8
 FSD 20070625 10.06  9.69100.00 21.30 96.40 302.8
 FSD 20070626 10.08  9.10 93.70 21.40 96.40 302.2
 FSD 20070627 10.03  8.99 93.00 21.40 96.40 303.2
 FSD 20070628  9.50  9.16100.00 21.40 96.40 316.7
 FSD 20070629 10.00  9.64100.00 21.50 96.40 303.4
 FSD 20070630  9.77  9.42100.00 21.60 96.40 309.0
 FSD 20070701  9.77  9.41100.00 21.60 96.40 308.8
 FSD 20070702  9.56  9.21100.00 21.70 96.40 314.0
 FSD 20070703  9.68  8.39 90.00 21.80 96.40 310.5
 FSD 20070704  9.44  9.10100.00 21.90 96.40 316.3
 FSD 20070705  9.25  8.36 93.90 22.00 96.40 321.0
 FSD 20070706  9.26  8.92100.00 22.10 96.40 320.3
 FSD 20070708 10.33  8.24 82.70 22.30 96.40 292.0
 FSD 20070709  9.74  7.13 76.00 22.40 96.40 305.9
 FSD 20070710  9.33  8.99100.00 22.60 96.40 316.1
 FSD 20070711  9.51  8.33 90.90 22.70 96.40 310.7
 FSD 20070712  8.45  7.78 95.60 22.80 96.40 341.6
 FSD 20070713  8.84  8.50 99.80 23.00 96.40 328.6
 FSD 20070714  8.70  8.38 99.90 23.10 96.40 332.1
 FSD 20070715  8.93  8.57 99.70 23.30 96.40 324.3
 FSD 20070716  9.01  3.52 40.60 23.50 96.40 320.7
 FSD 20070717  8.94  8.44 98.00 23.60 96.40 322.2
 FSD 20070718 10.04  7.43 76.80 23.80 96.40 292.5
 FSD 20070719  9.08  8.68 99.30 24.00 96.40 316.5
 FSD 20070720  9.34  9.00100.00 24.20 96.40 308.4
 FSD 20070721  9.32  8.94 99.60 24.40 96.30 308.2
 FSD 20070722  9.31  8.97100.00 24.60 96.30 307.4
 FSD 20070723 10.23  9.82 99.60 24.80 96.30 283.6
 FSD 20070724  9.34  8.98 99.80 25.00 96.30 304.6
 FSD 20070725  9.69  9.34100.00 25.20 96.30 294.3
 FSD 20070726  9.44  6.86 75.40 25.50 96.30 299.5
 FSD 20070727  9.43  7.92 87.20 25.70 96.30 298.5
 FSD 20070728  9.30  8.70 97.10 25.90 96.30 300.6
 FSD 20070729  9.27  8.93100.00 26.20 96.30 300.2
 FSD 20070730  9.42  9.08100.00 26.40 96.30 295.0
 FSD 20070731  9.23  8.89100.00 26.70 96.30 298.6
 FSD 20070801  9.71  8.79 94.00 26.90 96.30 285.3
 FSD 20070802  9.66  8.72 93.70 27.20 96.30 285.1
 FSD 20070803  9.20  8.39 94.60 27.50 96.30 295.3
 FSD 20070804  9.17  3.59 40.70 27.70 96.30 294.7
 FSD 20070805  9.24  8.51 95.70 28.00 96.30 291.3
 FSD 20070806  9.39  7.86 86.90 28.30 96.30 285.9
 FSD 20070807  9.11  4.25 48.50 28.60 96.30 291.6
 FSD 20070808  8.90  6.49 75.70 28.90 96.30 295.5
 FSD 20070809  9.03  8.70100.00 29.20 96.30 290.6
 FSD 20070810  9.25  5.14 57.80 29.50 96.30 282.9
 FSD 20070811  8.77  8.40 99.50 29.80 96.30 294.1
 FSD 20070812  8.95  6.94 80.60 30.10 96.30 287.6
 FSD 20070813  8.90  8.57100.00 30.40 96.30 286.8
 FSD 20070814  8.86  7.81 91.60 30.80 96.30 286.0
 FSD 20070815  8.44  7.71 94.90 31.10 96.30 295.6
 FSD 20070816  8.58  5.21 63.00 31.40 96.30 289.7
 FSD 20070817  8.74  6.99 83.00 31.70 96.30 282.9
 FSD 20070818  8.42  0.84 10.40 32.10 96.30 289.8
 FSD 20070819  8.18  2.83 35.90 32.40 96.30 294.4
 FSD 20070820  7.82  0.76 10.20 32.80 96.30 303.3
 FSD 20070821  8.24  7.94100.00 33.10 96.30 288.2
 FSD 20070822  7.67  4.75 64.30 33.50 96.30 303.1
 FSD 20070823  7.59  1.82 24.90 33.80 96.30 303.5
 FSD 20070824  7.25  6.93 99.30 34.20 96.30 312.7
 FSD 20070825  7.39  7.04 98.90 34.50 96.30 305.0
 FSD 20070826  7.49  7.19 99.60 34.90 96.30 298.8
 FSD 20070827  7.36  6.72 94.80 35.30 96.30 300.4
 FSD 20070828  7.52  0.85 11.70 35.60 96.30 292.7
 FSD 20070829  7.38  7.10100.00 36.00 96.30 294.6
 FSD 20070830  7.58  7.30100.00 36.40 96.30 285.2
 FSD 20070831  7.52  7.23100.00 36.80 96.30 284.5
 FSD 20070901  7.51  7.22 99.90 37.10 96.30 281.8
 FSD 20070902  7.55  7.29100.00 37.50 96.50 277.6
 FSD 20070903  7.28  7.01 99.90 37.90 96.50 283.3
 FSD 20070904  7.15  6.90100.00 38.30 96.50 284.4
 FSD 20070905  7.14  6.89 99.90 38.70 96.50 281.5
 FSD 20070906  7.04  6.79100.00 39.10 96.50 281.9
 FSD 20070907  6.80  6.56100.00 39.40 96.50 287.1
 FSD 20070908  6.33  1.78 29.30 39.80 96.50 301.0
 FSD 20070909  6.23  1.02 17.00 40.20 96.50 301.2
 FSD 20070910  5.56  5.21 97.00 40.60 96.50 327.7
 FSD 20070911  5.86  5.65100.00 41.00 96.50 310.1
 FSD 20070912  5.98  5.77100.00 41.40 96.50 300.8
 FSD 20070913  5.96  5.72 99.50 41.80 96.40 298.1
 FSD 20070914  5.56  5.17 96.40 42.20 96.40 312.1
 FSD 20070915  5.66  5.46100.00 42.60 96.40 303.2
 FSD 20070916  5.80  5.59100.00 43.00 96.40 293.7
 FSD 20070917  5.85  0.89 15.80 43.40 96.40 287.7
 FSD 20070918  5.66  4.14 76.00 43.80 96.40 291.8
 FSD 20070919  5.64  5.44100.00 44.20 96.40 288.3
 FSD 20070920  5.57  5.22 97.30 44.60 96.40 287.5
 FSD 20070921  5.42  3.94 75.30 45.00 96.40 290.0
 FSD 20070922  5.47  5.27100.00 45.40 96.40 283.6
 FSD 20070923  5.73  5.52100.00 45.80 96.40 269.3
 FSD 20070924  5.51  1.48 27.80 46.20 96.40 274.2
 FSD 20070925  4.82  3.86 83.10 46.60 96.40 301.8
 FSD 20070926  4.49  4.32100.00 47.00 96.40 316.2
 FSD 20070927  4.85  4.65 99.50 47.40 96.40 291.9
 FSD 20070928  4.81  4.63100.00 47.80 96.40 289.3
 FSD 20070929  4.99  3.97 82.60 48.20 96.40 276.1
 FSD 20070930  4.73  0.61 13.50 48.60 96.40 284.2
 FSD 20071001  4.74  4.54 99.40 49.00 96.40 278.6
 FSD 20071002  4.57  3.27 74.20 49.40 96.40 282.6
 FSD 20071003  4.50  4.33100.00 49.80 96.40 281.9
 FSD 20071004  4.52  4.35100.00 50.20 96.40 276.4
 FSD 20071005  4.84  2.76 59.10 50.60 96.40 256.5
 FSD 20071006  4.78  4.61100.00 51.00 96.40 255.1
 FSD 20071007  4.91  2.16 45.70 51.30 96.30 245.4
 FSD 20071008  4.20  4.01 99.30 51.70 96.30 275.7
 FSD 20071009  4.21  4.06100.00 52.10 96.30 270.3
 FSD 20071010  4.03  2.54 65.60 52.50 96.30 275.9
 FSD 20071011  4.09  3.93 99.90 52.90 96.30 267.6
 FSD 20071012  3.86  3.72100.00 53.20 96.30 276.0
 FSD 20071013  3.68  3.33 93.80 53.60 96.30 281.9
 FSD 20071014  3.75  1.28 35.40 54.00 96.30 272.9
 FSD 20071015  3.67  0.37 10.50 54.30 96.30 272.8
 FSD 20071016  3.44  0.76 22.90 54.70 96.30 282.8
 FSD 20071017  3.59  1.55 44.80 55.10 96.30 267.6
 FSD 20071018  3.27  0.73 23.10 55.40 96.30 284.7
 FSD 20071019  3.12  1.77 59.00 55.80 96.30 292.0
 FSD 20071020  3.42  3.22 97.70 56.10 96.30 264.6
 FSD 20071021  3.14  0.49 16.30 56.50 96.30 280.1
 FSD 20071022  2.86  2.68 97.20 56.80 96.30 298.0
 FSD 20071023  3.00  2.89100.00 57.10 96.30 280.6
 FSD 20071024  3.15  3.03100.00 57.50 96.30 264.5
 FSD 20071025  3.16  3.05100.00 57.80 96.30 258.4
 FSD 20071026  3.19  3.07100.00 58.10 96.30 252.2
 FSD 20071027  2.75  2.64 99.70 58.50 96.30 281.1
 FSD 20071028  2.81  2.70100.00 58.80 96.30 270.9
 FSD 20071029  2.96  2.85100.00 59.10 96.30 253.6
 FSD 20071030  3.06  2.83 95.90 59.40 96.20 241.5
 FSD 20071031  2.43  2.34100.00 59.70 96.20 289.8
 FSD 20071101  2.35  2.26 99.80 60.00 96.20 292.9
 FSD 20071102  2.18  2.10100.00 60.30 96.50 308.3
 FSD 20071103  2.07  1.81 90.90 60.60 96.50 317.2
 FSD 20071104  2.09  1.95 97.00 60.90 96.50 309.5
 FSD 20071105  2.02  1.88 96.60 61.20 96.50 313.3
 FSD 20071106  2.11  2.04100.00 61.40 96.50 295.6
 FSD 20071107  2.09  1.81 89.70 61.70 96.50 293.5
 FSD 20071108  2.07  1.89 94.50 62.00 96.50 291.2
 FSD 20071109  2.13  2.05100.00 62.20 96.50 278.9
 FSD 20071110  2.14  0.81 39.30 62.50 96.50 272.7
 FSD 20071111  2.16  1.83 88.10 62.80 96.50 266.2
 FSD 20071112  2.11  0.55 27.30 63.00 96.50 267.3
 FSD 20071113  2.02  1.69 87.00 63.20 96.50 273.0
 FSD 20071114  1.60  1.08 70.10 63.50 96.50 331.7
 FSD 20071115  1.77  1.71100.00 63.70 96.40 296.7
 FSD 20071116  1.82  1.65 93.60 63.90 96.40 284.3
 FSD 20071117  1.88  1.65 91.10 64.10 96.40 272.3
 FSD 20071118  1.84  0.55 31.30 64.40 96.40 272.9
 FSD 20071119  2.04  1.97100.00 64.60 96.40 244.2
 FSD 20071120  1.90  1.70 93.10 64.80 96.40 256.7
 FSD 20071121  1.50  1.16 80.20 65.00 96.40 313.4
 FSD 20071122  1.36  1.28 98.10 65.10 96.40 339.0
 FSD 20071123  1.42  1.30 94.90 65.30 96.40 321.3
 FSD 20071124  1.38  1.33100.00 65.50 96.40 325.4
 FSD 20071125  1.48  1.43100.00 65.70 96.40 300.5
 FSD 20071126  1.39  1.30 97.70 65.80 96.40 316.8
 FSD 20071127  1.48  1.36 95.30 66.00 96.40 294.5
 FSD 20071128  1.28  1.19 96.70 66.10 96.40 335.2
 FSD 20071129  1.37  1.32 99.60 66.30 96.40 309.9
 FSD 20071130  1.36  1.31100.00 66.40 96.40 309.1
 FSD 20071201  1.60  0.22 12.70 66.60 96.40 262.1
 FSD 20071202  1.23  1.49 91.50 66.70 96.40 334.4
 FSD 20071203  1.25  1.42 97.60 66.80 96.40 326.4
 FSD 20071204  1.47  1.04 39.70 66.90 96.40 277.1
 FSD 20071205  1.25  1.36 87.70 67.00 96.40 320.4
 FSD 20071210  1.19  1.51100.00 67.40 96.40 323.8
 FSD 20071211  1.27  1.21 75.60 67.50 96.40 303.2
 FSD 20071212  1.13  1.45100.00 67.60 96.40 336.7
 FSD 20071213  1.12  1.35 94.50 67.60 96.40 338.0
 FSD 20071214  1.13  1.35 92.20 67.60 96.40 334.6
 FSD 20071215  1.08  1.41100.00 67.70 96.40 348.2
 FSD 20071216  1.11  1.41100.00 67.70 96.40 338.4
 FSD 20071217  1.19  1.51100.00 67.70 96.40 316.2
 FSD 20071218  1.10  1.09 76.10 67.70 96.40 339.0
 FSD 20071219  1.11  1.33 94.50 67.80 96.40 336.3
 FSD 20071220  1.13  1.09 99.60 67.80 96.40 330.7
 FSD 20071221  1.18  0.89 75.90 67.80 96.40 318.4
 FSD 20071222  1.16  1.24 85.80 67.70 96.40 322.4
 FSD 20071223  1.05  1.23 93.30 67.70 96.40 356.9
 FSD 20071224  1.13  1.44100.00 67.70 96.40 332.4
 FSD 20071225  1.17  1.03 50.70 67.70 96.40 322.9
 FSD 20071226  1.08  1.33 93.70 67.60 96.40 352.6
 FSD 20071227  1.02  1.27 96.90 67.60 96.40 375.0
 FSD 20071228  0.93  1.15 92.20 67.50 96.40 416.3
 FSD 20071229  1.11  1.51100.00 67.50 96.40 345.6
 FSD 20071230  1.07  1.42 97.30 67.40 96.40 362.7
 FSD 20071231  1.01  1.25 90.20 67.30 96.40 387.7
 FSD 20080101  0.95  1.29 99.40 67.20 96.40 415.9
