 MSY 20070102  3.97  3.75 96.80 53.30 97.60 269.2
 MSY 20070103  4.00  3.63 92.90 53.20 97.60 268.8
 MSY 20070104  4.17  2.00 49.00 53.10 97.60 260.5
 MSY 20070105  4.17  4.07100.00 53.00 97.60 262.2
 MSY 20070106  4.20  0.71 17.30 52.90 97.60 262.1
 MSY 20070107  4.55  2.64 59.30 52.80 97.60 246.3
 MSY 20070108  3.87  3.77100.00 52.70 97.60 284.6
 MSY 20070109  3.89  3.80100.00 52.50 97.60 284.9
 MSY 20070110  3.96  3.86100.00 52.40 97.60 282.5
 MSY 20070111  4.28  3.65 87.50 52.20 97.60 266.4
 MSY 20070112  4.57  1.55 34.90 52.10 97.60 253.8
 MSY 20070113  4.72  4.14 90.00 51.90 97.60 249.0
 MSY 20070114  4.70  4.55 99.30 51.80 97.60 251.6
 MSY 20070115  4.81  2.59 55.20 51.60 97.60 248.8
 MSY 20070116  5.10  0.53 10.70 51.40 97.60 238.3
 MSY 20070117  5.21  2.61 51.30 51.20 97.60 236.1
 MSY 20070118  5.10  1.45 29.10 51.00 97.60 242.3
 MSY 20070119  5.17  1.56 30.90 50.80 97.60 241.5
 MSY 20070120  5.41  1.43 27.00 50.60 97.60 234.7
 MSY 20070121  5.25  0.82 15.90 50.40 97.60 242.9
 MSY 20070122  5.28  0.77 14.90 50.20 97.60 243.7
 MSY 20070123  5.39  3.33 63.20 50.00 97.60 241.6
 MSY 20070124  5.40  0.65 12.30 49.70 97.60 243.9
 MSY 20070125  4.87  4.75 99.90 49.50 97.60 268.9
 MSY 20070126  4.80  4.69100.00 49.30 97.60 274.7
 MSY 20070127  5.07  0.76 15.30 49.00 97.60 265.3
 MSY 20070128  4.89  4.76 99.60 48.80 97.60 276.1
 MSY 20070129  5.16  5.04100.00 48.50 97.60 267.0
 MSY 20070130  5.09  3.06 61.50 48.30 97.60 273.0
 MSY 20070131  5.26  0.75 14.60 48.00 97.60 268.4
 MSY 20070201  5.75  1.02 18.20 47.70 97.60 251.8
 MSY 20070202  5.91  2.88 49.90 47.50 97.60 248.9
 MSY 20070203  5.66  4.28 77.50 47.20 97.60 260.3
 MSY 20070204  5.00  4.22 86.40 46.90 97.60 292.7
 MSY 20070205  4.84  4.73100.00 46.60 97.60 303.6
 MSY 20070206  5.82  5.68100.00 46.30 97.60 263.1
 MSY 20070207  5.88  5.74100.00 46.00 97.60 263.8
 MSY 20070208  5.88  5.74100.00 45.70 97.60 266.8
 MSY 20070209  5.62  4.07 74.00 45.40 97.60 279.6
 MSY 20070210  5.61  5.44 99.40 45.10 97.60 283.5
 MSY 20070211  5.45  5.32 99.90 44.80 97.60 293.6
 MSY 20070212  5.37  5.21 99.30 44.40 97.70 300.8
 MSY 20070213  5.44  5.01 94.30 44.10 97.70 300.9
 MSY 20070214  5.82  5.53 97.30 43.80 97.70 287.7
 MSY 20070215  6.00  5.63 96.20 43.40 97.70 283.8
 MSY 20070216  5.61  5.47100.00 43.10 97.70 303.8
 MSY 20070217  5.51  5.12 95.10 42.80 97.70 311.7
 MSY 20070218  5.32  5.19100.00 42.40 97.70 324.9
 MSY 20070219  6.00  5.86100.00 42.10 97.70 296.8
 MSY 20070220  7.01  3.24 47.20 41.70 97.70 263.6
 MSY 20070221  6.60  0.99 15.40 41.40 97.70 280.1
 MSY 20070222  6.83  6.67100.00 41.00 97.70 275.5
 MSY 20070224  7.05  3.17 45.90 40.30 97.70 274.3
 MSY 20070225  6.09  5.95100.00 39.90 97.70 313.3
 MSY 20070226  6.77  6.61100.00 39.50 97.70 290.1
 MSY 20070227  6.59  6.43100.00 39.20 97.70 299.7
 MSY 20070228  7.29  5.96 83.60 38.80 97.70 278.4
 MSY 20070301  7.77  3.70 48.70 38.40 97.70 267.2
 MSY 20070302  7.24  6.95 98.40 38.00 97.60 286.4
 MSY 20070303  6.97  6.77 99.50 37.60 97.60 298.3
 MSY 20070304  6.45  6.27 99.50 37.20 97.60 321.6
 MSY 20070305  6.78  6.62100.00 36.90 97.60 311.9
 MSY 20070306  7.11  6.94100.00 36.50 97.60 302.6
 MSY 20070307  7.37  7.19100.00 36.10 97.70 296.8
 MSY 20070308  7.10  6.93100.00 35.70 97.70 309.5
 MSY 20070309  7.18  7.01100.00 35.30 97.70 309.6
 MSY 20070310  7.01  6.84100.00 34.90 97.70 318.8
 MSY 20070311  7.77  7.52 99.10 34.50 97.70 295.3
 MSY 20070312  7.76  2.93 38.60 34.10 97.70 298.4
 MSY 20070313  7.84  7.19 93.90 33.70 97.70 298.5
 MSY 20070314  7.41  7.04 97.20 33.30 97.70 315.8
 MSY 20070315  7.92  2.04 26.40 32.90 97.70 301.5
 MSY 20070316  7.53  3.17 43.00 32.50 97.70 317.2
 MSY 20070318  7.35  4.53 63.10 31.70 97.70 329.8
 MSY 20070319  7.61  6.69 90.10 31.30 97.70 323.1
 MSY 20070320  8.24  8.04100.00 30.90 97.70 305.2
 MSY 20070321  8.45  7.17 86.90 30.50 97.70 301.1
 MSY 20070322  8.65  8.45100.00 30.10 97.70 298.0
 MSY 20070324  9.51  8.30 89.40 29.30 97.70 279.8
 MSY 20070325  9.41  9.12 99.20 28.90 97.70 284.5
 MSY 20070326  9.52  8.23 88.50 28.50 97.70 283.7
 MSY 20070327  9.02  8.04 91.30 28.10 97.70 298.7
 MSY 20070328  9.64  9.40 99.80 27.70 97.70 285.0
 MSY 20070329  9.46  9.24100.00 27.30 97.70 291.7
 MSY 20070330  9.32  9.04 99.30 26.90 97.70 297.1
 MSY 20070331  9.53  4.03 43.30 26.50 97.70 294.0
 MSY 20070401  9.54  0.73  7.80 26.10 97.70 295.6
 MSY 20070402  9.25  8.75 96.80 25.70 97.70 305.4
 MSY 20070403  9.30  6.26 68.90 25.30 97.70 306.1
 MSY 20070404  9.20  4.05 45.10 24.90 97.70 310.9
 MSY 20070405  8.93  8.38 96.10 24.50 97.70 320.0
 MSY 20070406  8.20  8.01100.00 24.10 97.70 345.7
 MSY 20070407  8.55  5.97 71.40 23.70 97.70 335.5
 MSY 20070408  8.52  1.43 17.10 23.30 97.70 338.4
 MSY 20070409  8.61  1.46 17.30 23.00 97.70 337.2
 MSY 20070410  8.31  0.48  5.90 22.60 97.70 349.1
 MSY 20070411  9.19  8.98100.00 22.20 97.70 322.9
 MSY 20070412  9.58  9.36100.00 21.80 97.70 313.8
 MSY 20070413 10.95 10.70100.00 21.40 97.70 282.5
 MSY 20070414 11.00  2.41 22.40 21.10 97.70 282.9
 MSY 20070415  9.67  9.45100.00 20.70 97.70 316.0
 MSY 20070416 10.60 10.35100.00 20.30 97.70 294.7
 MSY 20070417 10.56 10.22 99.00 20.00 97.70 296.8
 MSY 20070419 10.55 10.31100.00 19.30 97.70 299.2
 MSY 20070420 11.07 10.81100.00 18.90 97.70 289.0
 MSY 20070421 10.46 10.22100.00 18.60 97.70 303.8
 MSY 20070422  9.75  7.48 78.40 18.20 97.70 322.7
 MSY 20070423 10.78  7.06 67.00 17.90 97.70 298.3
 MSY 20070424 11.07 10.75 99.40 17.50 97.70 293.0
 MSY 20070425 10.48  7.26 70.80 17.20 97.70 307.6
 MSY 20070426  9.71  9.49100.00 16.90 97.70 328.4
 MSY 20070427 10.60 10.30 99.40 16.50 97.70 306.6
 MSY 20070428 10.11  2.90 29.30 16.20 97.70 319.6
 MSY 20070429  9.61  8.29 88.30 15.90 97.70 334.5
 MSY 20070430  9.76  9.54100.00 15.60 97.70 331.3
 MSY 20070501  9.67  8.34 88.20 15.30 97.70 334.9
 MSY 20070502 10.13  9.86 99.60 15.00 97.70 323.1
 MSY 20070503  9.98  9.55 97.90 14.70 97.70 327.9
 MSY 20070504  9.74  3.48 36.60 14.40 97.70 335.2
 MSY 20070505 10.21  9.97100.00 14.10 97.70 323.0
 MSY 20070506 10.85 10.42 98.30 13.80 97.70 308.1
 MSY 20070507 10.29  7.39 73.60 13.50 97.70 322.1
 MSY 20070508 10.02  9.79100.00 13.20 97.70 329.9
 MSY 20070509 10.14  9.87 99.70 13.00 97.70 327.3
 MSY 20070510  9.66  9.29 98.50 12.70 97.70 340.8
 MSY 20070511  8.84  8.62 99.80 12.40 97.70 367.9
 MSY 20070512 10.03  8.13 83.00 12.20 97.70 332.1
 MSY 20070513 10.38 10.08 99.40 11.90 97.70 323.1
 MSY 20070514 10.34  9.96 98.50 11.70 97.70 324.7
 MSY 20070515 10.26 10.00 99.70 11.50 97.70 327.5
 MSY 20070516 10.21  2.52 25.30 11.20 97.70 329.3
 MSY 20070517  9.92  9.59 99.00 11.00 97.70 337.3
 MSY 20070518  9.76  9.54100.00 10.80 97.70 342.3
 MSY 20070519 10.12  9.33 94.30 10.60 97.70 332.9
 MSY 20070520  9.76  9.53100.00 10.30 97.70 343.4
 MSY 20070521 10.32  9.95 98.70 10.10 97.70 328.5
 MSY 20070522  9.99  9.76100.00  9.90 97.70 337.7
 MSY 20070523 10.12  9.88100.00  9.80 97.70 334.4
 MSY 20070524 10.35  7.90 78.20  9.60 97.70 328.7
 MSY 20070525 10.85 10.60100.00  9.40 97.70 316.2
 MSY 20070526 11.30  9.78 88.60  9.20 97.70 306.0
 MSY 20070528 10.44 10.20100.00  8.90 97.70 326.8
 MSY 20070529 10.54 10.13 98.40  8.70 97.70 324.6
 MSY 20070530 10.78  9.41 89.30  8.60 97.70 318.6
 MSY 20070531 10.62  5.33 51.40  8.40 97.70 322.8
 MSY 20070601 10.26 10.02100.00  8.30 97.70 332.2
 MSY 20070602 10.05  9.77 99.50  8.20 97.70 337.8
 MSY 20070603 10.70 10.46100.00  8.10 97.70 320.9
 MSY 20070604 10.98 10.51 98.00  7.90 97.70 314.6
 MSY 20070605 10.94 10.11 94.60  7.80 97.70 315.6
 MSY 20070606 10.88 10.63100.00  7.70 97.70 317.0
 MSY 20070607 11.41 11.11 99.70  7.60 97.70 305.1
 MSY 20070608 11.37 10.96 98.70  7.60 97.70 306.1
 MSY 20070609 11.25  6.96 63.40  7.50 97.70 308.9
 MSY 20070610 11.39 11.12100.00  7.40 97.70 305.7
 MSY 20070611 11.61 11.29 99.60  7.30 97.70 300.7
 MSY 20070612 11.69 11.35 99.40  7.30 97.70 299.1
 MSY 20070613 11.09  4.82 44.40  7.20 97.70 312.6
 MSY 20070614 10.58 10.24 99.10  7.20 97.70 324.8
 MSY 20070615 11.34 11.01 99.40  7.10 97.70 306.9
 MSY 20070616 11.08 10.62 98.10  7.10 97.70 312.7
 MSY 20070617 11.15 10.90100.00  7.10 97.70 311.1
 MSY 20070618 11.60 11.08 97.80  7.10 97.70 301.1
 MSY 20070619 11.54  6.12 54.30  7.00 97.70 302.4
 MSY 20070620 11.41 11.14100.00  7.00 97.70 305.3
 MSY 20070621 11.28 11.02100.00  7.00 97.70 308.2
 MSY 20070622 11.30 11.02 99.90  7.00 97.70 307.7
 MSY 20070623 11.75 10.70 93.20  7.10 97.70 297.7
 MSY 20070624 11.33  9.13 82.50  7.10 97.70 306.8
 MSY 20070625 11.15 10.84 99.50  7.10 97.70 310.8
 MSY 20070626 11.69 10.63 93.10  7.20 97.70 298.8
 MSY 20070627 11.63  6.19 54.50  7.20 97.70 299.8
 MSY 20070628 11.95 11.60 99.40  7.20 97.70 293.4
 MSY 20070629 11.56 11.25 99.70  7.30 97.70 301.2
 MSY 20070630 11.63  3.00 26.40  7.40 97.70 299.6
 MSY 20070701 11.47 11.21100.00  7.40 97.70 302.9
 MSY 20070702 11.78 11.48 99.70  7.50 97.70 296.3
 MSY 20070703 12.20  1.19 10.00  7.60 97.70 287.9
 MSY 20070704 12.05 11.68 99.20  7.70 97.70 290.8
 MSY 20070705 12.40 11.44 94.40  7.80 97.70 283.8
 MSY 20070706 12.55 11.97 97.70  7.90 97.70 280.8
 MSY 20070708 12.15 11.85 99.80  8.10 97.70 288.3
 MSY 20070709 11.97 11.70100.00  8.20 97.70 291.6
 MSY 20070710 12.12 11.49 97.10  8.40 97.70 288.5
 MSY 20070711 11.85 11.57100.00  8.50 97.70 293.7
 MSY 20070712 12.12 11.84100.00  8.70 97.70 288.2
 MSY 20070713 12.33 11.88 98.60  8.80 97.70 283.8
 MSY 20070714 12.20  8.20 68.80  9.00 97.70 286.2
 MSY 20070715 11.80  1.64 14.10  9.10 97.70 293.8
 MSY 20070716 11.66 10.93 95.90  9.30 97.70 296.4
 MSY 20070717 12.04  3.87 32.90  9.50 97.70 288.6
 MSY 20070718 11.86 11.52 99.40  9.70 97.70 291.9
 MSY 20070719 11.77 10.15 88.30  9.80 97.70 293.6
 MSY 20070720 11.96 11.57 99.00 10.00 97.70 289.6
 MSY 20070721 11.26  7.44 67.70 10.20 97.70 303.6
 MSY 20070722 10.74 10.49100.00 10.50 97.70 315.1
 MSY 20070723 11.02 10.69 99.30 10.70 97.70 308.2
 MSY 20070724 11.14 10.77 98.90 10.90 97.70 304.8
 MSY 20070725 11.57 10.53 93.10 11.10 97.70 295.0
 MSY 20070726 11.56 11.19 99.10 11.30 97.70 294.8
 MSY 20070727 11.80 11.38 98.80 11.60 97.70 289.5
 MSY 20070728 11.72  6.41 55.90 11.80 97.70 290.5
 MSY 20070729 11.79 10.59 91.90 12.10 97.70 288.5
 MSY 20070730 11.76 10.98 95.60 12.30 97.70 288.6
 MSY 20070731 12.29 11.67 97.20 12.60 97.70 277.8
 MSY 20070801 11.26  7.58 68.90 12.80 97.70 297.8
 MSY 20070802 11.50 11.23100.00 13.10 97.70 292.4
 MSY 20070803 11.40 11.13100.00 13.40 97.70 293.9
 MSY 20070804 11.54 11.28100.00 13.70 97.70 290.3
 MSY 20070805 12.04 11.76100.00 13.90 97.70 279.5
 MSY 20070806 11.67 11.40100.00 14.20 97.70 286.4
 MSY 20070807 12.03 11.73 99.90 14.50 97.70 278.6
 MSY 20070808 11.75 11.48100.00 14.80 97.70 283.3
 MSY 20070809 11.26 10.99100.00 15.10 97.70 293.0
 MSY 20070810 11.45 11.08 99.10 15.40 97.70 288.1
 MSY 20070811 11.11 10.86100.00 15.70 97.70 294.2
 MSY 20070812 10.70 10.45100.00 16.10 97.70 302.3
 MSY 20070813 11.04 10.75 99.70 16.40 97.70 293.8
 MSY 20070814 11.33  9.85 89.00 16.70 97.70 286.7
 MSY 20070815 11.06 10.80100.00 17.00 97.70 291.5
 MSY 20070816 11.20 10.94100.00 17.40 97.70 287.3
 MSY 20070817 11.06 10.66 98.70 17.70 97.70 289.3
 MSY 20070818 11.00 10.53 97.90 18.00 97.70 289.6
 MSY 20070819 10.88 10.63100.00 18.40 97.70 291.2
 MSY 20070820 10.90 10.61 99.70 18.70 97.70 289.7
 MSY 20070821 11.03 10.78100.00 19.10 97.70 285.6
 MSY 20070822 10.73 10.48100.00 19.40 97.70 291.3
 MSY 20070823 11.15 10.79 99.00 19.80 97.70 280.7
 MSY 20070824 11.05  9.75 90.30 20.20 97.70 281.6
 MSY 20070825 11.03 10.77100.00 20.50 97.70 280.7
 MSY 20070826 10.51 10.26100.00 20.90 97.70 291.0
 MSY 20070827 10.30  9.95 98.80 21.30 97.70 294.1
 MSY 20070828 10.77 10.50 99.80 21.60 97.70 281.9
 MSY 20070829 10.51  6.44 62.80 22.00 97.70 286.4
 MSY 20070830 10.01  9.78100.00 22.40 97.70 296.3
 MSY 20070831  9.84  9.61100.00 22.80 97.70 298.9
 MSY 20070901  9.87  9.64100.00 23.10 97.70 296.7
 MSY 20070902 10.03  9.80100.00 23.50 97.70 291.4
 MSY 20070903 10.05  9.68 98.60 23.90 97.70 289.1
 MSY 20070904 10.13  9.30 94.00 24.30 97.70 285.6
 MSY 20070905 10.24  9.15 91.40 24.70 97.70 281.2
 MSY 20070906 10.20  8.52 85.50 25.10 97.70 280.5
 MSY 20070907  9.83  9.56 99.60 25.50 97.70 287.5
 MSY 20070908  9.89  9.66100.00 25.90 97.70 284.1
 MSY 20070909  9.87  9.61 99.70 26.30 97.70 282.4
 MSY 20070910  9.66  9.44100.00 26.70 97.70 285.6
 MSY 20070911  9.64  9.42100.00 27.10 97.70 284.1
 MSY 20070912  9.66  9.42 99.80 27.50 97.70 281.5
 MSY 20070913  9.92  9.33 96.30 27.90 97.70 273.7
 MSY 20070914  9.94  9.67 99.60 28.30 97.70 271.2
 MSY 20070915  9.30  9.09100.00 28.70 97.70 284.2
 MSY 20070916  9.22  9.00100.00 29.10 97.70 284.2
 MSY 20070917  9.29  9.07100.00 29.50 97.70 280.0
 MSY 20070918  9.27  9.05100.00 29.90 97.70 278.6
 MSY 20070919  8.86  8.65100.00 30.30 97.70 286.9
 MSY 20070920  8.75  8.55100.00 30.70 97.70 287.3
 MSY 20070921  8.78  8.53 99.40 31.10 97.70 284.1
 MSY 20070922  8.88  7.38 85.10 31.50 97.70 278.9
 MSY 20070923  9.06  8.84100.00 31.90 97.70 272.4
 MSY 20070924  9.20  8.38 93.30 32.30 97.70 266.5
 MSY 20070925  8.89  8.61 99.20 32.70 97.70 271.7
 MSY 20070926  8.55  8.35100.00 33.10 97.70 277.8
 MSY 20070927  8.70  8.49100.00 33.50 97.70 271.7
 MSY 20070928  8.46  8.26100.00 33.90 97.70 275.5
 MSY 20070929  8.31  8.12100.00 34.30 97.70 276.7
 MSY 20070930  8.42  7.15 87.00 34.70 97.70 271.6
 MSY 20071001  8.02  7.77 99.20 35.10 97.70 279.6
 MSY 20071002  8.07  7.88100.00 35.50 97.70 275.6
 MSY 20071003  8.24  7.40 92.00 35.90 97.70 268.5
 MSY 20071004  8.20  8.00100.00 36.30 97.60 266.8
 MSY 20071005  8.13  7.88 99.20 36.70 97.60 265.9
 MSY 20071006  7.84  7.66100.00 37.10 97.60 271.2
 MSY 20071007  7.81  7.55 98.90 37.40 97.60 269.3
 MSY 20071008  8.03  7.84100.00 37.80 97.60 260.1
 MSY 20071009  7.81  7.63100.00 38.20 97.60 263.7
 MSY 20071010  7.41  7.23100.00 38.60 97.60 272.7
 MSY 20071011  7.12  6.95100.00 39.00 97.60 278.7
 MSY 20071012  7.11  6.94100.00 39.30 97.60 276.1
 MSY 20071013  6.93  6.76100.00 39.70 97.60 278.9
 MSY 20071014  7.18  7.01100.00 40.10 97.60 268.0
 MSY 20071015  7.33  5.73 80.10 40.50 97.60 260.5
 MSY 20071016  7.29  2.65 37.30 40.80 97.60 258.9
 MSY 20071017  7.26  6.53 92.10 41.20 97.60 257.0
 MSY 20071018  6.97  6.75 99.10 41.50 97.60 262.8
 MSY 20071019  6.86  6.65 99.40 41.90 97.60 263.7
 MSY 20071020  6.94  6.77100.00 42.20 97.60 258.2
 MSY 20071021  6.80  6.63100.00 42.60 97.60 259.5
 MSY 20071022  6.93  3.59 53.10 42.90 97.60 253.1
 MSY 20071023  6.83  1.23 18.40 43.30 97.60 253.1
 MSY 20071024  5.20  3.99 78.50 43.60 97.60 314.3
 MSY 20071025  5.39  2.55 48.40 43.90 97.60 301.2
 MSY 20071026  5.57  5.43100.00 44.30 97.60 290.2
 MSY 20071027  5.64  5.50100.00 44.60 97.60 283.6
 MSY 20071028  5.76  5.62100.00 44.90 97.60 275.7
 MSY 20071029  5.73  5.59100.00 45.20 97.60 273.8
 MSY 20071030  5.81  5.53 97.40 45.50 97.60 267.6
 MSY 20071031  5.90  5.76100.00 45.80 97.60 261.2
 MSY 20071101  5.90  5.75100.00 46.20 97.60 258.6
 MSY 20071102  5.74  5.60100.00 46.40 97.60 261.8
 MSY 20071103  5.66  5.53100.00 46.70 97.60 262.0
 MSY 20071104  5.56  5.43100.00 47.00 97.60 263.0
 MSY 20071105  5.84  5.70100.00 47.30 97.60 250.1
 MSY 20071106  5.69  5.54 99.70 47.60 97.60 252.7
 MSY 20071107  5.34  5.21100.00 47.90 97.60 263.7
 MSY 20071108  4.95  4.83100.00 48.10 97.60 278.0
 MSY 20071109  4.84  4.72100.00 48.40 97.60 280.2
 MSY 20071110  5.02  4.60 94.00 48.70 97.60 269.2
 MSY 20071111  5.08  4.96100.00 48.90 97.60 263.7
 MSY 20071112  5.17  3.53 69.90 49.20 97.60 257.2
 MSY 20071113  5.19  5.03 99.40 49.40 97.60 254.0
 MSY 20071114  5.18  2.50 49.40 49.60 97.60 251.7
 MSY 20071115  4.94  4.79 99.40 49.90 97.60 259.0
 MSY 20071116  4.77  4.65100.00 50.10 97.60 264.6
 MSY 20071117  4.79  4.33 92.70 50.30 97.60 261.3
 MSY 20071118  4.68  2.38 52.10 50.50 97.60 264.1
 MSY 20071119  4.89  4.77100.00 50.70 97.60 252.7
 MSY 20071120  4.90  4.78100.00 50.90 97.60 250.2
 MSY 20071121  4.87  2.72 57.20 51.10 97.60 249.2
 MSY 20071122  4.65  3.62 79.60 51.30 97.60 256.7
 MSY 20071123  4.45  3.42 78.70 51.50 97.60 264.4
 MSY 20071124  4.29  0.30  7.10 51.70 97.60 270.8
 MSY 20071125  4.66  2.81 61.70 51.80 97.60 250.7
 MSY 20071126  4.58  4.19 93.80 52.00 97.60 252.9
 MSY 20071127  4.85  4.73100.00 52.20 97.60 239.0
 MSY 20071128  4.90  4.79100.00 52.30 97.60 235.4
 MSY 20071129  4.99  4.83 99.20 52.50 97.60 230.6
 MSY 20071130  4.78  4.66100.00 52.60 97.60 237.5
 MSY 20071201  4.75  4.40 95.00 52.70 97.60 237.2
 MSY 20071202  4.84  4.66 98.60 52.80 97.60 232.2
 MSY 20071203  4.58  4.37 98.00 53.00 97.60 241.9
 MSY 20071204  4.02  3.86 98.30 53.10 97.60 268.8
 MSY 20071205  3.84  3.75100.00 53.20 97.60 277.8
 MSY 20071210  4.27  4.17100.00 53.60 97.60 249.1
 MSY 20071211  4.63  4.52100.00 53.70 97.60 232.1
 MSY 20071212  4.89  4.77100.00 53.70 97.60 221.0
 MSY 20071213  4.50  4.39100.00 53.80 97.60 236.3
 MSY 20071214  4.42  4.21 97.60 53.80 97.60 239.3
 MSY 20071215  4.24  4.04 97.50 53.90 97.60 247.4
 MSY 20071216  4.20  4.09100.00 53.90 97.60 249.6
 MSY 20071217  4.25  4.11 99.20 53.90 97.60 246.5
 MSY 20071218  4.14  3.11 76.90 53.90 97.60 252.0
 MSY 20071219  4.05  3.77 95.40 53.90 97.60 256.6
 MSY 20071220  3.68  3.20 89.00 53.90 97.60 278.1
 MSY 20071221  3.80  3.67 99.10 53.90 97.60 271.0
 MSY 20071222  4.12  1.32 32.90 53.90 97.60 253.3
 MSY 20071223  4.02  3.89 99.10 53.90 97.60 258.4
 MSY 20071224  4.18  3.55 87.10 53.90 97.60 250.8
 MSY 20071225  3.83  3.66 98.00 53.80 97.60 270.4
 MSY 20071226  3.99  3.65 93.90 53.80 97.60 261.7
 MSY 20071227  4.15  4.00 98.70 53.80 97.60 253.8
 MSY 20071228  4.47  4.01 92.00 53.70 97.60 238.9
 MSY 20071229  4.36  1.00 23.40 53.60 97.60 244.7
 MSY 20071230  3.93  0.29  7.60 53.60 97.60 268.4
 MSY 20071231  4.04  3.94100.00 53.50 97.60 263.3
 MSY 20080101  3.77  3.68100.00 53.40 97.60 279.8
