 SLC 20070102  1.85  2.26 99.30 64.40 96.60 293.1
 SLC 20070103  1.88  2.29 99.40 64.30 96.60 291.6
 SLC 20070104  1.77  0.55 25.40 64.20 96.60 310.3
 SLC 20070105  1.52  1.38 73.50 64.10 96.60 361.1
 SLC 20070106  1.69  1.42 69.50 64.00 96.60 330.5
 SLC 20070107  1.79  2.04 93.40 63.90 96.60 316.0
 SLC 20070108  1.89  1.96 82.20 63.70 96.60 302.9
 SLC 20070109  1.94  2.45 99.50 63.60 96.60 298.9
 SLC 20070110  1.75  2.05 92.80 63.50 96.60 333.2
 SLC 20070111  1.57  0.94 50.10 63.30 96.60 373.5
 SLC 20070112  1.50  1.74 95.50 63.20 96.60 394.7
 SLC 20070113  1.52  1.72 89.40 63.00 96.60 394.5
 SLC 20070114  1.77  2.17100.00 62.80 96.60 344.5
 SLC 20070115  1.88  2.29100.00 62.70 96.60 331.1
 SLC 20070116  1.95  2.37100.00 62.50 96.60 323.3
 SLC 20070117  1.95  2.44 99.40 62.30 96.60 328.2
 SLC 20070118  1.92  2.33100.00 62.10 96.60 336.5
 SLC 20070119  1.97  2.39100.00 61.90 96.60 332.8
 SLC 20070120  2.00  2.42100.00 61.70 96.60 333.5
 SLC 20070121  1.79  2.12 93.90 61.50 96.60 375.2
 SLC 20070122  2.05  2.59100.00 61.30 96.60 334.2
 SLC 20070123  2.16  2.64100.00 61.10 96.60 322.9
 SLC 20070124  2.21  2.78 99.60 60.80 96.60 320.4
 SLC 20070125  2.24  2.66 97.70 60.60 96.60 320.9
 SLC 20070126  2.27  2.86100.00 60.40 96.60 322.4
 SLC 20070127  2.23  2.69100.00 60.10 96.60 332.6
 SLC 20070128  2.33  2.72 97.20 59.90 96.60 324.9
 SLC 20070129  2.26  2.72100.00 59.60 96.60 339.4
 SLC 20070130  2.16  2.46 94.70 59.40 96.60 359.7
 SLC 20070131  2.18  2.75100.00 59.10 96.60 362.6
 SLC 20070201  2.10  1.79 67.80 58.80 96.60 383.4
 SLC 20070202  2.41  2.58 88.70 58.50 96.60 342.7
 SLC 20070203  2.65  3.06 95.90 58.30 96.60 319.5
 SLC 20070204  3.01  3.09 84.60 58.00 96.60 290.5
 SLC 20070205  3.06  3.14 84.50 57.70 96.60 291.4
 SLC 20070206  2.93  2.73 95.50 57.40 96.60 307.7
 SLC 20070207  2.86  2.41 86.50 57.10 96.60 319.2
 SLC 20070208  2.73  2.46 91.80 56.80 96.60 338.8
 SLC 20070209  3.36  3.16 96.70 56.50 96.60 287.1
 SLC 20070210  3.27  2.80 78.20 56.20 96.70 298.0
 SLC 20070211  3.10  1.85 61.10 55.90 96.70 317.4
 SLC 20070212  3.34  2.68 69.50 55.50 96.70 302.2
 SLC 20070213  3.17  2.90 79.40 55.20 96.70 321.9
 SLC 20070214  2.83  2.52 77.20 54.90 96.70 362.1
 SLC 20070215  3.31  2.34 61.50 54.60 96.70 320.8
 SLC 20070216  3.35  1.16 29.50 54.20 96.70 323.5
 SLC 20070217  3.63  3.21 81.90 53.90 96.70 306.9
 SLC 20070218  3.95  3.82 99.40 53.50 96.70 290.2
 SLC 20070219  3.26  2.77 74.40 53.20 96.70 349.0
 SLC 20070220  3.54  4.10100.00 52.80 96.70 330.3
 SLC 20070221  3.82  3.76100.00 52.50 96.70 313.8
 SLC 20070222  3.99  3.88 99.70 52.10 96.70 307.5
 SLC 20070224  3.42  3.68 90.00 51.40 96.70 363.7
 SLC 20070225  3.19  2.30 60.20 51.00 96.70 394.0
 SLC 20070226  3.58  4.19 96.00 50.70 96.70 360.3
 SLC 20070227  3.20  2.58 65.60 50.30 96.70 405.1
 SLC 20070228  3.31  3.84 94.10 49.90 96.70 398.7
 SLC 20070301  3.40  2.66 64.00 49.50 96.70 396.8
 SLC 20070302  3.46  4.32 99.40 49.20 96.20 396.6
 SLC 20070303  4.08  4.85 98.00 48.80 96.20 348.4
 SLC 20070304  4.17  4.70 92.50 48.40 96.20 347.7
 SLC 20070305  4.42  4.24 80.40 48.00 96.20 335.9
 SLC 20070306  4.19  3.91 96.20 47.60 96.20 357.2
 SLC 20070307  4.96  4.61 95.90 47.20 96.20 313.5
 SLC 20070308  4.75  2.49 47.70 46.90 96.20 330.4
 SLC 20070309  4.77  3.84 82.30 46.50 96.20 334.2
 SLC 20070310  4.59  3.06 69.00 46.10 96.20 350.6
 SLC 20070311  5.49  5.30 99.50 45.70 96.20 304.7
 SLC 20070312  5.96  4.94 85.90 45.30 96.20 288.8
 SLC 20070313  5.81  5.03 90.10 44.90 96.20 298.6
 SLC 20070314  5.95  4.74 82.90 44.50 96.20 297.3
 SLC 20070315  5.50  5.32 99.70 44.10 96.20 321.9
 SLC 20070316  5.85  5.33 94.00 43.70 96.20 310.2
 SLC 20070318  6.67  6.37 99.10 42.90 96.20 285.0
 SLC 20070319  6.75  6.24 96.10 42.50 96.20 286.2
 SLC 20070320  6.41  6.00 97.30 42.10 96.20 302.5
 SLC 20070321  5.83  2.76 49.20 41.70 96.20 331.8
 SLC 20070322  6.30  6.06100.00 41.30 96.20 314.8
 SLC 20070324  5.94  5.62 98.30 40.50 96.30 338.7
 SLC 20070325  6.69  6.36 98.80 40.10 96.30 310.5
 SLC 20070326  6.63  2.84 44.40 39.70 96.30 316.3
 SLC 20070327  5.50  1.86 35.00 39.30 96.30 374.6
 SLC 20070328  5.40  1.26 22.70 38.90 96.30 385.0
 SLC 20070329  5.22  3.94 65.20 38.50 96.30 401.0
 SLC 20070330  5.20  2.58 43.40 38.10 96.30 406.6
 SLC 20070331  6.56  6.27 99.30 37.70 96.30 337.5
 SLC 20070401  6.63  4.42 69.00 37.30 96.30 337.8
 SLC 20070402  6.20  4.70 78.80 36.90 96.30 361.3
 SLC 20070403  6.78  6.47 99.10 36.50 96.30 338.5
 SLC 20070404  7.31  6.15 87.50 36.10 96.30 321.0
 SLC 20070405  7.54  7.15 98.50 35.80 96.30 316.0
 SLC 20070406  7.33  7.06100.00 35.40 96.30 326.9
 SLC 20070407  6.89  6.30 94.90 35.00 96.30 347.4
 SLC 20070408  6.53  2.18 34.60 34.60 96.30 366.8
 SLC 20070409  7.60  5.84 79.80 34.20 96.30 326.0
 SLC 20070410  7.21  5.53 79.70 33.80 96.30 343.5
 SLC 20070411  7.43  6.11 85.40 33.50 96.30 337.7
 SLC 20070412  6.92  5.54 83.00 33.10 96.30 361.6
 SLC 20070413  6.88  6.63100.00 32.70 96.30 366.2
 SLC 20070414  7.67  7.10 96.10 32.40 96.30 337.1
 SLC 20070415  7.24  6.21 89.10 32.00 96.30 356.6
 SLC 20070416  7.43  3.29 46.00 31.60 96.30 352.0
 SLC 20070417  7.76  7.41 99.20 31.30 96.30 341.9
 SLC 20070419  7.12  6.35 92.20 30.60 96.30 372.9
 SLC 20070420  7.63  5.93 80.70 30.20 96.30 354.5
 SLC 20070421  7.70  6.24 84.20 29.90 96.30 354.2
 SLC 20070422  7.77  4.75 63.50 29.50 96.30 353.9
 SLC 20070423  7.37  4.45 62.70 29.20 96.30 372.1
 SLC 20070424  8.10  7.50 96.10 28.90 96.30 346.0
 SLC 20070425  8.39  8.09100.00 28.50 96.30 337.8
 SLC 20070426  8.32  7.70 96.20 28.20 96.40 342.4
 SLC 20070427  9.02  8.67 99.80 27.90 96.40 322.1
 SLC 20070428  9.32  8.98100.00 27.60 96.40 315.2
 SLC 20070429  9.30  8.95 99.80 27.30 96.40 317.4
 SLC 20070430  9.71  9.12 97.50 27.00 96.40 308.2
 SLC 20070501  9.89  8.27 86.80 26.70 96.40 305.1
 SLC 20070502  9.14  8.72 99.60 26.40 95.80 327.4
 SLC 20070503  7.49  3.67 51.10 26.10 95.80 388.1
 SLC 20070504  7.68  3.26 44.10 25.80 95.80 381.9
 SLC 20070505  7.82  2.96 34.10 25.50 95.80 378.1
 SLC 20070506  8.42  5.81 71.70 25.20 95.80 357.1
 SLC 20070507  8.90  8.53100.00 24.90 95.80 342.4
 SLC 20070508  9.57  9.17100.00 24.70 95.80 323.9
 SLC 20070509 10.22  9.77 99.70 24.40 95.80 308.1
 SLC 20070510 10.36  9.93100.00 24.10 95.80 305.7
 SLC 20070511  9.97  9.56100.00 23.90 95.80 316.4
 SLC 20070512  9.92  9.45 99.40 23.60 95.80 318.8
 SLC 20070513 10.13  9.71100.00 23.40 95.80 314.7
 SLC 20070514  9.22  8.78 99.40 23.10 95.80 341.1
 SLC 20070515 10.14  9.72100.00 22.90 95.80 316.3
 SLC 20070516 10.46 10.00 99.80 22.70 95.80 309.6
 SLC 20070517 10.87 10.29 98.80 22.50 95.80 300.5
 SLC 20070518  9.86  9.45100.00 22.30 95.80 326.7
 SLC 20070519 10.46 10.01 99.90 22.00 95.80 312.1
 SLC 20070520 10.09  9.65 99.80 21.80 95.80 322.2
 SLC 20070521  9.47  5.79 63.90 21.60 95.80 340.6
 SLC 20070522  8.71  8.23 98.50 21.40 95.80 365.9
 SLC 20070523  8.82  8.33 98.60 21.30 95.80 363.1
 SLC 20070524  9.27  8.51 95.80 21.10 95.80 349.2
 SLC 20070525  9.51  9.06 99.30 20.90 95.80 342.5
 SLC 20070526  9.58  8.53 93.00 20.70 95.80 341.3
 SLC 20070528  9.41  8.13 90.20 20.40 95.80 348.0
 SLC 20070529  8.95  8.58100.00 20.30 95.80 363.1
 SLC 20070530  9.48  9.09100.00 20.10 95.80 346.9
 SLC 20070531  9.87  9.46100.00 20.00 95.80 336.0
 SLC 20070601 11.31 10.84100.00 19.90 95.80 300.8
 SLC 20070602 10.26  9.82 99.90 19.70 95.80 326.6
 SLC 20070603 10.41  8.87 89.00 19.60 95.80 322.9
 SLC 20070604 10.85 10.13 97.50 19.50 95.80 312.6
 SLC 20070605 10.62  9.19 90.30 19.40 95.80 318.2
 SLC 20070606  9.30  1.72 19.30 19.30 95.80 355.4
 SLC 20070607  9.66  4.48 48.40 19.20 95.80 344.8
 SLC 20070608 10.00  8.69 90.70 19.10 95.80 335.5
 SLC 20070609  9.87  9.46100.00 19.00 95.80 339.0
 SLC 20070610 10.82 10.35 99.90 19.00 95.80 314.8
 SLC 20070611 10.52  9.17 90.90 18.90 95.80 322.3
 SLC 20070612 10.08  9.66100.00 18.90 95.80 334.0
 SLC 20070613 10.87 10.41 99.90 18.80 95.80 314.0
 SLC 20070614 11.09 10.60 99.70 18.80 95.80 309.0
 SLC 20070615 11.56 11.08100.00 18.70 95.80 298.6
 SLC 20070616 11.67 11.19100.00 18.70 95.80 296.4
 SLC 20070617 10.54 10.10100.00 18.70 95.80 322.3
 SLC 20070618 10.83 10.30 99.30 18.60 95.80 315.3
 SLC 20070619 11.41 10.87 99.40 18.60 95.80 302.1
 SLC 20070620 12.06 11.56100.00 18.60 95.80 288.8
 SLC 20070621 11.77 11.28100.00 18.60 95.80 294.5
 SLC 20070622 12.03 11.53100.00 18.60 95.80 289.2
 SLC 20070623 12.21 11.70100.00 18.60 95.80 285.6
 SLC 20070624 11.51 10.97 99.50 18.70 95.80 299.4
 SLC 20070625 10.67 10.23100.00 18.70 95.80 318.5
 SLC 20070626 10.61 10.17100.00 18.70 95.80 319.7
 SLC 20070627 11.11 10.63 99.80 18.80 95.80 308.1
 SLC 20070628 11.42 10.94100.00 18.80 95.80 300.9
 SLC 20070629 11.84 11.35100.00 18.90 95.80 292.0
 SLC 20070630 11.55 11.06 99.90 18.90 95.80 297.6
 SLC 20070701 12.47 11.88 99.50 19.00 95.80 279.3
 SLC 20070702 11.67 11.19100.00 19.10 95.80 294.7
 SLC 20070703 11.40 10.93100.00 19.20 95.80 299.9
 SLC 20070704 11.81 11.32100.00 19.30 95.80 291.4
 SLC 20070705 11.71 11.17 99.50 19.40 95.80 293.0
 SLC 20070706 11.63 10.70 96.00 19.50 95.80 294.4
 SLC 20070708 11.99 11.48 99.90 19.70 95.80 286.3
 SLC 20070709 11.89 11.37 99.70 19.80 95.80 287.9
 SLC 20070710 11.87 11.35 99.80 19.90 95.80 287.8
 SLC 20070711 11.98 10.71 93.30 20.10 95.80 285.2
 SLC 20070712 11.15  4.60 43.10 20.20 95.80 301.6
 SLC 20070713 12.20 11.55 98.80 20.30 95.80 279.6
 SLC 20070714 11.69 11.00 98.20 20.50 95.80 289.3
 SLC 20070715 11.89  7.13 62.50 20.70 95.80 284.5
 SLC 20070716 11.66 10.25 91.70 20.80 95.80 288.5
 SLC 20070717 11.37  8.84 81.20 21.00 95.80 293.8
 SLC 20070718 11.83 10.56 93.20 21.20 95.80 283.6
 SLC 20070719 11.63 11.00 98.70 21.40 95.80 286.9
 SLC 20070720 11.26  9.00 83.40 21.50 95.80 293.8
 SLC 20070721 11.42  9.50 86.90 21.70 95.80 289.8
 SLC 20070722 11.39  9.37 85.90 21.90 95.80 289.5
 SLC 20070723 12.03 11.03 95.70 22.10 95.80 275.9
 SLC 20070724 11.24  7.82 72.70 22.40 95.80 291.0
 SLC 20070725 11.23 10.75 99.90 22.60 95.80 290.3
 SLC 20070726 11.36 10.11 92.80 22.80 95.80 286.4
 SLC 20070727 11.33 10.85100.00 23.00 95.80 286.2
 SLC 20070728 10.94 10.38 99.10 23.30 95.80 293.6
 SLC 20070729 10.90  9.85 94.30 23.50 95.80 293.3
 SLC 20070730 11.13  8.74 82.00 23.80 95.80 287.3
 SLC 20070731 10.91  9.42 90.10 24.00 95.80 291.0
 SLC 20070801 11.48 10.47 95.20 24.30 95.80 277.8
 SLC 20070802 11.26  7.80 72.40 24.50 95.80 281.2
 SLC 20070803 11.31  8.36 77.20 24.80 95.80 279.0
 SLC 20070804 10.92 10.43 99.70 25.10 95.80 286.2
 SLC 20070805 11.07  7.41 69.90 25.30 95.80 281.3
 SLC 20070806 10.79  9.81 94.90 25.60 95.80 286.2
 SLC 20070807 10.26  9.83100.00 25.90 95.80 296.8
 SLC 20070808 10.30  9.87100.00 26.20 95.80 294.3
 SLC 20070809 10.35  9.88 99.70 26.50 95.80 291.7
 SLC 20070810 10.71 10.26100.00 26.80 95.80 281.8
 SLC 20070811 10.90 10.44100.00 27.10 95.80 276.5
 SLC 20070812 10.80 10.33 99.90 27.40 95.80 276.9
 SLC 20070813 10.32  9.70 98.10 27.70 95.80 285.9
 SLC 20070814 10.47  9.59 95.70 28.10 95.80 280.7
 SLC 20070815 10.39  6.86 68.90 28.40 95.80 280.9
 SLC 20070816 10.35  9.28 93.70 28.70 95.80 279.9
 SLC 20070817 10.05  7.42 77.20 29.00 95.80 285.4
 SLC 20070818 10.03  5.94 61.80 29.40 95.80 283.8
 SLC 20070819  9.68  7.70 83.20 29.70 95.80 290.7
 SLC 20070820 10.01  9.58100.00 30.10 95.80 280.4
 SLC 20070821  9.74  9.32100.00 30.40 95.80 285.1
 SLC 20070822  9.21  8.58 97.40 30.70 95.80 296.3
 SLC 20070823  8.61  8.22 99.70 31.10 95.80 310.8
 SLC 20070824  8.90  8.52100.00 31.50 95.80 300.1
 SLC 20070825  9.45  9.05100.00 31.80 95.80 283.5
 SLC 20070826  8.93  8.55100.00 32.20 95.80 294.6
 SLC 20070827  8.99  8.55 99.30 32.50 95.80 290.7
 SLC 20070828  9.00  8.60 99.80 32.90 95.70 288.0
 SLC 20070829  9.34  8.94100.00 33.30 95.70 277.1
 SLC 20070830  9.26  8.26 93.20 33.70 95.70 276.6
 SLC 20070831  9.12  8.74100.00 34.00 95.70 277.5
 SLC 20070901  9.19  7.64 86.90 34.40 95.70 273.6
 SLC 20070902  8.97  7.10 82.30 34.80 96.30 276.5
 SLC 20070903  8.86  8.53100.00 35.20 96.30 276.8
 SLC 20070904  8.61  6.89 83.00 35.60 96.30 280.5
 SLC 20070905  8.59  8.18 99.00 35.90 96.30 278.4
 SLC 20070906  8.73  8.41100.00 36.30 96.30 272.1
 SLC 20070907  8.03  7.73100.00 36.70 96.30 288.7
 SLC 20070908  7.84  7.54100.00 37.10 96.30 291.5
 SLC 20070909  7.32  7.05100.00 37.50 96.30 305.0
 SLC 20070910  7.22  6.95100.00 37.90 96.30 305.5
 SLC 20070911  7.60  7.32100.00 38.30 96.30 289.6
 SLC 20070912  7.58  7.30100.00 38.70 96.30 287.0
 SLC 20070913  7.65  6.98 94.80 39.10 96.30 281.3
 SLC 20070914  7.35  6.41 90.70 39.50 96.30 287.9
 SLC 20070915  7.20  6.92 99.80 39.90 96.30 289.5
 SLC 20070916  7.14  6.59 96.00 40.30 96.30 288.2
 SLC 20070917  6.46  6.03 96.90 40.70 96.30 309.2
 SLC 20070918  6.88  6.61 99.80 41.10 96.20 290.1
 SLC 20070919  6.57  6.31 99.80 41.50 96.20 297.6
 SLC 20070920  6.68  6.42100.00 41.90 96.20 290.1
 SLC 20070921  6.74  6.49100.00 42.30 96.20 283.9
 SLC 20070922  6.83  4.31 65.50 42.70 96.20 277.3
 SLC 20070923  5.95  4.67 81.60 43.10 96.20 307.2
 SLC 20070924  5.76  3.36 60.70 43.50 96.20 311.7
 SLC 20070925  6.12  5.88100.00 43.90 96.20 292.3
 SLC 20070926  6.22  5.98100.00 44.30 96.20 284.1
 SLC 20070927  6.10  5.86100.00 44.70 96.20 284.9
 SLC 20070928  5.97  5.28 92.00 45.10 96.20 286.1
 SLC 20070929  5.11  1.75 35.60 45.50 96.20 321.4
 SLC 20070930  5.87  5.64100.00 45.90 96.20 282.0
 SLC 20071001  5.58  5.33 99.40 46.30 96.20 290.4
 SLC 20071002  5.92  5.70100.00 46.70 96.20 272.1
 SLC 20071003  5.68  5.46100.00 47.00 96.20 277.7
 SLC 20071004  5.58  5.34 99.50 47.40 96.20 277.7
 SLC 20071005  5.19  1.72 34.60 47.80 96.20 291.0
 SLC 20071006  4.46  2.58 60.20 48.20 96.20 325.6
 SLC 20071007  5.01  4.81 99.90 48.60 96.20 290.8
 SLC 20071008  5.22  5.02100.00 49.00 96.20 276.3
 SLC 20071009  5.59  5.38100.00 49.40 96.20 256.4
 SLC 20071010  5.55  5.34100.00 49.70 96.20 254.1
 SLC 20071011  5.37  5.15 99.70 50.10 96.20 257.0
 SLC 20071012  4.90  3.93 83.40 50.50 96.10 273.6
 SLC 20071013  4.53  2.97 68.00 50.90 96.10 287.7
 SLC 20071014  4.72  4.53 99.60 51.20 96.10 273.4
 SLC 20071015  4.86  4.68100.00 51.60 96.10 262.4
 SLC 20071016  4.53  3.99 91.60 51.90 96.10 274.2
 SLC 20071017  4.16  2.40 60.10 52.30 96.10 290.5
 SLC 20071018  4.53  4.22 96.90 52.70 96.10 265.8
 SLC 20071019  4.64  4.42 99.10 53.00 96.10 255.9
 SLC 20071020  3.88  0.98 26.30 53.40 96.10 293.0
 SLC 20071021  3.84  3.00 81.40 53.70 96.10 291.1
 SLC 20071022  4.34  4.17100.00 54.00 96.10 257.2
 SLC 20071023  4.49  4.31100.00 54.40 96.10 246.1
 SLC 20071024  4.43  4.26100.00 54.70 96.10 244.2
 SLC 20071025  4.40  4.22100.00 55.10 96.10 241.8
 SLC 20071026  4.26  4.08 99.70 55.40 96.10 244.4
 SLC 20071027  3.98  3.70 96.70 55.70 96.10 254.8
 SLC 20071028  3.99  3.84100.00 56.00 96.10 250.3
 SLC 20071029  4.07  3.64 93.20 56.30 96.10 242.4
 SLC 20071030  3.99  3.80 99.30 56.60 96.10 242.8
 SLC 20071031  3.61  3.41 98.50 56.90 96.10 259.9
 SLC 20071101  3.36  3.18 98.40 57.30 96.10 272.0
 SLC 20071102  3.18  2.95 95.80 57.50 96.60 280.2
 SLC 20071103  3.24  3.13100.00 57.80 96.60 271.9
 SLC 20071104  3.29  3.18100.00 58.10 96.60 263.7
 SLC 20071105  3.27  3.16100.00 58.40 96.60 260.6
 SLC 20071106  3.23  3.12100.00 58.70 96.60 259.2
 SLC 20071107  3.20  3.10100.00 59.00 96.60 256.8
 SLC 20071108  3.15  3.04100.00 59.20 96.60 256.3
 SLC 20071109  3.08  2.72 91.50 59.50 96.60 257.2
 SLC 20071110  3.05  2.95100.00 59.70 96.60 254.8
 SLC 20071111  2.96  1.04 36.20 60.00 96.60 257.7
 SLC 20071112  2.83  2.71 99.10 60.20 96.60 264.3
 SLC 20071113  2.90  2.32 82.90 60.50 96.60 255.0
 SLC 20071114  2.82  2.73100.00 60.70 96.60 257.5
 SLC 20071115  2.70  2.61100.00 60.90 96.60 264.0
 SLC 20071116  2.75  2.51 94.30 61.20 96.60 256.5
 SLC 20071117  2.79  2.68 99.50 61.40 96.60 250.1
 SLC 20071118  2.92  2.75 97.60 61.60 96.60 237.3
 SLC 20071119  2.75  2.65100.00 61.80 96.60 246.9
 SLC 20071120  2.48  2.32 96.80 62.00 96.60 266.6
 SLC 20071121  2.15  2.08100.00 62.20 96.60 299.0
 SLC 20071122  2.26  2.15 98.30 62.40 96.60 282.2
 SLC 20071123  2.10  2.03100.00 62.60 96.60 298.1
 SLC 20071124  2.23  2.15100.00 62.70 96.60 278.9
 SLC 20071125  2.36  2.20 96.70 62.90 96.60 262.2
 SLC 20071126  2.14  2.07100.00 63.10 96.60 282.8
 SLC 20071127  2.01  0.75 38.20 63.20 96.60 295.6
 SLC 20071128  2.03  1.91 91.60 63.40 96.60 290.4
 SLC 20071129  2.05  1.50 75.70 63.50 96.60 284.5
 SLC 20071130  2.06  1.51 76.20 63.70 96.60 280.9
 SLC 20071201  1.76  1.67 81.70 63.80 96.60 320.6
 SLC 20071202  2.08  2.43 99.00 63.90 96.60 273.0
 SLC 20071203  2.31  2.77 95.40 64.00 96.60 246.9
 SLC 20071204  2.25  2.13 78.80 64.10 96.60 250.6
 SLC 20071205  2.01  2.02 80.10 64.20 96.60 273.9
 SLC 20071210  1.67  1.97 96.50 64.70 96.60 314.4
 SLC 20071211  1.60  2.03100.00 64.70 96.60 324.5
 SLC 20071212  1.63  1.99 96.70 64.80 96.60 318.0
 SLC 20071213  1.51  1.61 84.60 64.80 96.60 340.1
 SLC 20071214  1.50  1.72 90.90 64.90 96.60 341.7
 SLC 20071215  1.55  1.72 88.00 64.90 96.60 330.5
 SLC 20071216  1.63  2.05100.00 64.90 96.50 315.5
 SLC 20071217  1.52  1.31 68.40 65.00 96.50 334.9
 SLC 20071218  1.62  1.99 97.50 65.00 96.50 316.4
 SLC 20071219  1.58  0.98 49.00 65.00 96.50 322.4
 SLC 20071220  1.60  0.69 34.40 65.00 96.50 319.6
 SLC 20071221  1.47  1.41 79.10 65.00 96.50 346.3
 SLC 20071222  1.62  1.96 95.40 65.00 96.50 315.3
 SLC 20071223  1.69  1.47 68.80 65.00 96.50 304.4
 SLC 20071224  1.72  0.97 44.80 64.90 96.50 299.7
 SLC 20071225  1.60  1.97 97.40 64.90 96.60 322.0
 SLC 20071226  1.43  1.39 77.20 64.90 96.60 360.1
 SLC 20071227  1.28  1.45 90.30 64.80 96.60 405.1
 SLC 20071228  1.47  1.51 81.30 64.80 96.60 352.9
 SLC 20071229  1.48  1.52 81.70 64.70 96.60 353.5
 SLC 20071230  1.71  0.82 39.10 64.60 96.60 309.9
 SLC 20071231  1.64  1.89 93.10 64.60 96.60 323.2
 SLC 20080101  1.81  2.29100.00 64.50 96.60 296.6
