 HOU 20090102  4.08  3.48 90.40 53.20 94.30 264.9
 HOU 20090103  3.77  1.28 35.90 53.10 94.30 284.5
 HOU 20090104  4.52  4.23 99.30 53.00 94.30 245.2
 HOU 20090105  4.67  0.65 14.80 52.90 94.30 239.8
 HOU 20090106  4.41  0.60 14.40 52.80 94.30 253.2
 HOU 20090107  3.51  3.31100.00 52.70 94.30 309.1
 HOU 20090108  3.96  3.73100.00 52.50 94.30 280.5
 HOU 20090109  4.17  1.13 28.60 52.40 94.30 270.2
 HOU 20090110  4.41  1.07 25.70 52.30 94.30 259.4
 HOU 20090111  3.94  3.31 89.20 52.10 94.30 287.3
 HOU 20090112  3.81  3.59100.00 52.00 94.30 297.9
 HOU 20090113  3.68  3.47100.00 51.80 94.30 309.1
 HOU 20090114  3.96  3.74100.00 51.60 94.30 292.5
 HOU 20090115  4.00  3.77100.00 51.50 94.30 292.4
 HOU 20090116  3.73  3.43 97.50 51.30 94.30 313.1
 HOU 20090117  3.84  2.12 58.30 51.10 94.30 307.2
 HOU 20090118  4.01  3.77 99.70 50.90 94.40 298.9
 HOU 20090119  4.34  4.09100.00 50.70 94.40 281.4
 HOU 20090120  4.25  4.01100.00 50.50 94.40 289.0
 HOU 20090121  4.29  4.05100.00 50.30 94.40 289.2
 HOU 20090122  4.70  4.43100.00 50.10 94.40 270.6
 HOU 20090123  4.66  4.28 97.20 49.90 94.40 274.7
 HOU 20090124  4.86  1.28 28.00 49.60 94.40 267.9
 HOU 20090125  5.27  4.98100.00 49.40 94.40 252.7
 HOU 20090126  5.25  0.92 18.60 49.20 94.40 256.1
 HOU 20090127  5.16  3.69 75.50 48.90 94.40 262.5
 HOU 20090128  4.93  1.02 22.50 48.70 94.40 276.0
 HOU 20090129  5.04  4.76100.00 48.40 94.40 273.4
 HOU 20090130  5.20  4.91100.00 48.20 94.40 269.4
 HOU 20090131  5.06  4.78100.00 47.90 94.40 278.4
 HOU 20090201  4.47  1.82 43.30 47.60 94.40 312.5
 HOU 20090202  4.51  3.99 93.60 47.30 94.40 313.4
 HOU 20090203  4.77  4.51100.00 47.10 94.40 301.9
 HOU 20090204  5.32  5.02100.00 46.80 94.40 278.6
 HOU 20090205  5.73  5.41100.00 46.50 94.40 264.8
 HOU 20090206  5.57  5.26100.00 46.20 94.40 273.9
 HOU 20090207  5.79  5.47100.00 45.90 94.40 268.2
 HOU 20090208  6.07  4.40 76.70 45.60 94.40 260.5
 HOU 20090209  6.18  0.91 15.50 45.30 94.40 259.5
 HOU 20090210  6.30  1.68 28.20 45.00 94.40 258.0
 HOU 20090211  6.11  5.77100.00 44.70 94.40 268.1
 HOU 20090212  6.13  5.71 98.50 44.30 94.50 270.2
 HOU 20090213  6.76  2.91 45.50 44.00 94.50 252.1
 HOU 20090214  6.75  2.10 33.20 43.70 94.50 255.2
 HOU 20090215  6.74  2.98 46.80 43.30 94.50 258.4
 HOU 20090216  7.03  5.37 80.80 43.00 94.50 252.5
 HOU 20090217  7.21  2.05 30.10 42.70 94.50 250.0
 HOU 20090218  7.32  5.80 84.10 42.30 94.50 249.8
 HOU 20090219  7.06  6.67100.00 42.00 94.50 259.8
 HOU 20090220  6.95  6.57100.00 41.60 94.50 266.4
 HOU 20090221  6.29  2.00 33.60 41.30 94.50 292.5
 HOU 20090222  6.17  5.83100.00 40.90 94.50 300.5
 HOU 20090223  7.05  6.67100.00 40.60 94.50 272.0
 HOU 20090224  7.45  5.97 84.70 40.20 94.50 262.4
 HOU 20090225  7.55  2.53 35.40 39.80 94.50 262.4
 HOU 20090226  7.21  6.62 97.10 39.50 94.50 275.7
 HOU 20090227  7.35  6.67 95.90 39.10 94.50 274.4
 HOU 20090228  7.48  5.90 83.30 38.70 94.50 273.2
 HOU 20090301  6.50  6.14100.00 38.30 94.50 310.4
 HOU 20090302  7.54  7.12100.00 38.00 94.40 276.9
 HOU 20090303  8.30  7.82 99.90 37.60 94.40 258.6
 HOU 20090304  8.36  7.89100.00 37.20 94.40 259.7
 HOU 20090305  8.47  7.95 99.40 36.80 94.40 259.4
 HOU 20090306  8.54  8.05 99.90 36.40 94.40 260.4
 HOU 20090307  8.07  5.50 72.20 36.00 94.40 275.7
 HOU 20090308  8.45  7.18 89.90 35.70 94.40 268.3
 HOU 20090309  8.94  8.27 98.00 35.30 94.40 258.2
 HOU 20090310  9.43  8.88 99.70 34.90 94.40 249.8
 HOU 20090311  9.41  8.48 95.40 34.50 94.40 252.6
 HOU 20090312  8.94  1.53 18.10 34.10 94.40 265.8
 HOU 20090313  8.48  1.02 12.70 33.70 94.40 279.8
 HOU 20090314  8.43  4.38 54.90 33.30 94.40 283.9
 HOU 20090315  8.66  8.18100.00 32.90 94.40 280.0
 HOU 20090316  7.54  7.10 99.70 32.50 94.40 317.2
 HOU 20090317  8.79  8.31100.00 32.10 94.40 281.6
 HOU 20090320  8.62  8.13 99.90 30.90 94.50 294.0
 HOU 20090321  8.94  8.40 99.50 30.50 94.50 287.8
 HOU 20090322  9.03  8.53100.00 30.10 94.50 287.6
 HOU 20090323  9.15  4.28 49.70 29.70 94.50 286.8
 HOU 20090324  9.72  6.42 69.90 29.30 94.50 274.8
 HOU 20090325  9.68  7.20 78.50 28.90 94.50 277.7
 HOU 20090326  9.40  6.63 74.80 28.50 94.50 286.9
 HOU 20090327  8.60  3.31 40.70 28.10 94.50 310.9
 HOU 20090328  7.65  7.23100.00 27.70 94.50 344.7
 HOU 20090329  8.81  8.32100.00 27.30 94.50 309.2
 HOU 20090330  9.68  9.06 99.10 26.90 94.50 288.0
 HOU 20090331  9.72  1.61 17.70 26.50 94.50 289.0
 HOU 20090401  9.71  8.40 91.60 26.10 94.50 291.1
 HOU 20090402  8.83  6.44 77.30 25.70 94.50 317.0
 HOU 20090403 10.12  9.56100.00 25.40 94.50 285.2
 HOU 20090404 10.85 10.23 99.80 25.00 94.50 271.1
 HOU 20090405 10.82 10.11 98.80 24.60 94.50 273.2
 HOU 20090406 10.12  9.43 98.60 24.20 94.50 290.2
 HOU 20090407  9.55  9.02100.00 23.80 94.50 306.1
 HOU 20090408 10.41  9.84100.00 23.40 94.50 286.6
 HOU 20090409 10.24  3.88 40.00 23.10 94.50 292.2
 HOU 20090410 10.57  8.74 87.40 22.70 94.50 286.0
 HOU 20090411 10.87  9.06 88.20 22.30 94.50 280.8
 HOU 20090412  9.81  1.11 12.00 21.90 94.50 307.3
 HOU 20090413  9.26  8.76100.00 21.60 94.50 323.6
 HOU 20090414  9.67  9.14100.00 21.20 94.50 313.9
 HOU 20090415  9.98  8.74 92.70 20.90 94.50 307.5
 HOU 20090416  9.61  6.31 69.50 20.50 94.60 318.3
 HOU 20090417  9.85  2.28 24.50 20.10 94.60 313.7
 HOU 20090418 10.24  5.44 56.10 19.80 94.60 305.0
 HOU 20090419 10.09  9.54100.00 19.40 94.60 309.9
 HOU 20090420  9.32  8.81100.00 19.10 94.60 332.1
 HOU 20090421  9.32  8.82100.00 18.80 94.60 333.1
 HOU 20090422  9.17  8.67100.00 18.40 94.60 338.7
 HOU 20090423  9.85  9.14 98.10 18.10 94.60 320.3
 HOU 20090425 10.78  5.25 51.50 17.40 94.60 299.4
 HOU 20090426 10.92 10.33100.00 17.10 94.60 297.3
 HOU 20090427 10.93  9.75 94.40 16.80 94.60 298.1
 HOU 20090428 11.25 10.06 94.60 16.50 94.60 292.2
 HOU 20090429 11.25 10.57 99.40 16.20 94.60 293.1
 HOU 20090430 10.76 10.16 99.80 15.90 94.60 304.7
 HOU 20090501 10.95  9.96 96.10 15.60 94.60 301.1
 HOU 20090502 11.58 10.78 98.60 15.30 94.40 288.6
 HOU 20090503 10.47  7.29 73.60 15.00 94.40 314.3
 HOU 20090504 10.60 10.01100.00 14.70 94.40 311.8
 HOU 20090505 11.12 10.50100.00 14.40 94.40 300.1
 HOU 20090506 10.43  9.65 98.00 14.20 94.50 317.0
 HOU 20090507 10.90 10.20 99.00 13.90 94.50 306.5
 HOU 20090508 11.10 10.49100.00 13.60 94.50 302.2
 HOU 20090509 11.35 10.69 99.80 13.40 94.50 297.4
 HOU 20090510 11.49 10.83 99.90 13.10 94.50 295.1
 HOU 20090511 11.08 10.38 99.20 12.90 94.50 304.4
 HOU 20090512 11.42 10.77 99.90 12.60 94.50 297.3
 HOU 20090513 11.51 10.82 99.50 12.40 94.50 295.9
 HOU 20090514 11.21 10.59100.00 12.20 94.50 302.6
 HOU 20090515 11.56 10.38 95.10 11.90 94.50 295.8
 HOU 20090516 11.07 10.40 99.40 11.70 94.50 306.9
 HOU 20090517 11.43  3.12 29.00 11.50 94.50 299.3
 HOU 20090518 10.02  9.46100.00 11.30 94.50 334.0
 HOU 20090519 10.13  9.57100.00 11.10 94.50 331.4
 HOU 20090520 10.27  9.71100.00 10.90 94.50 328.0
 HOU 20090521 10.61 10.02100.00 10.70 94.50 319.6
 HOU 20090522 10.88  9.88 96.20 10.50 94.50 313.7
 HOU 20090523 11.44 10.43 96.50 10.40 94.50 301.0
 HOU 20090524 10.52  9.76 98.20 10.20 94.50 322.8
 HOU 20090525 10.63  9.82 97.80 10.00 94.50 320.4
 HOU 20090526 10.72 10.10 99.70  9.90 94.50 318.5
 HOU 20090527 11.66  3.87 35.10  9.70 94.50 297.4
 HOU 20090528 11.00 10.39100.00  9.60 94.50 312.3
 HOU 20090529 11.43  9.65 89.40  9.40 94.50 302.5
 HOU 20090530 11.05  9.82 94.10  9.30 94.50 311.2
 HOU 20090531 10.95 10.35100.00  9.20 94.50 313.7
 HOU 20090601 10.92  9.65 93.50  9.10 94.50 314.4
 HOU 20090602 10.85 10.25100.00  8.90 94.50 316.1
 HOU 20090603 11.31  7.80 73.00  8.80 94.50 305.8
 HOU 20090604 10.60  9.92 99.00  8.70 94.50 322.4
 HOU 20090605 10.94 10.34100.00  8.60 94.50 314.4
 HOU 20090606 11.52 10.68 98.10  8.50 94.50 301.2
 HOU 20090607 11.86 11.21100.00  8.50 94.50 294.3
 HOU 20090608 11.39 10.70 99.40  8.40 94.50 304.2
 HOU 20090609 12.15 11.45 99.80  8.30 94.50 288.8
 HOU 20090610 12.34 11.30 96.90  8.30 94.50 285.1
 HOU 20090611 11.58 10.94100.00  8.20 94.50 300.2
 HOU 20090612 11.47 10.84100.00  8.10 94.50 302.5
 HOU 20090613 12.13 11.45 99.90  8.10 94.50 289.2
 HOU 20090614 12.28 11.57 99.70  8.10 94.50 286.3
 HOU 20090615 12.52 10.71 90.60  8.00 94.50 281.6
 HOU 20090616 12.46 11.77100.00  8.00 94.50 282.8
 HOU 20090617 12.28 11.61100.00  8.00 94.50 286.2
 HOU 20090618 12.35 11.67100.00  8.00 94.50 284.8
 HOU 20090619 12.24 11.56100.00  7.90 94.50 287.0
 HOU 20090620 12.20 11.50 99.70  7.90 94.50 287.7
 HOU 20090621 12.03 11.32 99.50  7.90 94.50 291.0
 HOU 20090622 11.74 11.09100.00  8.00 94.50 296.7
 HOU 20090623 11.52 10.89100.00  8.00 94.50 301.2
 HOU 20090624 11.82 11.15 99.90  8.00 94.50 295.2
 HOU 20090625 11.53 10.21 93.80  8.00 94.50 300.9
 HOU 20090626 11.66 10.98 99.70  8.00 94.50 298.2
 HOU 20090627 11.56 10.92100.00  8.10 94.50 300.0
 HOU 20090628 11.92 11.25 99.90  8.10 94.50 292.9
 HOU 20090629 11.89  9.94 88.60  8.20 94.50 293.4
 HOU 20090630 11.50 10.17 93.70  8.20 94.50 301.2
 HOU 20090701 11.09 10.30 98.30  8.30 94.50 310.5
 HOU 20090702 11.50 10.71 98.60  8.40 94.50 300.9
 HOU 20090703 11.70 11.04 99.90  8.40 94.50 296.7
 HOU 20090704 11.86 11.18 99.70  8.50 94.50 293.4
 HOU 20090705 12.26 11.07 95.60  8.60 94.50 285.4
 HOU 20090706 12.25  1.79 15.50  8.70 94.50 285.5
 HOU 20090707 11.77  4.82 43.40  8.80 94.50 294.9
 HOU 20090709 11.77 11.02 99.00  9.00 94.50 294.5
 HOU 20090710 11.65 10.69 97.10  9.10 94.50 296.8
 HOU 20090711 11.56 10.72 98.20  9.20 94.50 298.4
 HOU 20090712 11.59 10.95100.00  9.40 94.50 297.7
 HOU 20090713 11.51 10.87100.00  9.50 94.50 299.1
 HOU 20090714 11.38 10.75100.00  9.60 94.50 301.7
 HOU 20090715 11.70  9.84 89.00  9.80 94.50 294.9
 HOU 20090716 11.78 11.13100.00  9.90 94.50 293.0
 HOU 20090717 11.54 10.91100.00 10.10 94.50 297.5
 HOU 20090718 11.50 10.66 98.10 10.30 94.50 298.1
 HOU 20090719 10.88  6.93 67.50 10.40 94.50 311.9
 HOU 20090720 11.33  5.65 52.80 10.60 94.50 300.8
 HOU 20090721 10.88 10.17 99.00 10.80 94.50 310.9
 HOU 20090722 11.00  9.25 89.00 11.00 94.50 307.7
 HOU 20090723 11.18  8.58 81.30 11.20 94.50 303.1
 HOU 20090724 10.76 10.14 99.80 11.40 94.50 312.5
 HOU 20090725 10.59  9.93 99.20 11.60 94.50 315.9
 HOU 20090726 11.21  9.20 86.80 11.80 94.50 300.9
 HOU 20090727 11.70  4.75 42.90 12.00 94.50 290.3
 HOU 20090728 11.82 10.29 92.20 12.30 94.50 287.5
 HOU 20090729 11.79  9.24 83.00 12.50 94.50 287.7
 HOU 20090730 11.67 11.01 99.90 12.70 94.50 289.6
 HOU 20090731 11.50 10.86100.00 13.00 94.50 292.5
 HOU 20090801 11.52 10.58 97.20 13.20 94.50 291.5
 HOU 20090802 11.84  7.94 71.00 13.50 94.50 284.5
 HOU 20090803 11.39  6.79 63.20 13.80 94.50 293.1
 HOU 20090805 11.18 10.35 98.00 14.30 94.50 296.3
 HOU 20090806 11.34  9.48 88.40 14.60 94.40 292.4
 HOU 20090807 11.31 10.51 98.40 14.90 94.40 292.4
 HOU 20090808 11.12 10.50100.00 15.10 94.40 295.8
 HOU 20090809 11.33 10.51 98.20 15.40 94.40 290.5
 HOU 20090810 11.70 10.95 99.10 15.70 94.40 281.7
 HOU 20090811 11.32 10.69100.00 16.00 94.40 289.0
 HOU 20090818 11.15 10.52100.00 18.30 94.40 285.7
 HOU 20090819 11.32 10.40 97.40 18.60 94.40 281.0
 HOU 20090820 11.07 10.42 99.80 18.90 94.40 285.4
 HOU 20090821 10.99 10.33 99.60 19.30 94.40 286.0
 HOU 20090822 10.38  9.78 99.90 19.60 94.40 298.5
 HOU 20090823 10.33  7.59 77.80 20.00 94.40 298.2
 HOU 20090824 10.34  8.78 90.00 20.30 94.40 297.0
 HOU 20090825 10.10  6.79 71.30 20.70 94.40 301.2
 HOU 20090826 10.18  9.59 99.90 21.00 94.40 297.9
 HOU 20090827 10.50  4.17 42.10 21.40 94.40 289.1
 HOU 20090828 10.20  9.12 94.70 21.80 94.40 294.5
 HOU 20090829 10.03  9.43 99.60 22.10 94.40 297.0
 HOU 20090830 10.15  9.58100.00 22.50 94.40 292.7
 HOU 20090831 10.29  9.15 94.20 22.90 94.40 287.9
 HOU 20090901 10.18  7.93 82.50 23.20 94.40 288.9
 HOU 20090902  9.83  8.17 87.90 23.60 94.50 295.7
 HOU 20090903  9.89  9.34100.00 24.00 94.50 292.7
 HOU 20090904  9.97  7.26 77.10 24.40 94.50 289.1
 HOU 20090905  9.97  9.25 98.20 24.80 94.50 287.4
 HOU 20090906 10.07  9.52100.00 25.20 94.50 283.2
 HOU 20090907 10.08  9.47 99.40 25.50 94.50 281.0
 HOU 20090908 10.12  9.39 98.20 25.90 94.50 278.4
 HOU 20090909 10.10  7.08 74.40 26.30 94.50 277.0
 HOU 20090910  9.97  7.77 82.60 26.70 94.50 278.1
 HOU 20090911 10.18  1.32 13.70 27.10 94.50 271.5
 HOU 20090913  9.28  8.57 97.60 27.90 94.50 288.8
 HOU 20090914  9.61  8.67 95.60 28.30 94.50 278.5
 HOU 20090915  9.17  2.93 33.80 28.70 94.50 287.5
 HOU 20090916  9.07  7.13 83.20 29.10 94.50 288.1
 HOU 20090917  9.15  2.96 34.20 29.50 94.50 283.7
 HOU 20090918  9.07  5.35 62.40 29.90 94.50 283.6
 HOU 20090919  9.19  6.34 72.90 30.30 94.50 278.1
 HOU 20090920  8.98  8.30 97.90 30.70 94.50 281.2
 HOU 20090921  9.02  8.52100.00 31.10 94.50 277.9
 HOU 20090922  9.09  8.49 98.90 31.50 94.50 273.9
 HOU 20090923  9.54  7.26 80.60 31.90 94.40 260.6
 HOU 20090924  9.22  2.65 30.40 32.30 94.40 266.2
 HOU 20090925  8.72  8.23100.00 32.70 94.40 276.1
 HOU 20090926  8.67  8.14 99.40 33.10 94.40 274.9
 HOU 20090927  8.10  7.65100.00 33.50 94.40 288.2
 HOU 20090928  8.13  7.68100.00 33.90 94.40 284.5
 HOU 20090929  8.32  7.25 92.40 34.30 94.40 276.8
 HOU 20090930  8.39  7.92100.00 34.70 94.40 272.5
 HOU 20091001  8.47  7.89 98.70 35.10 94.40 267.9
 HOU 20091002  8.09  7.48 98.00 35.50 94.40 275.5
 HOU 20091003  8.16  5.75 74.60 35.80 94.40 270.8
 HOU 20091004  8.29  2.38 30.40 36.20 94.40 264.5
 HOU 20091005  8.29  5.56 71.00 36.60 94.40 261.8
 HOU 20091006  8.40  7.93100.00 37.00 94.40 256.4
 HOU 20091007  8.19  7.43 96.10 37.40 94.40 259.0
 HOU 20091008  8.10  7.65100.00 37.80 94.40 258.7
 HOU 20091009  7.93  6.24 83.40 38.20 94.40 260.7
 HOU 20091010  7.41  6.97 99.60 38.50 94.40 273.0
 HOU 20091011  7.86  3.40 45.80 38.90 94.40 257.2
 HOU 20091012  7.91  6.53 87.40 39.30 94.40 253.4
 HOU 20091013  8.05  7.44 98.00 39.60 94.40 247.1
 HOU 20091014  8.00  7.53 99.80 40.00 94.30 245.7
 HOU 20091015  7.67  7.21 99.60 40.40 94.30 251.8
 HOU 20091016  7.46  7.04100.00 40.70 94.30 254.8
 HOU 20091017  7.19  6.23 92.00 41.10 94.30 259.8
 HOU 20091018  6.98  6.58100.00 41.50 94.30 263.4
 HOU 20091019  7.03  5.00 75.50 41.80 94.30 258.7
 HOU 20091020  7.15  5.74 85.20 42.20 94.30 252.7
 HOU 20091021  7.47  4.90 69.50 42.50 94.30 240.8
 HOU 20091022  7.37  0.90 13.00 42.80 94.30 240.7
 HOU 20091023  6.92  6.53100.00 43.20 94.30 251.1
 HOU 20091024  6.10  5.75100.00 43.50 94.30 275.8
 HOU 20091025  6.07  5.72100.00 43.80 94.30 273.9
 HOU 20091026  6.16  4.72 81.30 44.20 94.30 267.6
 HOU 20091027  5.86  5.02 90.90 44.50 94.30 275.7
 HOU 20091028  6.25  5.89100.00 44.80 94.30 258.3
 HOU 20091029  6.62  6.13 98.20 45.10 94.30 243.6
 HOU 20091030  6.58  0.89 14.30 45.40 94.30 242.0
 HOU 20091031  5.94  5.60100.00 45.70 94.30 261.0
 HOU 20091101  5.60  5.28100.00 46.00 94.30 271.4
 HOU 20091102  5.50  5.20100.00 46.30 94.40 272.3
 HOU 20091103  5.59  5.28100.00 46.60 94.40 266.0
 HOU 20091104  5.32  5.02100.00 46.90 94.40 274.3
 HOU 20091105  5.47  5.17100.00 47.20 94.40 265.0
 HOU 20091106  5.41  5.11100.00 47.50 94.40 264.6
 HOU 20091107  5.73  5.41100.00 47.80 94.40 249.7
 HOU 20091108  5.68  4.00 74.50 48.00 94.40 249.2
 HOU 20091109  5.36  1.30 26.00 48.30 94.40 258.6
 HOU 20091110  5.30  4.35 86.90 48.50 94.40 258.2
 HOU 20091111  5.31  5.01100.00 48.80 94.40 255.5
 HOU 20091112  5.43  5.13100.00 49.00 94.40 248.0
 HOU 20091113  5.68  5.22 97.30 49.30 94.40 236.6
 HOU 20091114  5.62  5.31100.00 49.50 94.40 236.2
 HOU 20091115  5.33  4.82 95.80 49.70 94.40 244.4
 HOU 20091116  5.13  3.48 71.90 50.00 94.40 250.4
 HOU 20091117  4.79  4.52100.00 50.20 94.40 262.2
 HOU 20091118  4.65  4.38100.00 50.40 94.40 267.2
 HOU 20091119  4.98  4.70100.00 50.60 94.40 249.9
 HOU 20091120  4.87  0.57 12.50 50.80 94.40 252.6
 HOU 20091121  4.48  3.98 94.00 51.00 94.30 268.7
 HOU 20091122  4.25  4.01100.00 51.20 94.30 278.6
 HOU 20091123  4.32  4.07100.00 51.40 94.30 273.1
 HOU 20091124  4.33  0.59 14.50 51.50 94.30 270.6
 HOU 20091125  4.39  4.15100.00 51.70 94.30 265.0
 HOU 20091126  4.38  4.12 99.80 51.90 94.30 264.0
 HOU 20091127  4.26  3.79 94.30 52.00 94.30 268.2
 HOU 20091128  4.32  4.07100.00 52.20 94.30 263.4
 HOU 20091129  4.73  3.76 84.30 52.30 94.30 242.2
 HOU 20091130  4.51  2.95 69.40 52.50 94.30 251.1
 HOU 20091201  4.36  0.68 16.50 52.60 94.30 256.5
 HOU 20091202  3.79  1.71 47.80 52.70 94.30 287.2
 HOU 20091203  3.58  3.38100.00 52.80 94.30 299.5
 HOU 20091204  3.28  0.80 26.00 52.90 94.30 321.6
 HOU 20091205  3.48  3.28100.00 53.00 94.30 304.6
 HOU 20091206  3.81  0.70 19.60 53.10 94.30 280.2
 HOU 20091207  4.25  1.90 47.30 53.20 94.30 254.6
 HOU 20091208  4.12  2.01 51.60 53.30 94.30 259.9
 HOU 20091209  3.79  3.57100.00 53.40 94.30 278.4
 HOU 20091210  3.81  3.51 97.70 53.50 94.30 276.3
 HOU 20091211  3.89  0.57 15.70 53.50 94.30 270.9
 HOU 20091212  3.87  0.79 21.60 53.60 94.30 271.4
 HOU 20091213  3.89  3.67100.00 53.60 94.30 269.1
 HOU 20091214  4.20  1.80 45.20 53.70 94.30 251.9
 HOU 20091215  4.30  1.16 28.60 53.70 94.30 246.6
 HOU 20091216  4.16  2.08 53.00 53.70 94.30 253.0
 HOU 20091217  4.01  0.44 11.70 53.80 94.30 260.6
 HOU 20091218  3.60  3.40100.00 53.80 94.30 285.6
 HOU 20091219  3.47  3.26 99.70 53.80 94.30 294.7
 HOU 20091220  3.30  3.11100.00 53.80 94.30 308.0
 HOU 20091221  3.47  3.27100.00 53.80 94.30 295.1
 HOU 20091222  3.94  3.22 86.40 53.80 94.30 264.6
 HOU 20091223  3.66  3.26 94.40 53.80 94.30 281.7
 HOU 20091224  3.37  2.59 81.20 53.70 94.30 303.0
 HOU 20091225  3.47  3.24 99.10 53.70 94.30 296.4
 HOU 20091226  3.57  3.30 98.10 53.70 94.30 289.8
 HOU 20091227  3.63  3.43100.00 53.60 94.30 286.2
 HOU 20091228  3.79  3.58100.00 53.60 94.30 276.6
 HOU 20091229  3.68  2.25 64.90 53.50 94.30 284.8
 HOU 20091230  3.62  1.01 29.50 53.40 94.30 290.2
 HOU 20091231  3.60  3.40100.00 53.40 94.30 292.0
 HOU 20100101  3.55  3.28 98.00 53.30 94.30 297.0
