 MIA 20090102  5.29  5.19 99.80 49.40 98.30 252.5
 MIA 20090103  5.19  5.10100.00 49.30 98.30 257.5
 MIA 20090104  5.41  5.19 97.60 49.20 98.30 249.8
 MIA 20090105  5.69  5.59100.00 49.10 98.30 240.4
 MIA 20090106  5.70  5.60100.00 49.00 98.30 241.4
 MIA 20090107  5.95  5.85100.00 48.80 98.30 234.3
 MIA 20090108  5.74  5.64100.00 48.70 98.30 242.8
 MIA 20090109  5.29  5.20100.00 48.60 98.30 261.1
 MIA 20090110  5.75  5.65100.00 48.40 98.30 245.2
 MIA 20090111  5.85  5.75100.00 48.30 98.30 242.9
 MIA 20090112  5.72  5.54 98.50 48.10 98.30 249.3
 MIA 20090113  5.72  5.35 95.20 48.00 98.30 251.0
 MIA 20090114  5.72  5.45 97.10 47.80 98.30 252.7
 MIA 20090115  5.61  5.49 99.50 47.60 98.30 258.3
 MIA 20090116  5.37  1.85 34.90 47.50 98.30 270.1
 MIA 20090117  4.89  3.85 80.00 47.30 98.30 294.0
 MIA 20090118  4.99  4.90100.00 47.10 98.30 291.4
 MIA 20090119  4.54  4.36 97.70 46.90 98.30 317.7
 MIA 20090120  4.72  3.63 78.00 46.70 98.30 310.0
 MIA 20090121  4.70  4.62100.00 46.50 98.30 313.5
 MIA 20090122  4.98  4.29 87.70 46.30 98.30 301.0
 MIA 20090123  5.85  5.75100.00 46.00 98.30 265.0
 MIA 20090124  6.21  6.01 98.50 45.80 98.30 254.3
 MIA 20090125  6.71  6.60100.00 45.60 98.30 240.2
 MIA 20090126  6.83  6.71100.00 45.30 98.30 238.8
 MIA 20090127  7.05  6.93100.00 45.10 98.30 234.8
 MIA 20090128  7.49  7.37100.00 44.90 98.30 225.2
 MIA 20090129  7.58  7.42 99.70 44.60 98.30 225.2
 MIA 20090130  7.43  3.83 52.40 44.30 98.30 231.2
 MIA 20090131  6.79  6.68100.00 44.10 98.30 251.1
 MIA 20090201  6.83  1.97 29.30 43.80 98.30 252.4
 MIA 20090202  7.19  4.51 63.60 43.50 98.30 244.0
 MIA 20090203  7.24  5.45 76.50 43.30 98.30 244.8
 MIA 20090204  6.59  6.48100.00 43.00 98.30 267.4
 MIA 20090205  6.15  4.87 80.50 42.70 98.30 285.9
 MIA 20090206  6.26  3.48 56.50 42.40 98.30 284.3
 MIA 20090207  6.62  4.48 68.90 42.10 98.30 274.0
 MIA 20090208  7.36  7.21 99.70 41.80 98.30 253.5
 MIA 20090209  7.65  7.53100.00 41.50 98.30 247.8
 MIA 20090210  7.72  7.59100.00 41.20 98.30 248.4
 MIA 20090211  7.66  7.42 98.40 40.90 98.30 252.4
 MIA 20090212  8.16  8.02100.00 40.50 98.30 241.7
 MIA 20090213  8.78  4.39 51.00 40.20 98.30 230.0
 MIA 20090214  8.97  8.82100.00 39.90 98.30 228.2
 MIA 20090215  8.39  8.23 99.70 39.60 98.30 243.2
 MIA 20090216  8.31  7.65 93.70 39.20 98.30 247.8
 MIA 20090217  8.15  8.01100.00 38.90 98.30 254.3
 MIA 20090218  8.01  7.88100.00 38.50 98.30 260.0
 MIA 20090219  8.18  8.05100.00 38.20 98.30 258.1
 MIA 20090220  8.18  7.37 91.60 37.80 98.30 260.6
 MIA 20090221  8.29  8.16100.00 37.50 98.30 260.1
 MIA 20090222  8.46  8.30 99.70 37.10 98.30 258.4
 MIA 20090223  7.84  5.02 64.60 36.80 98.30 278.0
 MIA 20090224  8.08  7.94100.00 36.40 98.30 273.9
 MIA 20090225  8.21  7.22 89.40 36.00 98.40 272.8
 MIA 20090226  8.02  7.86 99.70 35.70 98.40 280.5
 MIA 20090227  7.95  7.82100.00 35.30 98.40 285.2
 MIA 20090228  8.30  8.14 99.70 34.90 98.40 277.7
 MIA 20090301  8.24  7.92 97.70 34.60 98.40 282.0
 MIA 20090302  6.79  6.68100.00 34.20 98.40 334.0
 MIA 20090303  6.69  6.59100.00 33.80 98.40 341.0
 MIA 20090304  7.87  5.23 67.70 33.40 98.40 300.8
 MIA 20090305  8.27  8.14100.00 33.00 98.40 291.3
 MIA 20090306  8.60  8.43 99.70 32.60 98.40 284.5
 MIA 20090307  8.98  8.83100.00 32.30 98.40 276.9
 MIA 20090308  9.39  9.23100.00 31.90 98.40 269.4
 MIA 20090309  9.78  9.63100.00 31.50 98.40 262.3
 MIA 20090310  9.94  9.78100.00 31.10 98.40 261.0
 MIA 20090311 10.19 10.02100.00 30.70 98.40 258.0
 MIA 20090312 10.16  9.98 99.80 30.30 98.40 260.6
 MIA 20090313 10.05  9.88 99.90 29.90 98.40 265.2
 MIA 20090314  9.85  9.67 99.80 29.50 98.40 271.8
 MIA 20090315 10.23 10.01 99.40 29.10 98.40 265.4
 MIA 20090316 10.49 10.33100.00 28.70 98.40 261.6
 MIA 20090317 11.01  9.05 83.40 28.30 98.40 253.6
 MIA 20090320  9.66  8.16 85.80 27.10 98.40 288.5
 MIA 20090321  9.32  7.52 81.90 26.70 98.40 298.9
 MIA 20090322  9.25  9.05 99.40 26.30 98.40 302.9
 MIA 20090323  8.67  7.98 93.60 25.90 98.40 321.7
 MIA 20090324  8.99  8.81 99.60 25.50 98.40 314.4
 MIA 20090325 10.19  9.95 99.30 25.10 98.40 285.6
 MIA 20090326 10.33 10.15 99.90 24.70 98.40 284.1
 MIA 20090327 10.25  9.98 98.90 24.30 98.40 287.6
 MIA 20090328 10.65 10.48100.00 23.90 98.40 279.9
 MIA 20090329 11.16 10.50 95.60 23.60 98.40 271.2
 MIA 20090330 10.82 10.65100.00 23.20 98.40 279.4
 MIA 20090331 10.67  9.81 93.30 22.80 98.40 284.5
 MIA 20090401 11.10 10.92100.00 22.40 98.40 276.9
 MIA 20090402 11.22 11.04100.00 22.00 98.40 276.0
 MIA 20090403 11.26 10.95 98.80 21.60 98.40 276.6
 MIA 20090404 11.50  8.63 76.20 21.20 98.40 273.5
 MIA 20090405 11.77 11.47 99.10 20.80 98.40 269.7
 MIA 20090406 11.23 10.67 96.60 20.50 98.40 281.4
 MIA 20090407 10.74 10.44 98.80 20.10 98.40 293.5
 MIA 20090408  9.84  9.68100.00 19.70 98.40 316.6
 MIA 20090409 10.03  9.87100.00 19.30 98.40 313.0
 MIA 20090410 10.52 10.10 97.60 19.00 98.40 302.0
 MIA 20090411 11.15 10.67 97.30 18.60 98.40 289.3
 MIA 20090412 11.35 11.17100.00 18.20 98.40 286.1
 MIA 20090413 11.35 10.96 98.10 17.90 98.40 287.1
 MIA 20090414 11.07 10.89100.00 17.50 98.40 294.2
 MIA 20090415 10.42  9.66 94.20 17.10 98.40 310.3
 MIA 20090416 11.02 10.59 97.70 16.80 98.40 297.4
 MIA 20090417 11.15 10.75 98.00 16.40 98.40 295.5
 MIA 20090418 10.75 10.09 95.40 16.10 98.40 305.7
 MIA 20090419 11.42 11.21 99.70 15.80 98.40 291.8
 MIA 20090420 11.15 10.87 99.00 15.40 98.40 298.4
 MIA 20090421 10.99  9.95 92.00 15.10 98.40 303.0
 MIA 20090422 10.67 10.50100.00 14.70 98.40 311.5
 MIA 20090423 10.77 10.60100.00 14.40 98.40 309.6
 MIA 20090425 11.43 11.25100.00 13.80 98.40 296.1
 MIA 20090426 11.19 11.02100.00 13.50 98.40 301.7
 MIA 20090427 10.55 10.39100.00 13.20 98.40 317.5
 MIA 20090428 11.17 10.99100.00 12.90 98.40 303.7
 MIA 20090429 10.89 10.64 99.30 12.60 98.40 310.8
 MIA 20090430 11.07 10.90100.00 12.30 98.40 307.1
 MIA 20090501 11.59 11.32 99.30 12.00 98.40 296.4
 MIA 20090502 11.22 11.01 99.70 11.70 98.40 304.9
 MIA 20090503 10.76 10.60100.00 11.40 98.40 316.0
 MIA 20090504 10.61 10.28 98.40 11.10 98.40 320.2
 MIA 20090505 11.42 11.24100.00 10.90 98.40 302.0
 MIA 20090506 10.94 10.77100.00 10.60 98.40 313.6
 MIA 20090507 10.70 10.35 98.20 10.40 98.40 319.4
 MIA 20090508 11.33 11.16100.00 10.10 98.40 305.4
 MIA 20090509 11.21 11.03100.00  9.90 98.40 308.7
 MIA 20090510 11.41 11.23100.00  9.60 98.40 304.4
 MIA 20090511 11.36 11.18100.00  9.40 98.40 305.8
 MIA 20090512 10.78 10.61100.00  9.20 98.40 319.2
 MIA 20090513 11.18 11.01100.00  8.90 98.40 310.2
 MIA 20090514 11.25 11.07100.00  8.70 98.40 308.9
 MIA 20090515 11.40 10.93 97.40  8.50 98.40 305.6
 MIA 20090516 11.14 10.89 99.30  8.30 98.40 311.7
 MIA 20090517 10.68 10.50 99.80  8.10 98.40 322.7
 MIA 20090518 11.04 10.11 93.00  7.90 98.40 314.4
 MIA 20090519 10.63  7.83 75.00  7.80 98.40 324.4
 MIA 20090520  9.99  9.77 99.40  7.60 98.40 341.3
 MIA 20090521 11.05 10.37 95.30  7.40 98.40 314.6
 MIA 20090522 11.20 10.42 94.50  7.30 98.40 311.3
 MIA 20090523 11.46 10.38 92.10  7.10 98.40 305.6
 MIA 20090524 11.23 11.00 99.50  7.00 98.40 310.9
 MIA 20090525 11.30 11.10 99.80  6.80 98.40 309.6
 MIA 20090526 11.13 10.93 99.80  6.70 98.40 313.5
 MIA 20090527 10.98 10.62 98.20  6.60 98.40 316.8
 MIA 20090528 11.37 11.11 99.20  6.40 98.40 308.1
 MIA 20090529 11.86  6.03 51.60  6.30 98.40 297.7
 MIA 20090530 12.44  7.47 61.10  6.20 98.40 286.4
 MIA 20090531 12.29  2.63 21.70  6.10 98.40 289.4
 MIA 20090601 11.85 10.51 90.20  6.00 98.40 298.0
 MIA 20090602 11.82 11.54 99.20  5.90 98.40 298.7
 MIA 20090603 11.90 11.50 98.20  5.80 98.40 297.1
 MIA 20090604 11.86 10.55 90.40  5.80 98.40 298.0
 MIA 20090605 11.64 11.12 97.00  5.70 98.40 302.5
 MIA 20090606 11.10  7.23 66.20  5.60 98.40 314.8
 MIA 20090607 11.24  5.08 46.10  5.60 98.40 311.7
 MIA 20090608 10.81 10.50 98.70  5.50 98.40 321.5
 MIA 20090609 11.61 11.41 99.80  5.50 98.40 303.3
 MIA 20090610 10.65 10.49100.00  5.40 98.40 325.5
 MIA 20090611 11.65 11.46 99.90  5.40 98.40 302.4
 MIA 20090612 12.17 11.98100.00  5.30 98.40 292.0
 MIA 20090613 11.94 11.73 99.80  5.30 98.40 296.5
 MIA 20090614 12.16 11.95 99.80  5.30 98.40 292.2
 MIA 20090615 12.50 12.30100.00  5.30 98.40 285.6
 MIA 20090616 12.52 12.33100.00  5.20 98.40 285.1
 MIA 20090617 12.23 12.01 99.80  5.20 98.40 290.8
 MIA 20090618 11.94 11.75100.00  5.20 98.40 296.3
 MIA 20090619 11.67 11.49100.00  5.20 98.40 301.7
 MIA 20090620 11.83 11.64100.00  5.20 98.40 298.5
 MIA 20090621 12.10 11.81 99.10  5.20 98.40 293.1
 MIA 20090622 11.49 11.26 99.60  5.20 98.40 305.8
 MIA 20090623 11.20 10.64 96.50  5.20 98.40 312.2
 MIA 20090624 10.92 10.43 97.00  5.20 98.40 318.5
 MIA 20090625 11.01 10.81 99.70  5.30 98.40 316.4
 MIA 20090626 11.31 11.05 99.20  5.30 98.40 309.6
 MIA 20090627 11.65 11.35 99.00  5.30 98.40 302.0
 MIA 20090628 11.99  5.80 49.20  5.30 98.40 295.0
 MIA 20090629 12.35  7.63 62.80  5.40 98.40 288.0
 MIA 20090630 12.09  9.75 81.80  5.40 98.40 292.9
 MIA 20090701 12.30  9.62 79.50  5.40 98.40 288.7
 MIA 20090702 11.98 11.78 99.90  5.50 98.40 294.9
 MIA 20090703 12.14 11.66 97.50  5.50 98.40 291.7
 MIA 20090704 12.20 11.94 99.50  5.60 98.40 290.5
 MIA 20090705 12.41 11.90 97.40  5.70 98.40 286.3
 MIA 20090706 12.33 12.02 99.00  5.70 98.40 287.7
 MIA 20090707 12.43 12.09 98.80  5.80 98.40 285.7
 MIA 20090709 12.14 11.95100.00  6.00 98.40 291.2
 MIA 20090710 11.79 11.11 95.70  6.10 98.40 297.8
 MIA 20090711 11.50 11.32100.00  6.20 98.40 304.0
 MIA 20090712 11.62 11.44100.00  6.30 98.40 301.0
 MIA 20090713 11.77 11.58100.00  6.40 98.40 297.9
 MIA 20090714 12.06 11.80 99.40  6.50 98.40 292.1
 MIA 20090715 12.18 11.99100.00  6.60 98.40 289.5
 MIA 20090716 11.99 11.80100.00  6.70 98.40 293.1
 MIA 20090717 11.94 11.75100.00  6.90 98.40 294.0
 MIA 20090718 11.57 11.30 99.20  7.00 98.40 301.1
 MIA 20090719 11.67 11.49100.00  7.20 98.40 298.9
 MIA 20090720 11.29 11.03 99.20  7.30 98.40 307.1
 MIA 20090721 11.63 10.90 95.20  7.50 98.40 299.2
 MIA 20090722 11.35 11.17100.00  7.70 98.40 305.4
 MIA 20090723 11.89 11.70100.00  7.80 98.40 293.9
 MIA 20090724 11.92 11.73100.00  8.00 98.40 293.1
 MIA 20090725 12.00 10.68 90.50  8.20 98.40 291.2
 MIA 20090726 12.01 11.72 99.10  8.40 98.40 290.7
 MIA 20090727 12.69 12.10 96.80  8.60 98.40 277.5
 MIA 20090728 12.32 11.65 96.00  8.80 98.40 284.2
 MIA 20090729 12.41 12.13 99.30  9.00 98.40 282.2
 MIA 20090730 12.15 11.80 98.60  9.30 98.40 287.1
 MIA 20090731 12.04 11.82 99.70  9.50 98.40 288.9
 MIA 20090801 11.91 11.73100.00  9.70 98.40 291.1
 MIA 20090802 11.92 11.69 99.70 10.00 98.40 290.7
 MIA 20090803 11.95 11.76100.00 10.20 98.40 289.6
 MIA 20090805 11.91 11.72100.00 10.70 98.40 289.4
 MIA 20090806 11.73 10.97 95.00 11.00 98.40 292.4
 MIA 20090807 11.75 11.53 99.70 11.30 98.40 291.5
 MIA 20090808 12.17 11.98100.00 11.60 98.40 282.6
 MIA 20090809 11.76 11.57100.00 11.80 98.40 290.2
 MIA 20090810 11.93 11.72 99.80 12.10 98.40 286.2
 MIA 20090811 11.44 11.26100.00 12.40 98.40 295.6
 MIA 20090818 11.96 11.76 99.90 14.60 98.40 280.3
 MIA 20090819 12.14 10.89 91.20 14.90 98.40 276.4
 MIA 20090820 11.28 11.11100.00 15.20 98.40 292.7
 MIA 20090821 11.00 10.83100.00 15.60 98.40 297.6
 MIA 20090822 11.18 11.01100.00 15.90 98.40 292.8
 MIA 20090823 11.82 11.61 99.80 16.30 98.40 278.5
 MIA 20090824 11.59 11.37 99.70 16.60 98.40 282.1
 MIA 20090825 11.76 11.58100.00 17.00 98.40 277.6
 MIA 20090826 11.39 11.22100.00 17.30 98.40 284.1
 MIA 20090827 11.26 11.08100.00 17.70 98.40 285.8
 MIA 20090828 11.24 10.94 98.80 18.00 98.40 285.1
 MIA 20090829 11.21 11.03100.00 18.40 98.40 284.7
 MIA 20090830 11.30 11.06 99.50 18.80 98.40 281.6
 MIA 20090831 11.25 10.81 97.60 19.10 98.40 281.3
 MIA 20090901 11.28 11.06 99.60 19.50 98.40 279.7
 MIA 20090902 11.05 10.22 94.00 19.90 98.40 283.4
 MIA 20090903 11.08 10.90100.00 20.30 98.40 281.3
 MIA 20090904 11.02 10.56 97.40 20.60 98.40 281.2
 MIA 20090905 11.14 10.72 97.80 21.00 98.40 277.4
 MIA 20090906 11.04 10.52 96.80 21.40 98.40 277.9
 MIA 20090907 11.37  4.75 42.60 21.80 98.40 270.1
 MIA 20090908 11.10 10.82 99.00 22.20 98.40 273.8
 MIA 20090909 10.44 10.17 98.90 22.60 98.40 286.3
 MIA 20090910 10.79 10.60 99.80 23.00 98.40 277.1
 MIA 20090911 10.72 10.41 98.60 23.40 98.40 277.0
 MIA 20090913 10.92 10.53 98.00 24.10 98.40 270.1
 MIA 20090914 10.60 10.43100.00 24.50 98.40 275.0
 MIA 20090915 10.64 10.47100.00 24.90 98.40 272.6
 MIA 20090916 10.72 10.55100.00 25.30 98.40 269.2
 MIA 20090917 10.59 10.42100.00 25.70 98.40 270.1
 MIA 20090918 10.51 10.28 99.40 26.10 98.40 270.1
 MIA 20090919 10.29  9.92 98.00 26.50 98.40 272.9
 MIA 20090920  9.80  9.62 99.80 26.90 98.40 281.7
 MIA 20090921  9.79  9.29 96.40 27.30 98.40 279.9
 MIA 20090922  9.61  9.46100.00 27.70 98.40 282.2
 MIA 20090923  9.61  9.43 99.70 28.10 98.40 280.1
 MIA 20090924  9.55  9.39100.00 28.50 98.40 279.7
 MIA 20090925  9.76  9.35 97.40 28.90 98.40 273.0
 MIA 20090926  9.66  8.58 90.30 29.30 98.40 273.3
 MIA 20090927  9.73  9.20 96.10 29.70 98.40 269.7
 MIA 20090928  9.60  9.45100.00 30.10 98.40 270.5
 MIA 20090929  9.54  9.28 98.90 30.50 98.40 269.8
 MIA 20090930  9.17  8.39 93.10 30.90 98.40 276.3
 MIA 20091001  8.70  8.54 99.70 31.30 98.40 286.2
 MIA 20091002  8.85  8.71100.00 31.70 98.40 279.4
 MIA 20091003  8.61  8.46 99.80 32.10 98.40 283.6
 MIA 20091004  8.94  8.78 99.90 32.40 98.40 273.0
 MIA 20091005  9.05  8.69 97.60 32.80 98.40 268.0
 MIA 20091006  9.06  8.89 99.70 33.20 98.40 265.3
 MIA 20091007  8.94  8.80100.00 33.60 98.40 265.9
 MIA 20091008  9.08  8.93100.00 34.00 98.40 260.0
 MIA 20091009  9.23  9.07100.00 34.40 98.40 254.7
 MIA 20091010  8.81  8.66100.00 34.70 98.40 262.0
 MIA 20091011  8.76  8.62100.00 35.10 98.40 260.7
 MIA 20091012  8.78  8.64100.00 35.50 98.40 258.0
 MIA 20091013  9.10  8.95100.00 35.90 98.40 248.6
 MIA 20091014  8.94  8.78 99.90 36.20 98.40 249.9
 MIA 20091015  8.36  8.22100.00 36.60 98.40 261.2
 MIA 20091016  8.12  7.99100.00 36.90 98.40 265.3
 MIA 20091017  8.56  7.94 94.30 37.30 98.40 251.7
 MIA 20091018  8.08  7.95100.00 37.70 98.40 261.0
 MIA 20091019  7.71  4.72 62.20 38.00 98.40 269.2
 MIA 20091020  7.89  7.68 99.00 38.40 98.40 261.3
 MIA 20091021  7.87  7.71 99.60 38.70 98.40 259.4
 MIA 20091022  7.61  7.47 99.80 39.00 98.40 264.2
 MIA 20091023  7.45  7.33100.00 39.40 98.40 266.5
 MIA 20091024  7.24  7.04 98.90 39.70 98.40 270.4
 MIA 20091025  7.35  7.21 99.70 40.00 98.40 264.2
 MIA 20091026  7.49  7.37100.00 40.40 98.40 257.5
 MIA 20091027  7.57  7.44100.00 40.70 98.30 253.3
 MIA 20091028  7.54  7.42100.00 41.00 98.30 251.5
 MIA 20091029  7.74  7.62100.00 41.30 98.30 243.6
 MIA 20091030  7.85  7.72100.00 41.60 98.30 238.4
 MIA 20091031  7.13  7.01100.00 41.90 98.30 256.1
 MIA 20091101  6.55  6.44100.00 42.20 98.30 272.3
 MIA 20091102  6.44  6.32 99.80 42.50 98.30 273.6
 MIA 20091103  6.65  6.54100.00 42.80 98.30 263.5
 MIA 20091104  6.69  6.58100.00 43.10 98.30 259.5
 MIA 20091105  6.51  6.35 99.30 43.40 98.30 263.4
 MIA 20091106  6.14  6.01 99.60 43.70 98.30 274.0
 MIA 20091107  6.23  6.08 99.20 43.90 98.30 268.2
 MIA 20091108  6.20  4.75 77.80 44.20 98.30 266.8
 MIA 20091109  6.30  5.45 88.00 44.50 98.30 260.6
 MIA 20091110  6.34  5.70 91.50 44.70 98.30 257.2
 MIA 20091111  6.43  3.98 63.20 45.00 98.30 252.1
 MIA 20091112  6.05  5.34 89.70 45.20 98.30 262.7
 MIA 20091113  5.94  5.82 99.70 45.50 98.30 264.7
 MIA 20091114  5.94  5.83 99.80 45.70 98.30 262.5
 MIA 20091115  5.73  5.37 95.20 45.90 98.30 268.5
 MIA 20091116  5.92  5.67 97.50 46.20 98.30 259.0
 MIA 20091117  6.03  5.87 99.10 46.40 98.30 253.4
 MIA 20091118  6.02  5.92100.00 46.60 98.30 251.9
 MIA 20091119  6.07  5.96 99.90 46.80 98.30 248.3
 MIA 20091120  6.02  5.63 95.10 47.00 98.30 248.0
 MIA 20091121  5.83  5.73 99.80 47.20 98.30 252.8
 MIA 20091122  5.74  5.24 92.90 47.40 98.30 254.6
 MIA 20091123  6.03  5.49 92.60 47.60 98.30 242.2
 MIA 20091124  5.92  5.74 98.60 47.70 98.30 244.5
 MIA 20091125  5.78  5.18 91.10 47.90 98.30 247.9
 MIA 20091126  5.47  2.51 46.30 48.10 98.30 257.7
 MIA 20091127  5.20  5.11100.00 48.20 98.30 267.4
 MIA 20091128  5.15  4.76 93.90 48.40 98.30 267.9
 MIA 20091129  5.07  4.93 98.90 48.50 98.30 270.3
 MIA 20091130  5.37  5.24 99.10 48.60 98.30 255.8
 MIA 20091201  5.33  5.23 99.80 48.80 98.30 256.1
 MIA 20091202  5.36  5.27100.00 48.90 98.30 253.8
 MIA 20091203  5.39  5.28 99.60 49.00 98.30 251.5
 MIA 20091204  5.39  5.14 96.90 49.10 98.30 250.2
 MIA 20091205  5.34  4.74 90.40 49.20 98.30 251.4
 MIA 20091206  5.42  1.73 32.50 49.30 98.30 247.2
 MIA 20091207  5.40  5.31100.00 49.40 98.30 246.8
 MIA 20091208  5.37  5.25 99.50 49.50 98.30 247.1
 MIA 20091209  5.34  5.25100.00 49.60 98.30 247.7
 MIA 20091210  5.45  5.36100.00 49.70 98.30 242.4
 MIA 20091211  5.25  4.84 93.70 49.70 98.30 249.8
 MIA 20091212  5.39  0.65 12.30 49.80 98.30 243.4
 MIA 20091213  5.53  5.44100.00 49.80 98.30 237.8
 MIA 20091214  5.68  5.58100.00 49.90 98.30 232.6
 MIA 20091215  5.67  3.72 66.40 49.90 98.30 232.4
 MIA 20091216  5.61  5.46 99.00 49.90 98.30 234.3
 MIA 20091217  5.39  4.81 90.90 50.00 98.30 241.6
 MIA 20091218  5.69  3.83 68.30 50.00 98.30 231.2
 MIA 20091219  5.39  5.14 97.20 50.00 98.30 241.7
 MIA 20091220  5.34  5.25100.00 50.00 98.30 243.5
 MIA 20091221  5.12  3.49 69.60 50.00 98.30 252.5
 MIA 20091222  5.18  2.25 44.10 50.00 98.30 250.2
 MIA 20091223  4.97  2.68 54.70 49.90 98.30 259.2
 MIA 20091224  5.23  5.13 99.80 49.90 98.30 248.9
 MIA 20091225  5.53  5.39 99.10 49.90 98.30 237.6
 MIA 20091226  5.09  3.96 78.90 49.80 98.30 255.1
 MIA 20091227  4.95  4.86 99.80 49.80 98.30 261.5
 MIA 20091228  4.91  2.63 54.30 49.70 98.30 264.4
 MIA 20091229  5.10  4.33 86.50 49.70 98.30 256.8
 MIA 20091230  5.39  5.28 99.70 49.60 98.30 245.9
 MIA 20091231  5.53  5.19 95.50 49.50 98.30 241.4
 MIA 20100101  5.67  5.53 99.30 49.50 98.30 237.3
