 SFO 20090102  1.97  0.65 34.30 61.00 96.30 323.1
 SFO 20090103  1.88  1.81100.00 60.90 96.30 338.7
 SFO 20090104  1.98  1.91100.00 60.80 96.30 325.0
 SFO 20090105  2.32  0.47 21.10 60.70 96.30 284.1
 SFO 20090106  2.49  1.94 80.80 60.60 96.30 268.4
 SFO 20090107  2.48  2.29 96.30 60.40 96.30 272.0
 SFO 20090108  2.42  1.88 80.70 60.30 96.30 279.3
 SFO 20090109  2.45  2.36100.00 60.20 96.30 278.6
 SFO 20090110  2.70  2.60100.00 60.00 96.30 258.2
 SFO 20090111  2.77  2.67100.00 59.90 96.30 255.0
 SFO 20090112  2.47  2.38100.00 59.70 96.30 284.5
 SFO 20090113  2.35  2.26100.00 59.60 96.30 300.9
 SFO 20090114  2.41  2.32100.00 59.40 96.30 297.0
 SFO 20090115  2.36  2.27100.00 59.20 96.30 306.0
 SFO 20090116  2.41  2.32100.00 59.10 96.30 304.0
 SFO 20090117  2.61  2.51100.00 58.90 96.30 287.0
 SFO 20090118  2.44  2.35100.00 58.70 96.30 308.0
 SFO 20090119  2.53  2.44100.00 58.50 96.30 301.6
 SFO 20090120  3.11  3.00100.00 58.30 96.30 255.3
 SFO 20090121  3.19  1.90 61.60 58.10 96.30 252.9
 SFO 20090122  3.13  1.09 36.00 57.90 96.30 260.2
 SFO 20090123  2.91  0.30 10.70 57.60 96.30 280.8
 SFO 20090124  2.64  1.66 65.10 57.40 96.30 309.9
 SFO 20090125  2.44  1.68 71.50 57.20 96.30 337.0
 SFO 20090126  2.53  2.43 99.60 56.90 96.30 330.6
 SFO 20090127  2.98  2.87100.00 56.70 96.30 289.9
 SFO 20090128  3.16  3.04100.00 56.40 96.30 279.0
 SFO 20090129  3.23  3.11100.00 56.20 96.30 277.0
 SFO 20090130  2.84  2.73100.00 55.90 96.30 314.8
 SFO 20090131  2.80  2.69100.00 55.70 96.30 323.1
 SFO 20090201  3.35  3.23100.00 55.40 96.30 279.3
 SFO 20090202  3.75  3.61100.00 55.10 96.30 257.2
 SFO 20090203  3.69  3.55100.00 54.80 96.30 265.0
 SFO 20090204  2.82  2.51 92.40 54.50 96.30 339.0
 SFO 20090205  2.52  1.69 69.50 54.30 96.30 381.1
 SFO 20090206  3.24  1.36 43.80 54.00 96.30 310.5
 SFO 20090207  3.05  2.91 99.10 53.70 96.30 332.1
 SFO 20090208  3.17  2.65 86.80 53.40 96.30 325.5
 SFO 20090209  2.73  1.82 69.20 53.00 96.30 378.4
 SFO 20090210  3.41  3.29100.00 52.70 96.40 315.0
 SFO 20090211  3.13  2.12 70.10 52.40 96.40 345.3
 SFO 20090212  3.33  2.08 64.70 52.10 96.40 331.7
 SFO 20090213  2.63  1.64 64.70 51.80 96.40 416.4
 SFO 20090214  2.94  1.40 49.20 51.40 96.40 381.7
 SFO 20090215  2.98  0.55 19.20 51.10 96.40 382.6
 SFO 20090216  2.74  1.46 55.10 50.80 96.40 418.9
 SFO 20090217  2.89  1.55 55.50 50.40 96.40 405.1
 SFO 20090218  3.36  3.09 95.40 50.10 96.40 359.1
 SFO 20090219  3.58  3.40 98.40 49.70 96.40 344.8
 SFO 20090220  3.61  3.27 94.10 49.40 96.40 348.1
 SFO 20090221  4.08  2.48 62.90 49.00 96.40 318.0
 SFO 20090222  4.09  0.55 13.80 48.70 96.40 321.9
 SFO 20090223  4.18  1.13 27.90 48.30 96.40 320.9
 SFO 20090224  4.24  2.40 58.60 47.90 96.40 321.3
 SFO 20090225  4.20  3.63 89.40 47.60 96.40 328.9
 SFO 20090226  4.58  4.21 95.30 47.20 96.40 310.3
 SFO 20090227  4.90  4.45 94.10 46.80 96.40 296.7
 SFO 20090228  5.56  3.84 71.60 46.40 96.40 271.1
 SFO 20090301  5.84  1.30 23.00 46.10 96.40 263.3
 SFO 20090302  5.06  2.96 61.00 45.70 96.20 301.5
 SFO 20090303  4.89  3.80 80.80 45.30 96.20 314.4
 SFO 20090304  4.12  3.54 89.40 44.90 96.20 369.3
 SFO 20090305  4.49  4.30 99.50 44.50 96.20 347.2
 SFO 20090306  4.31  3.55 85.70 44.10 96.20 365.1
 SFO 20090307  4.44  4.27100.00 43.80 96.20 360.8
 SFO 20090308  4.75  4.56 99.90 43.40 96.20 344.9
 SFO 20090309  4.67  4.49 99.90 43.00 96.20 354.6
 SFO 20090310  5.13  4.94100.00 42.60 96.20 331.5
 SFO 20090311  4.82  4.64100.00 42.20 96.20 354.2
 SFO 20090312  5.16  4.96100.00 41.80 96.20 338.5
 SFO 20090313  5.66  5.45100.00 41.40 96.20 317.0
 SFO 20090314  5.20  4.90 97.90 41.00 96.20 344.9
 SFO 20090315  5.62  2.29 42.20 40.60 96.30 326.7
 SFO 20090316  5.77  1.89 34.00 40.20 96.30 323.3
 SFO 20090317  5.93  5.46 95.70 39.80 96.30 320.0
 SFO 20090320  7.39  7.10 99.70 38.60 96.30 275.7
 SFO 20090321  5.82  4.81 86.00 38.20 96.30 340.4
 SFO 20090322  5.34  4.50 87.30 37.80 96.30 370.3
 SFO 20090323  6.16  5.93100.00 37.40 96.30 332.0
 SFO 20090324  5.91  5.69100.00 37.00 96.30 347.1
 SFO 20090325  5.91  5.66 99.50 36.50 96.30 350.9
 SFO 20090326  6.68  6.40 99.60 36.10 96.30 319.8
 SFO 20090327  6.96  6.71100.00 35.70 96.30 312.3
 SFO 20090328  7.20  6.93100.00 35.30 96.30 306.7
 SFO 20090329  6.59  6.34100.00 34.90 96.30 333.7
 SFO 20090330  6.94  6.68100.00 34.50 96.30 322.4
 SFO 20090331  6.76  6.31 97.00 34.10 96.30 332.7
 SFO 20090401  6.59  6.31 99.50 33.80 96.30 343.1
 SFO 20090402  6.94  6.69100.00 33.40 96.30 331.4
 SFO 20090403  6.93  6.68100.00 33.00 96.30 334.7
 SFO 20090404  7.17  6.91100.00 32.60 96.30 328.4
 SFO 20090405  7.79  7.51100.00 32.20 96.30 309.1
 SFO 20090406  7.18  6.84 98.90 31.80 96.30 333.6
 SFO 20090407  5.67  1.45 26.50 31.40 96.30 410.3
 SFO 20090408  6.04  5.45 93.60 31.00 96.30 392.1
 SFO 20090409  6.40  1.99 32.20 30.60 96.30 376.2
 SFO 20090410  6.14  5.71 96.60 30.30 96.30 393.1
 SFO 20090411  7.70  7.35 99.10 29.90 96.30 327.7
 SFO 20090412  8.25  7.94 99.80 29.50 96.30 311.6
 SFO 20090413  8.52  7.10 86.50 29.10 96.30 305.5
 SFO 20090414  6.39  5.42 88.00 28.80 96.30 390.8
 SFO 20090415  7.15  6.88 99.90 28.40 96.30 358.2
 SFO 20090416  8.16  7.86100.00 28.00 96.40 323.1
 SFO 20090417  8.63  8.32100.00 27.70 96.40 310.6
 SFO 20090418  8.62  8.30100.00 27.30 96.40 312.9
 SFO 20090419  8.85  8.53100.00 26.90 96.40 308.1
 SFO 20090420  9.18  8.85100.00 26.60 96.40 300.3
 SFO 20090421  9.09  8.09 92.40 26.20 96.40 305.0
 SFO 20090422  9.11  8.78100.00 25.90 96.40 306.2
 SFO 20090423  9.14  8.16 92.60 25.60 96.40 307.1
 SFO 20090425  7.26  7.00100.00 24.90 96.40 375.5
 SFO 20090426  7.31  7.05100.00 24.60 96.40 375.2
 SFO 20090427  7.68  7.40100.00 24.20 96.40 361.7
 SFO 20090428  8.09  7.79100.00 23.90 96.40 348.4
 SFO 20090429  8.78  8.46 99.90 23.60 96.40 326.8
 SFO 20090430  9.22  8.80 99.00 23.30 96.40 315.3
 SFO 20090501  8.40  2.66 32.90 23.00 96.40 342.1
 SFO 20090502  9.19  5.11 57.80 22.70 96.20 318.9
 SFO 20090503  9.16  2.52 28.60 22.40 96.20 320.8
 SFO 20090504 10.26  5.63 57.10 22.10 96.20 293.9
 SFO 20090505 10.59  9.55 93.70 21.80 96.20 287.3
 SFO 20090506 10.72  7.73 75.00 21.50 96.20 285.7
 SFO 20090507 10.84 10.42100.00 21.20 96.20 284.0
 SFO 20090508 10.74 10.33100.00 20.90 96.20 287.3
 SFO 20090509  9.79  9.41 99.90 20.70 96.20 311.0
 SFO 20090510  9.97  9.59100.00 20.40 96.20 307.5
 SFO 20090511  9.79  9.39 99.70 20.10 96.20 313.1
 SFO 20090512 10.09  9.65 99.40 19.90 96.20 306.4
 SFO 20090513  9.57  9.20100.00 19.60 96.20 320.6
 SFO 20090514  9.24  8.88 99.90 19.40 96.20 331.1
 SFO 20090515  9.57  9.20 99.90 19.20 96.20 322.4
 SFO 20090516  9.71  9.34100.00 18.90 96.20 319.1
 SFO 20090517  9.59  9.23100.00 18.70 96.20 323.1
 SFO 20090518  9.43  8.79 96.90 18.50 96.20 328.7
 SFO 20090519  9.58  9.21100.00 18.30 96.20 325.2
 SFO 20090520  9.13  8.71 99.10 18.10 96.20 338.7
 SFO 20090521  9.31  8.96100.00 17.90 96.20 334.1
 SFO 20090522  9.42  9.04 99.80 17.70 96.20 331.8
 SFO 20090523  9.54  9.17100.00 17.50 96.20 328.9
 SFO 20090524  9.03  8.68100.00 17.30 96.20 344.7
 SFO 20090525  9.21  8.86100.00 17.10 96.20 339.5
 SFO 20090526  9.61  9.24 99.90 16.90 96.20 328.5
 SFO 20090527  9.68  9.31 99.90 16.80 96.20 327.1
 SFO 20090528  9.65  9.26 99.80 16.60 96.20 328.4
 SFO 20090529  9.27  8.82 98.90 16.50 96.20 339.8
 SFO 20090530  9.44  9.07 99.90 16.30 96.20 335.5
 SFO 20090531  9.93  9.47 99.10 16.20 96.20 322.1
 SFO 20090601  9.51  7.83 85.60 16.00 96.20 334.1
 SFO 20090602  9.11  7.19 82.10 15.90 96.20 346.8
 SFO 20090603  8.54  6.95 84.60 15.80 96.20 366.1
 SFO 20090604  8.52  7.55 92.20 15.70 96.20 367.3
 SFO 20090605  8.94  3.61 42.00 15.60 96.20 353.2
 SFO 20090606  9.48  7.50 82.20 15.50 96.20 336.7
 SFO 20090607  9.23  8.87 99.90 15.40 96.20 344.6
 SFO 20090608  9.04  8.70100.00 15.30 96.20 350.9
 SFO 20090609  9.50  9.02 98.70 15.20 96.20 337.0
 SFO 20090610  8.68  7.96 95.40 15.10 96.20 363.0
 SFO 20090611  8.57  8.14 98.60 15.10 96.20 367.1
 SFO 20090612  8.44  7.02 86.50 15.00 96.20 372.1
 SFO 20090613  8.24  7.59 95.80 14.90 96.20 379.6
 SFO 20090614  8.62  8.29100.00 14.90 96.20 366.0
 SFO 20090615  9.14  5.23 59.60 14.90 96.20 348.7
 SFO 20090616  9.88  9.50 99.90 14.80 96.20 327.1
 SFO 20090617 10.33  9.93100.00 14.80 96.20 315.5
 SFO 20090618 10.95 10.53100.00 14.80 96.20 300.5
 SFO 20090619  9.66  9.29100.00 14.80 96.20 333.3
 SFO 20090620  9.63  9.26100.00 14.80 96.20 334.2
 SFO 20090621  9.77  9.40100.00 14.80 96.20 330.2
 SFO 20090622  9.19  8.84100.00 14.80 96.20 346.9
 SFO 20090623  9.46  9.10100.00 14.80 96.20 338.6
 SFO 20090624 10.45 10.06100.00 14.80 96.20 312.1
 SFO 20090625  9.45  9.04 99.40 14.80 96.20 338.7
 SFO 20090626 10.45 10.05100.00 14.90 96.20 312.0
 SFO 20090627 10.86 10.45100.00 14.90 96.20 301.9
 SFO 20090628 11.03 10.61100.00 15.00 96.20 298.0
 SFO 20090629 10.92 10.50 99.90 15.00 96.20 300.2
 SFO 20090630 11.60 10.94 98.00 15.10 96.20 285.7
 SFO 20090701 10.88 10.47100.00 15.20 96.20 300.7
 SFO 20090702 10.20  9.82100.00 15.20 96.20 316.8
 SFO 20090703 10.26  9.87100.00 15.30 96.20 315.1
 SFO 20090704 10.81 10.40100.00 15.40 96.20 301.5
 SFO 20090705 10.65 10.24100.00 15.50 96.20 305.0
 SFO 20090706 10.87 10.46100.00 15.60 96.20 299.3
 SFO 20090707 11.37 10.94100.00 15.70 96.20 288.5
 SFO 20090709 10.12  9.74100.00 16.00 96.20 316.3
 SFO 20090710 10.72 10.23 99.20 16.10 96.20 301.1
 SFO 20090711 10.75  9.02 87.20 16.20 96.20 300.0
 SFO 20090712 10.04  9.65100.00 16.40 96.20 317.1
 SFO 20090713 10.48 10.08100.00 16.50 96.20 305.7
 SFO 20090714 10.58 10.17100.00 16.70 96.20 302.7
 SFO 20090715 11.08 10.66100.00 16.80 96.20 291.0
 SFO 20090716 11.17 10.74100.00 17.00 96.20 288.6
 SFO 20090717 11.09 10.67100.00 17.20 96.20 289.7
 SFO 20090718 11.03 10.61100.00 17.40 96.20 290.4
 SFO 20090719 10.94 10.46 99.40 17.60 96.20 291.8
 SFO 20090720 10.78 10.36100.00 17.80 96.20 294.7
 SFO 20090721 10.53 10.13100.00 18.00 96.20 299.4
 SFO 20090722 10.47  9.83 97.60 18.20 96.20 300.1
 SFO 20090723 10.41 10.00 99.80 18.40 96.20 300.9
 SFO 20090724 10.41 10.01100.00 18.60 96.20 300.1
 SFO 20090725 10.49 10.09100.00 18.80 96.20 297.8
 SFO 20090726 10.60 10.19100.00 19.00 96.20 294.6
 SFO 20090727 10.58 10.11 99.30 19.30 96.20 294.2
 SFO 20090728 10.47 10.07100.00 19.50 96.20 295.9
 SFO 20090729 10.24  9.83 99.90 19.80 96.20 300.4
 SFO 20090730 10.23  9.83 99.90 20.00 96.20 299.7
 SFO 20090731  9.96  9.50 99.30 20.30 96.20 305.7
 SFO 20090801  9.87  9.48 99.90 20.50 96.20 306.8
 SFO 20090802  9.56  9.19100.00 20.80 96.20 313.8
 SFO 20090803  9.87  9.47 99.80 21.10 96.20 304.4
 SFO 20090805  9.26  8.88 99.70 21.60 96.20 318.0
 SFO 20090806  8.63  7.24 87.30 21.90 96.20 336.1
 SFO 20090807  8.81  8.46 99.90 22.20 96.20 329.1
 SFO 20090808  9.01  8.66100.00 22.50 96.20 321.3
 SFO 20090809  8.87  8.53100.00 22.80 96.20 324.2
 SFO 20090810  9.19  8.83100.00 23.10 96.20 313.7
 SFO 20090811  9.44  9.08100.00 23.40 96.20 305.3
 SFO 20090818  9.16  8.80100.00 25.70 96.10 302.0
 SFO 20090819  9.10  8.74 99.90 26.10 96.10 301.9
 SFO 20090820  8.83  8.49100.00 26.40 96.10 307.8
 SFO 20090821  8.80  8.46100.00 26.80 96.10 306.7
 SFO 20090822  9.11  6.25 71.40 27.10 96.10 296.1
 SFO 20090823  8.68  8.35100.00 27.50 96.10 306.1
 SFO 20090824  8.78  8.44100.00 27.80 96.10 301.1
 SFO 20090825  9.06  8.71100.00 28.20 96.10 291.8
 SFO 20090826  9.50  9.14100.00 28.60 96.10 278.4
 SFO 20090827  9.46  9.09100.00 28.90 96.10 277.7
 SFO 20090828  9.56  7.00 76.20 29.30 96.10 273.5
 SFO 20090829  9.21  8.85100.00 29.70 96.10 279.7
 SFO 20090830  8.69  8.36100.00 30.10 96.10 291.5
 SFO 20090831  8.20  7.89100.00 30.40 96.10 303.2
 SFO 20090901  8.28  7.96100.00 30.80 96.10 298.4
 SFO 20090902  8.46  7.68 94.30 31.20 96.30 291.1
 SFO 20090903  8.54  8.23100.00 31.60 96.30 286.3
 SFO 20090904  8.47  7.51 92.00 32.00 96.30 285.7
 SFO 20090905  8.54  7.75 94.20 32.40 96.30 281.2
 SFO 20090906  8.18  7.88100.00 32.80 96.30 289.2
 SFO 20090907  7.68  7.40100.00 33.20 96.30 301.6
 SFO 20090908  7.73  7.44100.00 33.60 96.30 297.5
 SFO 20090909  7.69  7.41100.00 33.90 96.30 295.9
 SFO 20090910  8.00  7.69 99.80 34.30 96.30 283.9
 SFO 20090911  7.78  7.49100.00 34.70 96.30 287.9
 SFO 20090913  7.40  6.25 87.70 35.50 96.30 294.1
 SFO 20090914  7.16  6.88 99.80 35.90 96.30 298.9
 SFO 20090915  7.34  7.07100.00 36.30 96.30 290.2
 SFO 20090916  7.96  7.67100.00 36.70 96.30 268.6
 SFO 20090917  7.92  7.61 99.80 37.20 96.30 266.8
 SFO 20090918  7.58  7.30100.00 37.60 96.30 273.8
 SFO 20090919  7.19  6.69 96.60 38.00 96.30 282.6
 SFO 20090920  7.16  6.89100.00 38.40 96.30 280.4
 SFO 20090921  7.16  6.89100.00 38.80 96.30 277.4
 SFO 20090922  6.91  6.65100.00 39.20 96.30 282.4
 SFO 20090923  6.66  6.42100.00 39.60 96.30 287.9
 SFO 20090924  6.59  6.35100.00 40.00 96.30 287.0
 SFO 20090925  6.68  6.43100.00 40.40 96.30 280.2
 SFO 20090926  6.66  6.41100.00 40.80 96.30 277.9
 SFO 20090927  6.66  6.41100.00 41.20 96.20 274.7
 SFO 20090928  6.37  4.77 77.80 41.60 96.20 281.2
 SFO 20090929  5.24  5.04100.00 42.00 96.20 327.5
 SFO 20090930  5.78  5.56100.00 42.40 96.20 297.4
 SFO 20091001  5.88  5.66100.00 42.80 96.20 289.8
 SFO 20091002  5.52  5.32100.00 43.20 96.20 301.0
 SFO 20091003  5.11  4.92100.00 43.60 96.20 317.0
 SFO 20091004  4.59  4.42 99.90 43.90 96.20 342.6
 SFO 20091005  4.85  4.67100.00 44.30 96.20 322.5
 SFO 20091006  4.74  4.57100.00 44.70 96.20 324.4
 SFO 20091007  4.99  4.81100.00 45.10 96.20 306.4
 SFO 20091008  5.61  5.40100.00 45.50 96.20 274.2
 SFO 20091009  5.60  5.39100.00 45.90 96.20 270.9
 SFO 20091010  4.97  4.78100.00 46.30 96.20 295.4
 SFO 20091011  5.07  4.88100.00 46.60 96.20 286.7
 SFO 20091012  4.27  2.98 72.40 47.00 96.20 326.6
 SFO 20091013  4.22  0.22  5.40 47.40 96.20 325.4
 SFO 20091014  4.54  3.59 82.00 47.80 96.20 301.3
 SFO 20091015  4.88  4.69100.00 48.10 96.20 279.4
 SFO 20091016  4.98  4.77 99.60 48.50 96.20 270.7
 SFO 20091017  5.27  4.28 84.50 48.80 96.20 254.7
 SFO 20091018  4.62  4.44 99.90 49.20 96.20 279.6
 SFO 20091019  4.16  0.89 22.20 49.60 96.20 301.6
 SFO 20091020  4.64  4.46 99.90 49.90 96.20 270.8
 SFO 20091021  4.68  4.40 97.90 50.30 96.20 265.1
 SFO 20091022  4.75  4.54 99.50 50.60 96.10 258.0
 SFO 20091023  4.70  4.50 99.60 50.90 96.10 256.7
 SFO 20091024  4.71  4.47 98.70 51.30 96.10 252.9
 SFO 20091025  4.58  4.38 99.60 51.60 96.10 255.0
 SFO 20091026  4.28  4.12100.00 51.90 96.10 265.8
 SFO 20091027  3.87  3.59 96.60 52.30 96.10 285.7
 SFO 20091028  3.67  3.53100.00 52.60 96.10 294.2
 SFO 20091029  3.65  3.51100.00 52.90 96.10 291.4
 SFO 20091030  3.74  3.60100.00 53.20 96.10 281.0
 SFO 20091031  3.92  3.77100.00 53.50 96.10 266.3
 SFO 20091101  4.11  3.95100.00 53.80 96.10 252.2
 SFO 20091102  4.13  3.98100.00 54.10 96.30 247.2
 SFO 20091103  4.05  3.90100.00 54.40 96.30 247.8
 SFO 20091104  3.91  3.77100.00 54.70 96.30 251.4
 SFO 20091105  3.55  2.30 67.20 55.00 96.30 268.7
 SFO 20091106  3.48  2.39 71.20 55.30 96.30 269.9
 SFO 20091107  3.14  3.03100.00 55.50 96.30 290.7
 SFO 20091108  2.97  2.87100.00 55.80 96.30 300.6
 SFO 20091109  3.01  2.30 79.20 56.10 96.30 294.0
 SFO 20091110  3.01  2.53 87.20 56.30 96.30 290.1
 SFO 20091111  3.01  2.29 79.00 56.60 96.30 286.5
 SFO 20091112  2.58  2.48 99.80 56.80 96.30 323.6
 SFO 20091113  2.58  2.48 99.70 57.10 96.30 318.9
 SFO 20091114  2.76  2.66100.00 57.30 96.30 296.8
 SFO 20091115  2.79  2.68100.00 57.50 96.30 290.9
 SFO 20091116  3.01  2.90100.00 57.70 96.30 268.4
 SFO 20091117  2.93  2.74 97.10 58.00 96.30 271.7
 SFO 20091118  2.79  2.68100.00 58.20 96.30 279.9
 SFO 20091119  2.71  2.61 99.80 58.40 96.30 283.3
 SFO 20091120  2.46  0.22  9.50 58.60 96.30 305.0
 SFO 20091121  2.50  2.41 99.80 58.80 96.30 296.9
 SFO 20091122  2.55  1.11 45.10 59.00 96.30 289.1
 SFO 20091123  2.59  2.50100.00 59.20 96.30 281.1
 SFO 20091124  2.64  2.53 99.40 59.30 96.30 274.1
 SFO 20091125  2.69  2.59100.00 59.50 96.30 266.8
 SFO 20091126  2.65  2.45 96.00 59.70 96.30 267.8
 SFO 20091127  2.18  1.78 85.10 59.80 96.30 315.2
 SFO 20091128  2.21  2.13100.00 60.00 96.30 307.4
 SFO 20091129  2.37  2.28100.00 60.10 96.30 286.8
 SFO 20091130  2.39  2.30100.00 60.30 96.30 282.5
 SFO 20091201  2.31  2.22 99.80 60.40 96.30 289.1
 SFO 20091202  2.09  2.01100.00 60.50 96.30 314.1
 SFO 20091203  2.23  2.14100.00 60.60 96.30 294.1
 SFO 20091204  2.11  2.03100.00 60.70 96.30 306.9
 SFO 20091205  1.97  1.90100.00 60.80 96.30 324.2
 SFO 20091206  1.97  1.89100.00 60.90 96.30 323.2
 SFO 20091207  1.57  1.00 62.90 61.00 96.30 398.0
 SFO 20091208  2.16  2.08100.00 61.10 96.30 293.4
 SFO 20091209  2.22  1.90 89.00 61.20 96.30 285.3
 SFO 20091210  2.13  0.36 17.70 61.30 96.30 294.9
 SFO 20091211  2.22  0.80 37.10 61.30 96.30 283.1
 SFO 20091212  1.96  0.77 40.40 61.40 96.30 314.8
 SFO 20091213  1.82  1.31 74.40 61.40 96.20 336.0
 SFO 20091214  2.03  1.68 86.00 61.50 96.20 303.5
 SFO 20091215  2.30  1.36 61.60 61.50 96.20 271.6
 SFO 20091216  2.19  0.43 20.70 61.50 96.20 283.0
 SFO 20091217  2.14  2.02 98.50 61.60 96.20 288.9
 SFO 20091218  2.19  2.08 98.90 61.60 96.20 282.0
 SFO 20091219  2.17  2.08 99.90 61.60 96.20 284.7
 SFO 20091220  2.01  0.94 48.30 61.60 96.20 304.3
 SFO 20091221  1.96  1.10 58.50 61.60 96.20 311.5
 SFO 20091222  2.08  1.99 99.70 61.60 96.20 296.4
 SFO 20091223  2.23  2.14100.00 61.60 96.20 278.6
 SFO 20091224  2.08  2.00100.00 61.50 96.20 296.8
 SFO 20091225  2.22  2.14100.00 61.50 96.20 280.3
 SFO 20091226  2.26  1.49 68.80 61.50 96.20 277.1
 SFO 20091227  2.03  1.79 91.30 61.40 96.30 306.3
 SFO 20091228  1.81  1.62 92.90 61.40 96.30 340.8
 SFO 20091229  2.03  1.77 90.50 61.30 96.30 308.7
 SFO 20091230  2.09  1.54 76.30 61.20 96.30 301.0
 SFO 20091231  2.26  0.79 36.30 61.20 96.30 281.6
 SFO 20100101  2.16  0.74 35.40 61.10 96.30 295.3
