 ATL 20040101  3.50  3.31  0.60  0.34  0.07 228.9
 ATL 20040102  3.36  1.44  0.00  0.05  0.20 238.6
 ATL 20040103  3.33  1.65  0.03  0.09  0.26 242.2
 ATL 20040104  3.63  2.18  0.00  0.32  0.24 226.1
 ATL 20040105  3.68  1.37  0.00  0.00  0.14 224.8
 ATL 20040106  3.39  2.67  0.26  0.36  0.21 242.8
 ATL 20040107  2.91  2.74  0.59  0.35  0.06 279.2
 ATL 20040108  2.94  2.24  0.37  0.23  0.15 278.6
 ATL 20040109  2.98  1.28  0.00  0.07  0.18 276.7
 ATL 20040110  2.75  1.79  0.24  0.19  0.15 298.7
 ATL 20040111  3.04  2.68  0.50  0.32  0.10 275.7
 ATL 20040112  3.25  2.82  0.52  0.27  0.11 263.2
 ATL 20040113  3.10  2.12  0.23  0.20  0.23 276.0
 ATL 20040114  2.92  1.92  0.14  0.27  0.22 294.0
 ATL 20040115  3.01  2.72  0.67  0.20  0.05 289.2
 ATL 20040116  3.15  2.40  0.26  0.31  0.22 280.2
 ATL 20040117  3.27  1.77  0.11  0.11  0.21 273.2
 ATL 20040118  3.24  1.34  0.00  0.01  0.22 278.1
 ATL 20040119  3.08  2.74  0.66  0.19  0.04 294.2
 ATL 20040120  3.21  2.86  0.58  0.27  0.06 285.9
 ATL 20040121  3.56  2.69  0.20  0.38  0.21 264.2
 ATL 20040122  3.57  2.76  0.16  0.44  0.23 266.7
 ATL 20040123  3.20  3.00  0.60  0.31  0.09 297.3
 ATL 20040124  3.42  2.27  0.30  0.16  0.13 283.6
 ATL 20040125  3.94  1.40  0.01  0.00  0.08 253.4
 ATL 20040126  4.03  1.68  0.00  0.09  0.12 251.2
 ATL 20040127  3.76  2.66  0.12  0.38  0.22 270.3
 ATL 20040128  2.99  2.91  0.79  0.21  0.00 334.0
 ATL 20040129  3.13  2.76  0.59  0.26  0.04 324.7
 ATL 20040130  3.01  2.00  0.14  0.27  0.24 339.7
 ATL 20040131  3.45  3.13  0.52  0.34  0.10 303.7
 ATL 20040201  3.97  2.58  0.16  0.27  0.17 273.0
 ATL 20040202  3.97  1.65  0.00  0.05  0.17 276.3
 ATL 20040203  3.91  2.94  0.31  0.28  0.16 284.6
 ATL 20040204  4.30  3.33  0.19  0.42  0.21 265.3
 ATL 20040205  4.56  1.57  0.00  0.00  0.07 255.4
 ATL 20040206  4.90  1.85  0.00  0.00  0.15 243.9
 ATL 20040207  4.41  2.93  0.04  0.39  0.23 269.6
 ATL 20040208  4.43  4.02  0.53  0.36  0.06 272.0
 ATL 20040209  4.67  3.38  0.18  0.33  0.23 263.4
 ATL 20040210  4.41  1.39  0.00  0.00  0.00 280.6
 ATL 20040211  4.32  2.53  0.05  0.27  0.19 288.9
 ATL 20040212  4.74  2.02  0.02  0.06  0.15 270.5
 ATL 20040213  5.16  4.00  0.28  0.35  0.16 254.9
 ATL 20040214  4.84  1.63  0.00  0.00  0.05 272.9
 ATL 20040215  4.26  1.74  0.00  0.06  0.14 308.9
 ATL 20040216  4.68  2.83  0.00  0.33  0.24 288.7
 ATL 20040217  4.31  1.74  0.00  0.04  0.16 314.4
 ATL 20040218  3.88  3.82  0.85  0.16  0.00 348.0
 ATL 20040219  5.08  4.72  0.55  0.36  0.08 279.2
 ATL 20040220  5.10  3.75  0.28  0.27  0.18 282.0
 ATL 20040221  4.70  4.35  0.57  0.33  0.08 306.4
 ATL 20040222  5.01  4.23  0.46  0.31  0.09 293.8
 ATL 20040223  5.02  3.37  0.06  0.35  0.27 297.0
 ATL 20040224  5.19  1.89  0.03  0.00  0.07 292.8
 ATL 20040225  4.97  2.00  0.00  0.10  0.07 307.3
 ATL 20040226  4.49  1.48  0.02  0.00  0.00 340.2
 ATL 20040227  4.60  2.46  0.18  0.07  0.14 337.5
 ATL 20040228  5.31  5.12  0.71  0.29  0.00 301.9
 ATL 20040301  6.20  3.50  0.00  0.23  0.28 271.2
 ATL 20040302  5.90  3.11  0.00  0.16  0.29 286.2
 ATL 20040303  6.33  3.73  0.00  0.26  0.30 272.8
 ATL 20040304  6.42  4.73  0.06  0.45  0.29 272.7
 ATL 20040305  6.74  3.46  0.00  0.17  0.24 265.4
 ATL 20040306  7.35  5.15  0.13  0.32  0.27 249.5
 ATL 20040307  6.65  5.49  0.35  0.35  0.17 274.3
 ATL 20040308  5.35  5.03  0.65  0.27  0.07 334.4
 ATL 20040309  5.18  2.08  0.12  0.00  0.01 347.4
 ATL 20040310  4.71  3.90  0.44  0.29  0.11 381.9
 ATL 20040311  6.15  4.80  0.28  0.37  0.15 306.8
 ATL 20040312  6.19  5.89  0.66  0.30  0.04 308.7
 ATL 20040313  6.48  5.43  0.25  0.46  0.21 299.6
 ATL 20040314  6.75  3.74  0.00  0.22  0.27 293.2
 ATL 20040315  6.83  3.82  0.03  0.25  0.19 293.3
 ATL 20040316  6.80  3.09  0.02  0.06  0.22 297.0
 ATL 20040317  5.12  4.07  0.35  0.29  0.18 382.9
 ATL 20040318  6.89  4.40  0.24  0.17  0.15 299.7
 ATL 20040319  6.70  6.33  0.64  0.28  0.08 310.3
 ATL 20040320  6.52  4.32  0.25  0.15  0.22 320.6
 ATL 20040321  6.92  6.43  0.62  0.28  0.08 308.2
 ATL 20040322  7.14  5.80  0.47  0.21  0.14 302.8
 ATL 20040323  6.89  6.40  0.58  0.31  0.10 315.0
 ATL 20040324  7.43  6.00  0.34  0.33  0.17 298.0
 ATL 20040325  7.25  5.05  0.16  0.30  0.24 307.0
 ATL 20040326  7.05  5.29  0.20  0.36  0.22 317.3
 ATL 20040327  7.37  4.98  0.07  0.34  0.28 308.4
 ATL 20040328  7.61  5.35  0.10  0.36  0.27 302.7
 ATL 20040329  7.34  4.35  0.08  0.22  0.23 314.9
 ATL 20040330  7.38  4.96  0.14  0.31  0.20 316.3
 ATL 20040331  6.43  4.15  0.15  0.26  0.19 358.1
 ATL 20040401  6.12  4.38  0.32  0.21  0.15 375.6
 ATL 20040402  6.24  4.48  0.18  0.30  0.26 372.7
 ATL 20040403  6.97  5.86  0.30  0.49  0.09 341.9
 ATL 20040404  6.82  6.37  0.52  0.46  0.00 350.6
 ATL 20040405  7.08  6.56  0.55  0.41  0.00 342.2
 ATL 20040406  7.26  6.03  0.28  0.56  0.00 337.6
 ATL 20040407  7.91  5.81  0.18  0.32  0.27 316.3
 ATL 20040408  7.74  4.41  0.11  0.14  0.24 324.0
 ATL 20040409  7.77  7.03  0.65  0.23  0.04 325.2
 ATL 20040410  8.04  6.70  0.23  0.49  0.19 318.5
 ATL 20040411  8.87  4.27  0.02  0.00  0.37 295.1
 ATL 20040412  8.63  4.53  0.00  0.00  0.51 303.6
 ATL 20040413  7.20  4.62  0.00  0.25  0.44 355.8
 ATL 20040414  6.80  5.64  0.23  0.52  0.14 375.5
 ATL 20040415  7.60  7.08  0.50  0.48  0.00 343.7
 ATL 20040416  7.60  6.74  0.30  0.58  0.08 345.5
 ATL 20040417  8.21  7.22  0.28  0.58  0.09 325.0
 ATL 20040418  8.60  7.87  0.35  0.59  0.05 314.8
 ATL 20040419  9.08  8.48  0.60  0.33  0.05 302.2
 ATL 20040420  9.24  6.13  0.07  0.37  0.21 299.5
 ATL 20040421  8.73  6.26  0.14  0.40  0.18 315.5
 ATL 20040422  9.03  4.89  0.00  0.12  0.38 308.2
 ATL 20040423  9.32  6.66  0.05  0.41  0.31 301.2
 ATL 20040424  9.40  6.98  0.05  0.45  0.32 300.1
 ATL 20040425  9.70  5.96  0.00  0.31  0.29 294.1
 ATL 20040426  9.83  4.23  0.00  0.00  0.28 292.1
 ATL 20040427  8.16  7.54  0.33  0.65  0.02 342.6
 ATL 20040428  8.21  7.42  0.31  0.61  0.06 342.1
 ATL 20040429  9.06  7.86  0.38  0.41  0.14 316.5
 ATL 20040430  9.43  5.18  0.01  0.08  0.44 307.2
 ATL 20040501  9.77  5.84  0.00  0.16  0.46 298.8
 ATL 20040502 10.24  4.75  0.00  0.00  0.36 288.7
 ATL 20040503  8.44  7.09  0.18  0.56  0.19 340.1
 ATL 20040504  8.44  7.70  0.32  0.62  0.05 340.9
 ATL 20040505  8.69  6.72  0.10  0.46  0.30 333.8
 ATL 20040506  9.09  8.27  0.27  0.66  0.07 322.4
 ATL 20040507  9.27  8.42  0.25  0.68  0.07 318.0
 ATL 20040508  9.05  8.25  0.25  0.70  0.05 325.1
 ATL 20040509  9.38  8.24  0.22  0.60  0.16 316.9
 ATL 20040510  9.18  6.85  0.03  0.48  0.32 323.2
 ATL 20040511  9.49  7.03  0.00  0.45  0.40 315.2
 ATL 20040512  9.76  6.07  0.01  0.19  0.46 308.5
 ATL 20040513 10.23  6.30  0.01  0.18  0.46 297.1
 ATL 20040514  9.91  6.36  0.00  0.23  0.47 305.6
 ATL 20040515  9.44  6.85  0.00  0.43  0.39 318.9
 ATL 20040516  9.54  5.38  0.00  0.08  0.49 316.7
 ATL 20040517  9.92  6.12  0.02  0.17  0.46 307.1
 ATL 20040518 10.16  7.15  0.01  0.36  0.42 301.4
 ATL 20040519  9.78  6.00  0.02  0.15  0.48 312.0
 ATL 20040520  9.67  7.69  0.03  0.55  0.34 315.5
 ATL 20040521  9.37  7.36  0.03  0.54  0.33 323.9
 ATL 20040522  9.93  7.62  0.02  0.50  0.36 309.6
 ATL 20040523  9.98  8.34  0.06  0.65  0.25 308.6
 ATL 20040524  9.95  8.29  0.06  0.63  0.27 309.6
 ATL 20040525  9.63  8.18  0.08  0.65  0.25 318.6
 ATL 20040526 10.76  7.70  0.03  0.47  0.26 290.8
 ATL 20040527 11.06  8.25  0.02  0.54  0.25 284.6
 ATL 20040528 10.99  6.10  0.00  0.13  0.40 286.6
 ATL 20040529 10.47  7.96  0.01  0.50  0.36 298.3
 ATL 20040530 10.45  8.14  0.01  0.54  0.35 299.2
 ATL 20040531 10.98  5.89  0.00  0.02  0.51 287.5
 ATL 20040601  9.75  7.50  0.17  0.40  0.26 317.5
 ATL 20040602  9.63  6.72  0.00  0.39  0.38 320.9
 ATL 20040603  9.43  7.92  0.17  0.55  0.22 326.7
 ATL 20040604  9.45  6.73  0.02  0.37  0.41 326.4
 ATL 20040605  9.78  8.14  0.11  0.62  0.20 317.4
 ATL 20040606 10.29  8.11  0.06  0.56  0.26 304.2
 ATL 20040607 10.14  7.46  0.03  0.42  0.38 308.2
 ATL 20040608  9.67  6.88  0.04  0.36  0.39 320.7
 ATL 20040609 10.01  7.29  0.03  0.40  0.39 312.0
 ATL 20040610 10.86  8.60  0.04  0.54  0.33 291.7
 ATL 20040611 10.59  8.46  0.01  0.58  0.34 297.4
 ATL 20040612 10.43  8.54  0.02  0.61  0.33 301.3
 ATL 20040613 10.41  7.33  0.00  0.38  0.41 301.8
 ATL 20040614 10.85  7.22  0.00  0.27  0.47 291.9
 ATL 20040615 11.04  7.14  0.00  0.23  0.48 287.8
 ATL 20040616 11.32  8.20  0.00  0.40  0.43 281.9
 ATL 20040617 11.66  8.71  0.00  0.46  0.40 274.6
 ATL 20040618 11.81  9.22  0.00  0.54  0.37 272.1
 ATL 20040619 11.26  8.64  0.00  0.51  0.38 283.4
 ATL 20040620 10.49  7.76  0.00  0.44  0.41 299.9
 ATL 20040621 10.42  6.43  0.00  0.20  0.45 301.5
 ATL 20040622 10.37  7.43  0.00  0.40  0.41 302.8
 ATL 20040623 11.01  7.25  0.00  0.28  0.44 288.3
 ATL 20040624 10.92  6.05  0.00  0.12  0.41 290.2
 ATL 20040625 11.03  5.49  0.00  0.13  0.26 287.8
 ATL 20040626 11.61  7.58  0.00  0.27  0.44 275.4
 ATL 20040627 10.75  5.91  0.00  0.12  0.40 293.8
 ATL 20040628 10.93  6.18  0.00  0.14  0.41 289.6
 ATL 20040629 10.56  7.34  0.03  0.33  0.41 297.8
 ATL 20040630 10.94  6.02  0.01  0.11  0.40 289.2
 ATL 20040701 10.60  6.24  0.01  0.19  0.38 296.4
 ATL 20040702 10.42  6.09  0.00  0.18  0.40 300.4
 ATL 20040703 10.36  7.72  0.00  0.45  0.41 301.4
 ATL 20040704  9.99  7.73  0.00  0.52  0.38 310.8
 ATL 20040705  9.85  7.88  0.00  0.58  0.36 314.4
 ATL 20040706  9.81  8.09  0.00  0.63  0.35 315.2
 ATL 20040707 10.01  7.74  0.00  0.52  0.38 309.7
 ATL 20040708 10.08  8.33  0.02  0.63  0.32 307.5
 ATL 20040709 10.00  8.35  0.01  0.65  0.33 309.4
 ATL 20040710 10.13  8.52  0.01  0.66  0.33 305.7
 ATL 20040711 10.04  8.25  0.01  0.62  0.34 307.6
 ATL 20040712 10.50  8.67  0.02  0.63  0.32 296.1
 ATL 20040713 10.53  8.58  0.03  0.60  0.32 295.0
 ATL 20040714 10.07  8.73  0.18  0.57  0.24 305.8
 ATL 20040715 10.42  9.00  0.10  0.68  0.21 296.7
 ATL 20040716  9.60  8.35  0.20  0.58  0.20 317.5
 ATL 20040717 10.52  7.33  0.05  0.33  0.38 293.9
 ATL 20040718  9.94  7.59  0.03  0.51  0.32 307.7
 ATL 20040719  9.08  7.77  0.09  0.67  0.22 331.3
 ATL 20040720  9.63  8.62  0.22  0.65  0.13 314.9
 ATL 20040721 10.25  9.24  0.21  0.68  0.12 298.1
 ATL 20040722 10.34  8.92  0.08  0.68  0.24 295.5
 ATL 20040723 10.32  8.78  0.04  0.67  0.29 295.4
 ATL 20040724 10.01  8.03  0.01  0.58  0.35 302.3
 ATL 20040725 10.29  7.97  0.00  0.53  0.37 295.0
 ATL 20040726 10.40  6.50  0.00  0.20  0.47 292.0
 ATL 20040727 10.36  5.65  0.00  0.07  0.46 292.2
 ATL 20040728 10.11  8.04  0.09  0.53  0.27 297.4
 ATL 20040729 10.54  7.41  0.03  0.37  0.37 287.0
 ATL 20040730 10.49  7.43  0.00  0.38  0.42 287.4
 ATL 20040731 10.45  7.59  0.00  0.41  0.42 287.4
 ATL 20040801 10.63  8.13  0.01  0.50  0.37 282.5
 ATL 20040802  9.69  7.62  0.03  0.55  0.32 304.2
 ATL 20040803  9.49  8.32  0.17  0.62  0.21 308.7
 ATL 20040804  9.74  8.57  0.11  0.73  0.16 300.7
 ATL 20040805  9.94  7.95  0.05  0.55  0.32 295.2
 ATL 20040806  9.63  9.04  0.52  0.44  0.04 302.0
 ATL 20040807  9.26  8.77  0.62  0.33  0.05 311.5
 ATL 20040808  9.39  8.45  0.24  0.65  0.11 306.8
 ATL 20040809  9.59  8.12  0.10  0.65  0.21 299.9
 ATL 20040810  9.58  5.44  0.00  0.18  0.36 299.0
 ATL 20040811  9.42  5.79  0.00  0.19  0.46 301.9
 ATL 20040812  9.60  4.68  0.00  0.00  0.42 296.4
 ATL 20040813  8.99  6.47  0.00  0.42  0.39 311.9
 ATL 20040814  9.36  6.64  0.00  0.41  0.38 300.1
 ATL 20040815  9.13  7.46  0.07  0.62  0.23 305.1
 ATL 20040816  9.20  6.98  0.08  0.50  0.24 302.0
 ATL 20040817  9.25  6.59  0.02  0.42  0.34 299.0
 ATL 20040818  8.96  7.41  0.08  0.61  0.25 306.2
 ATL 20040819  9.13  7.54  0.07  0.62  0.25 299.6
 ATL 20040820  9.43  7.48  0.01  0.57  0.34 290.5
 ATL 20040821  9.63  5.07  0.00  0.01  0.50 284.0
 ATL 20040822 10.06  6.64  0.02  0.28  0.41 272.3
 ATL 20040823  9.49  7.02  0.04  0.43  0.36 284.5
 ATL 20040824  9.07  6.03  0.05  0.26  0.40 293.5
 ATL 20040825  9.28  6.22  0.05  0.27  0.40 286.6
 ATL 20040826  9.42  6.92  0.02  0.43  0.38 281.3
 ATL 20040827  9.16  7.04  0.02  0.51  0.35 286.6
 ATL 20040828  8.92  6.80  0.02  0.50  0.35 291.4
 ATL 20040829  9.12  7.14  0.03  0.53  0.34 284.1
 ATL 20040830  9.27  6.76  0.03  0.43  0.35 278.1
 ATL 20040831  8.89  5.78  0.02  0.27  0.40 286.2
 ATL 20040901  8.90  6.65  0.04  0.45  0.35 284.0
 ATL 20040902  9.02  5.43  0.02  0.18  0.41 278.5
 ATL 20040903  8.91  6.40  0.00  0.41  0.40 279.5
 ATL 20040904  8.76  7.25  0.06  0.60  0.30 281.8
 ATL 20040905  8.45  6.61  0.05  0.52  0.32 288.3
 ATL 20040906  8.51  6.27  0.05  0.44  0.32 284.6
 ATL 20040907  9.11  3.29  0.03  0.00  0.06 266.8
 ATL 20040908  8.68  3.48  0.01  0.00  0.19 275.2
 ATL 20040909  7.81  5.80  0.07  0.47  0.26 298.2
 ATL 20040910  7.71  6.40  0.11  0.63  0.18 298.9
 ATL 20040911  7.82  5.84  0.11  0.43  0.26 293.3
 ATL 20040912  8.24  6.10  0.05  0.46  0.30 278.1
 ATL 20040913  7.82  4.52  0.00  0.19  0.37 288.3
 ATL 20040914  7.91  5.06  0.04  0.25  0.37 283.0
 ATL 20040915  8.11  5.58  0.01  0.34  0.41 274.8
 ATL 20040916  8.53  4.31  0.00  0.00  0.46 261.3
 ATL 20040917  8.02  3.50  0.02  0.00  0.26 272.3
 ATL 20040918  7.16  6.46  0.43  0.46  0.07 296.5
 ATL 20040919  7.18  6.64  0.64  0.27  0.05 293.3
 ATL 20040920  7.19  6.56  0.67  0.22  0.04 290.1
 ATL 20040921  6.83  5.82  0.25  0.54  0.13 299.2
 ATL 20040922  7.14  5.88  0.23  0.53  0.11 286.1
 ATL 20040923  6.84  5.77  0.13  0.66  0.14 293.5
 ATL 20040924  7.09  6.13  0.14  0.69  0.13 281.7
 ATL 20040925  7.12  5.91  0.12  0.62  0.18 277.7
 ATL 20040926  7.01  6.01  0.12  0.66  0.19 278.5
 ATL 20040927  6.91  4.54  0.04  0.25  0.41 278.7
 ATL 20040928  6.68  3.51  0.04  0.01  0.43 284.0
 ATL 20040929  6.72  3.82  0.00  0.18  0.36 279.4
 ATL 20040930  6.72  5.59  0.15  0.61  0.15 276.3
 ATL 20041001  6.52  5.66  0.18  0.67  0.10 280.1
 ATL 20041002  6.61  4.57  0.13  0.29  0.29 273.5
 ATL 20041003  6.51  4.87  0.13  0.41  0.26 274.2
 ATL 20041004  6.28  5.77  0.47  0.40  0.13 279.2
 ATL 20041005  6.10  4.56  0.16  0.38  0.25 282.9
 ATL 20041006  6.04  4.91  0.30  0.38  0.18 281.9
 ATL 20041007  6.06  4.56  0.16  0.39  0.25 277.5
 ATL 20041008  5.98  5.39  0.53  0.32  0.10 277.1
 ATL 20041009  6.13  2.98  0.00  0.13  0.23 268.7
 ATL 20041010  6.01  3.65  0.05  0.26  0.26 269.9
 ATL 20041011  5.76  3.53  0.12  0.23  0.20 276.0
 ATL 20041012  5.61  2.85  0.00  0.16  0.24 279.0
 ATL 20041013  5.34  2.72  0.01  0.16  0.23 287.7
 ATL 20041014  5.19  3.34  0.00  0.36  0.29 291.0
 ATL 20041015  4.54  3.45  0.29  0.30  0.18 321.8
 ATL 20041016  4.91  3.00  0.23  0.10  0.20 297.0
 ATL 20041017  4.93  4.00  0.31  0.36  0.19 292.4
 ATL 20041018  5.29  3.14  0.00  0.26  0.31 271.7
 ATL 20041019  5.19  3.30  0.05  0.26  0.33 272.6
 ATL 20041020  5.07  3.26  0.21  0.17  0.21 274.9
 ATL 20041021  4.99  3.32  0.25  0.19  0.17 274.8
 ATL 20041022  4.84  3.37  0.29  0.22  0.14 278.9
 ATL 20041023  5.03  2.78  0.01  0.22  0.25 266.4
 ATL 20041024  4.72  3.14  0.21  0.23  0.18 277.2
 ATL 20041025  4.66  3.77  0.21  0.43  0.25 276.4
 ATL 20041026  4.71  3.57  0.22  0.32  0.26 270.1
 ATL 20041027  4.64  3.13  0.10  0.26  0.34 269.7
 ATL 20041028  4.62  2.65  0.16  0.10  0.22 267.8
 ATL 20041029  4.54  2.58  0.15  0.12  0.20 268.7
 ATL 20041030  4.51  2.97  0.04  0.31  0.33 267.2
 ATL 20041031  4.55  3.11  0.06  0.35  0.30 261.7
 ATL 20041101  4.75  3.62  0.13  0.42  0.28 248.8
 ATL 20041102  4.60  2.82  0.06  0.25  0.27 252.2
 ATL 20041103  4.84  2.45  0.04  0.12  0.23 239.3
 ATL 20041104  4.83  2.43  0.00  0.14  0.26 236.5
 ATL 20041105  4.21  4.07  0.75  0.24  0.01 262.5
 ATL 20041106  4.11  4.00  0.82  0.18  0.00 264.3
 ATL 20041107  3.77  3.55  0.72  0.21  0.04 281.3
 ATL 20041108  3.80  3.53  0.54  0.34  0.12 276.0
 ATL 20041109  3.90  3.74  0.73  0.24  0.03 267.5
 ATL 20041110  3.93  3.34  0.35  0.40  0.16 262.7
 ATL 20041111  3.75  1.70  0.00  0.13  0.15 269.8
 ATL 20041112  3.53  1.38  0.02  0.00  0.15 281.0
 ATL 20041113  3.59  2.61  0.11  0.41  0.24 273.8
 ATL 20041114  3.53  3.12  0.43  0.39  0.12 274.0
 ATL 20041115  3.54  3.33  0.56  0.38  0.06 270.4
 ATL 20041116  3.56  2.84  0.39  0.26  0.17 266.4
 ATL 20041117  3.46  2.62  0.49  0.09  0.14 270.0
 ATL 20041118  3.39  2.35  0.28  0.19  0.19 272.9
 ATL 20041119  3.33  2.01  0.12  0.19  0.24 274.6
 ATL 20041120  3.45  1.69  0.03  0.10  0.23 263.7
 ATL 20041121  3.66  1.34  0.00  0.03  0.08 247.7
 ATL 20041122  3.66  1.62  0.02  0.08  0.16 245.4
 ATL 20041123  3.45  1.81  0.00  0.17  0.27 255.7
 ATL 20041124  3.40  1.33  0.00  0.06  0.10 256.7
 ATL 20041125  2.91  2.07  0.15  0.35  0.22 291.2
 ATL 20041126  2.98  2.58  0.44  0.35  0.12 282.5
 ATL 20041127  3.07  1.61  0.00  0.18  0.25 272.9
 ATL 20041128  3.27  2.74  0.40  0.33  0.15 257.4
 ATL 20041129  3.34  2.60  0.17  0.43  0.24 250.2
 ATL 20041130  3.47  1.87  0.00  0.20  0.26 241.0
 ATL 20041201  3.16  2.78  0.48  0.34  0.10 259.7
 ATL 20041202  3.30  2.54  0.17  0.43  0.22 248.0
 ATL 20041203  3.22  2.77  0.53  0.27  0.07 252.0
 ATL 20041204  2.87  2.64  0.64  0.26  0.05 277.3
 ATL 20041205  2.89  1.75  0.01  0.31  0.25 273.2
 ATL 20041206  3.09  1.36  0.00  0.05  0.23 255.6
 ATL 20041207  3.13  1.58  0.00  0.14  0.26 251.9
 ATL 20041208  2.97  2.61  0.47  0.36  0.09 263.7
 ATL 20041209  3.07  1.13  0.00  0.00  0.13 254.9
 ATL 20041210  2.65  1.66  0.00  0.34  0.28 289.3
 ATL 20041211  2.39  1.12  0.18  0.00  0.08 316.7
 ATL 20041212  2.89  2.07  0.29  0.20  0.22 266.5
 ATL 20041213  3.05  2.54  0.48  0.24  0.13 252.5
 ATL 20041214  2.85  2.31  0.38  0.33  0.11 267.9
 ATL 20041215  2.63  2.50  0.74  0.23  0.00 286.8
 ATL 20041216  2.67  2.40  0.47  0.40  0.08 282.2
 ATL 20041217  2.72  2.17  0.36  0.32  0.13 277.4
 ATL 20041218  2.41  1.86  0.23  0.38  0.20 309.7
 ATL 20041219  2.10  1.33  0.19  0.20  0.17 350.5
 ATL 20041220  2.25  2.09  0.65  0.25  0.07 330.0
 ATL 20041221  2.53  2.13  0.50  0.25  0.11 296.7
 ATL 20041223  2.58  1.19  0.00  0.10  0.21 291.9
 ATL 20041224  2.42  1.69  0.00  0.45  0.29 309.1
 ATL 20041225  2.20  1.74  0.23  0.40  0.21 338.1
 ATL 20041226  2.11  1.91  0.62  0.25  0.06 350.7
 ATL 20041227  2.36  2.20  0.76  0.17  0.01 317.5
 ATL 20041228  2.55  2.28  0.59  0.27  0.05 296.1
 ATL 20041229  2.61  2.06  0.27  0.36  0.20 290.6
 ATL 20041230  2.64  2.11  0.25  0.41  0.19 288.5
 ATL 20041231  2.67  1.86  0.08  0.35  0.30 285.1
