 BDL 20040101  1.25  1.01  0.24  0.39  0.24 326.2
 BDL 20040102  1.29  0.67  0.07  0.12  0.21 320.6
 BDL 20040103  1.39  0.63  0.02  0.09  0.18 301.0
 BDL 20040104  1.51  0.53  0.00  0.02  0.05 281.0
 BDL 20040105  1.58  0.50  0.00  0.00  0.01 272.2
 BDL 20040106  1.50  1.12  0.08  0.38  0.37 287.0
 BDL 20040107  1.06  0.84  0.16  0.33  0.43 408.2
 BDL 20040108  1.09  0.93  0.21  0.44  0.34 398.5
 BDL 20040109  1.22  1.10  0.35  0.47  0.18 358.6
 BDL 20040110  1.15  1.03  0.36  0.44  0.19 384.6
 BDL 20040111  1.20  0.90  0.27  0.26  0.25 371.0
 BDL 20040112  1.37  0.60  0.01  0.07  0.19 332.4
 BDL 20040113  1.34  0.85  0.05  0.26  0.33 342.6
 BDL 20040114  1.39  1.11  0.25  0.40  0.21 337.0
 BDL 20040115  1.27  0.88  0.10  0.28  0.36 372.5
 BDL 20040116  1.14  0.81  0.21  0.20  0.33 418.4
 BDL 20040117  1.38  1.25  0.47  0.37  0.14 352.9
 BDL 20040118  1.46  0.59  0.02  0.05  0.11 339.1
 BDL 20040119  1.36  0.96  0.10  0.26  0.42 365.7
 BDL 20040120  1.33  1.14  0.25  0.41  0.33 378.4
 BDL 20040121  1.39  1.22  0.27  0.46  0.27 367.6
 BDL 20040122  1.45  0.90  0.03  0.26  0.32 359.7
 BDL 20040123  1.35  0.97  0.08  0.31  0.41 391.9
 BDL 20040124  1.37  0.94  0.05  0.31  0.39 394.8
 BDL 20040125  1.44  1.34  0.54  0.39  0.06 382.2
 BDL 20040126  1.86  1.33  0.25  0.30  0.14 305.5
 BDL 20040127  1.92  1.10  0.16  0.17  0.12 300.5
 BDL 20040128  1.54  0.61  0.05  0.00  0.11 375.4
 BDL 20040129  1.30  0.99  0.07  0.35  0.48 450.8
 BDL 20040130  1.31  1.00  0.09  0.39  0.39 454.9
 BDL 20040131  1.41  0.92  0.15  0.19  0.31 430.5
 BDL 20040201  1.63  1.37  0.29  0.35  0.30 381.2
 BDL 20040202  2.05  1.85  0.58  0.32  0.02 312.8
 BDL 20040203  2.22  1.33  0.04  0.29  0.22 296.3
 BDL 20040204  2.07  1.89  0.45  0.38  0.18 321.6
 BDL 20040205  2.03  1.87  0.60  0.34  0.01 333.7
 BDL 20040206  2.45  0.79  0.00  0.00  0.02 286.3
 BDL 20040207  2.36  1.27  0.00  0.10  0.40 301.2
 BDL 20040208  1.71  1.55  0.41  0.40  0.19 411.9
 BDL 20040209  2.12  1.70  0.12  0.51  0.26 342.2
 BDL 20040210  1.96  1.37  0.05  0.36  0.34 373.7
 BDL 20040211  1.91  1.56  0.19  0.39  0.35 391.7
 BDL 20040212  2.15  1.38  0.02  0.29  0.35 357.5
 BDL 20040213  2.11  1.89  0.32  0.45  0.24 370.0
 BDL 20040214  2.26  1.85  0.19  0.45  0.27 354.3
 BDL 20040215  2.16  1.95  0.43  0.39  0.17 375.8
 BDL 20040216  2.69  2.55  0.57  0.41  0.02 314.4
 BDL 20040217  2.67  2.25  0.28  0.47  0.16 321.4
 BDL 20040218  2.29  1.36  0.13  0.18  0.21 375.2
 BDL 20040219  2.12  1.82  0.25  0.41  0.33 412.0
 BDL 20040220  2.53  1.47  0.04  0.26  0.21 355.2
 BDL 20040221  2.33  1.19  0.00  0.11  0.32 390.2
 BDL 20040222  2.45  1.56  0.12  0.19  0.32 379.9
 BDL 20040223  2.61  2.26  0.28  0.44  0.26 365.8
 BDL 20040224  2.80  2.27  0.31  0.36  0.19 349.2
 BDL 20040225  2.46  2.27  0.50  0.37  0.13 399.7
 BDL 20040226  2.97  2.86  0.67  0.33  0.00 342.5
 BDL 20040227  3.13  3.00  0.59  0.41  0.01 332.1
 BDL 20040228  2.86  2.55  0.34  0.44  0.22 366.9
 BDL 20040301  3.32  2.30  0.14  0.36  0.18 330.9
 BDL 20040302  3.59  1.69  0.00  0.10  0.24 315.4
 BDL 20040303  3.42  2.68  0.21  0.38  0.26 334.4
 BDL 20040304  3.29  1.54  0.05  0.09  0.16 351.8
 BDL 20040305  3.66  1.44  0.00  0.04  0.13 325.1
 BDL 20040306  4.29  1.51  0.00  0.00  0.09 288.6
 BDL 20040307  3.54  2.48  0.19  0.28  0.23 346.2
 BDL 20040308  3.08  1.49  0.18  0.08  0.00 397.1
 BDL 20040309  3.04  1.95  0.18  0.24  0.16 409.1
 BDL 20040310  3.02  2.36  0.23  0.35  0.26 418.1
 BDL 20040311  3.26  2.75  0.38  0.39  0.11 395.4
 BDL 20040312  2.95  1.55  0.00  0.07  0.41 440.9
 BDL 20040313  3.08  2.65  0.26  0.38  0.36 430.0
 BDL 20040314  4.00  3.42  0.27  0.49  0.18 346.0
 BDL 20040315  3.71  3.13  0.27  0.41  0.26 374.1
 BDL 20040316  4.15  1.98  0.00  0.18  0.14 344.5
 BDL 20040317  3.71  1.64  0.00  0.04  0.25 385.2
 BDL 20040318  3.23  1.72  0.14  0.06  0.21 443.5
 BDL 20040319  3.87  2.14  0.17  0.09  0.17 382.0
 BDL 20040320  4.67  2.75  0.10  0.24  0.16 328.7
 BDL 20040321  4.27  2.76  0.00  0.25  0.45 360.0
 BDL 20040322  3.10  2.86  0.51  0.36  0.13 485.8
 BDL 20040323  3.35  2.95  0.32  0.42  0.26 459.4
 BDL 20040324  3.99  3.15  0.20  0.42  0.23 397.5
 BDL 20040325  4.33  1.80  0.09  0.03  0.05 373.9
 BDL 20040326  4.78  3.55  0.22  0.33  0.21 347.2
 BDL 20040327  4.95  2.86  0.11  0.18  0.20 341.5
 BDL 20040328  4.60  3.13  0.33  0.18  0.09 368.5
 BDL 20040329  4.84  4.46  0.58  0.37  0.00 356.8
 BDL 20040330  5.11  4.32  0.37  0.43  0.07 344.0
 BDL 20040331  5.62  1.81  0.01  0.00  0.00 320.8
 BDL 20040401  5.22  1.75  0.01  0.00  0.03 345.6
 BDL 20040402  4.94  2.27  0.00  0.00  0.35 366.6
 BDL 20040403  4.92  2.97  0.00  0.24  0.36 371.3
 BDL 20040404  4.71  1.81  0.01  0.00  0.15 390.2
 BDL 20040405  4.12  2.60  0.13  0.27  0.17 443.0
 BDL 20040406  4.09  3.58  0.23  0.52  0.25 451.2
 BDL 20040407  4.63  3.63  0.13  0.40  0.36 408.0
 BDL 20040408  5.30  4.14  0.18  0.46  0.19 366.8
 BDL 20040409  5.21  4.08  0.11  0.38  0.42 375.2
 BDL 20040410  5.46  4.71  0.13  0.60  0.27 364.4
 BDL 20040411  5.66  3.06  0.06  0.21  0.15 356.0
 BDL 20040412  6.46  2.59  0.00  0.09  0.08 321.0
 BDL 20040413  6.72  2.21  0.00  0.00  0.03 313.4
 BDL 20040414  7.48  3.73  0.05  0.15  0.15 288.9
 BDL 20040415  5.81  4.76  0.15  0.46  0.33 360.3
 BDL 20040416  5.97  5.60  0.46  0.52  0.02 354.4
 BDL 20040417  5.88  5.15  0.19  0.58  0.23 362.3
 BDL 20040418  6.23  4.66  0.12  0.52  0.12 347.5
 BDL 20040419  6.98  6.14  0.15  0.67  0.18 318.5
 BDL 20040420  6.41  5.79  0.48  0.44  0.02 344.7
 BDL 20040421  7.24  3.95  0.00  0.24  0.22 313.4
 BDL 20040422  7.11  4.68  0.00  0.37  0.31 320.0
 BDL 20040423  6.97  2.40  0.00  0.00  0.07 327.2
 BDL 20040424  5.98  5.26  0.21  0.57  0.22 375.1
 BDL 20040425  7.39  6.15  0.33  0.49  0.02 315.9
 BDL 20040426  7.68  3.20  0.00  0.06  0.16 307.7
 BDL 20040427  6.80  5.28  0.07  0.48  0.33 343.1
 BDL 20040428  5.08  4.33  0.13  0.54  0.33 443.8
 BDL 20040429  6.48  4.47  0.07  0.43  0.19 362.1
 BDL 20040430  7.52  6.27  0.12  0.54  0.30 320.7
 BDL 20040501  7.66  5.41  0.05  0.41  0.29 317.7
 BDL 20040502  7.77  3.81  0.04  0.14  0.16 315.4
 BDL 20040503  8.13  3.36  0.05  0.11  0.00 305.0
 BDL 20040504  6.30  5.39  0.16  0.51  0.33 379.9
 BDL 20040505  6.71  3.07  0.04  0.12  0.11 361.9
 BDL 20040506  6.80  5.74  0.20  0.50  0.25 359.6
 BDL 20040507  7.43  6.51  0.18  0.65  0.15 335.5
 BDL 20040508  7.27  6.54  0.42  0.46  0.08 343.1
 BDL 20040509  7.36  3.77  0.00  0.19  0.21 341.3
 BDL 20040510  8.01  4.78  0.00  0.30  0.26 319.1
 BDL 20040511  8.54  7.03  0.12  0.55  0.26 303.2
 BDL 20040512  8.41  4.47  0.01  0.19  0.24 308.5
 BDL 20040513  8.36  5.47  0.00  0.40  0.26 311.1
 BDL 20040514  8.58  6.86  0.07  0.54  0.30 305.4
 BDL 20040515  8.37  6.07  0.04  0.44  0.31 313.0
 BDL 20040516  8.42  4.37  0.03  0.18  0.19 312.4
 BDL 20040517  8.18  7.05  0.21  0.64  0.08 320.7
 BDL 20040518  8.30  5.09  0.00  0.25  0.37 318.1
 BDL 20040519  8.11  6.17  0.14  0.49  0.16 325.2
 BDL 20040520  7.57  6.68  0.24  0.64  0.08 345.9
 BDL 20040521  7.96  5.95  0.02  0.53  0.27 332.5
 BDL 20040522  8.28  4.11  0.00  0.19  0.17 322.0
 BDL 20040523  8.40  4.81  0.00  0.28  0.23 319.2
 BDL 20040524  8.53  4.62  0.00  0.22  0.24 315.8
 BDL 20040525  7.39  6.09  0.13  0.59  0.19 357.0
 BDL 20040526  8.01  5.18  0.00  0.33  0.34 334.2
 BDL 20040527  7.49  6.48  0.17  0.60  0.21 354.3
 BDL 20040528  7.51  4.23  0.00  0.20  0.32 354.4
 BDL 20040529  7.28  6.44  0.24  0.53  0.24 364.6
 BDL 20040530  7.56  6.74  0.26  0.57  0.17 354.0
 BDL 20040531  7.45  5.70  0.09  0.57  0.14 358.6
 BDL 20040601  7.49  4.64  0.00  0.24  0.40 357.7
 BDL 20040602  7.39  5.11  0.08  0.32  0.33 362.0
 BDL 20040603  7.05  5.67  0.06  0.44  0.47 377.1
 BDL 20040604  7.44  6.85  0.31  0.64  0.06 361.0
 BDL 20040605  7.94  4.48  0.04  0.31  0.10 342.1
 BDL 20040606  8.18  3.79  0.01  0.08  0.23 334.1
 BDL 20040607  8.28  6.83  0.10  0.62  0.20 331.2
 BDL 20040608  8.61  7.67  0.18  0.69  0.13 320.7
 BDL 20040609  8.50  7.22  0.11  0.60  0.27 324.2
 BDL 20040610  9.10  5.36  0.06  0.28  0.17 306.7
 BDL 20040611  8.69  7.78  0.23  0.61  0.17 319.0
 BDL 20040612  8.20  7.21  0.22  0.58  0.19 335.0
 BDL 20040613  8.36  7.58  0.25  0.67  0.08 329.4
 BDL 20040614  8.44  3.94  0.05  0.16  0.06 326.9
 BDL 20040615  8.48  6.98  0.07  0.61  0.26 325.8
 BDL 20040616  8.98  7.45  0.09  0.69  0.13 311.2
 BDL 20040617  9.17  4.51  0.00  0.14  0.23 305.6
 BDL 20040618  9.49  6.40  0.02  0.39  0.29 297.1
 BDL 20040619  9.44  6.14  0.00  0.33  0.35 298.4
 BDL 20040620  7.94  6.97  0.21  0.57  0.22 344.9
 BDL 20040621  7.60  6.79  0.25  0.59  0.16 357.5
 BDL 20040622  8.63  4.45  0.06  0.21  0.09 321.1
 BDL 20040623  8.57  7.62  0.21  0.63  0.16 322.7
 BDL 20040624  8.31  7.42  0.20  0.67  0.13 331.4
 BDL 20040625  8.62  5.30  0.09  0.29  0.17 321.2
 BDL 20040626  8.72  7.02  0.12  0.50  0.29 318.1
 BDL 20040627  7.72  6.74  0.17  0.60  0.23 352.0
 BDL 20040628  8.33  5.87  0.02  0.42  0.32 330.0
 BDL 20040629  7.43  6.26  0.06  0.64  0.28 363.4
 BDL 20040630  7.57  6.56  0.11  0.65  0.24 356.8
 BDL 20040701  7.62  6.14  0.11  0.51  0.29 354.3
 BDL 20040702  7.88  6.06  0.05  0.46  0.37 344.1
 BDL 20040703  7.78  6.84  0.18  0.62  0.20 347.5
 BDL 20040704  8.66  7.69  0.17  0.71  0.11 317.3
 BDL 20040705  8.98  5.35  0.00  0.27  0.30 307.4
 BDL 20040706  8.52  6.74  0.08  0.50  0.32 320.7
 BDL 20040707  8.57  6.98  0.08  0.64  0.18 319.0
 BDL 20040708  8.74  5.42  0.01  0.30  0.30 313.3
 BDL 20040709  7.88  5.82  0.00  0.39  0.48 341.2
 BDL 20040710  8.44  7.32  0.11  0.66  0.23 321.3
 BDL 20040711  8.34  6.59  0.03  0.60  0.26 323.8
 BDL 20040712  8.66  6.01  0.00  0.42  0.33 313.5
 BDL 20040713  8.73  3.26  0.00  0.00  0.14 310.5
 BDL 20040714  8.46  5.64  0.00  0.35  0.36 317.9
 BDL 20040715  7.79  4.57  0.00  0.17  0.42 339.9
 BDL 20040716  7.89  5.37  0.00  0.36  0.38 335.8
 BDL 20040717  8.31  5.47  0.00  0.32  0.38 320.4
 BDL 20040718  8.51  5.54  0.00  0.35  0.32 313.6
 BDL 20040719  8.83  5.93  0.00  0.33  0.40 303.4
 BDL 20040720  8.32  6.11  0.00  0.43  0.41 317.7
 BDL 20040721  7.96  6.21  0.07  0.47  0.35 328.3
 BDL 20040722  8.20  6.81  0.11  0.61  0.21 319.7
 BDL 20040723  8.61  6.15  0.07  0.40  0.29 305.9
 BDL 20040724  8.84  4.69  0.03  0.18  0.22 298.0
 BDL 20040725  8.83  5.65  0.00  0.34  0.31 297.3
 BDL 20040726  8.97  5.48  0.01  0.32  0.25 292.8
 BDL 20040727  9.07  3.76  0.00  0.10  0.10 289.1
 BDL 20040728  8.73  3.56  0.00  0.08  0.11 297.2
 BDL 20040729  8.09  5.93  0.00  0.45  0.38 315.9
 BDL 20040730  8.27  6.43  0.03  0.55  0.30 308.8
 BDL 20040731  8.52  6.43  0.05  0.50  0.28 299.3
 BDL 20040801  8.51  5.51  0.00  0.33  0.34 298.2
 BDL 20040802  7.88  5.70  0.04  0.43  0.32 317.2
 BDL 20040803  7.92  5.62  0.00  0.43  0.35 314.2
 BDL 20040804  8.23  6.05  0.01  0.52  0.27 302.4
 BDL 20040805  8.43  2.77  0.00  0.00  0.03 295.4
 BDL 20040806  7.55  5.10  0.00  0.40  0.31 322.3
 BDL 20040807  6.98  5.45  0.07  0.43  0.41 342.7
 BDL 20040808  6.91  5.71  0.11  0.47  0.40 344.0
 BDL 20040809  7.27  6.40  0.17  0.64  0.19 327.4
 BDL 20040810  7.52  5.16  0.08  0.39  0.22 316.8
 BDL 20040811  7.45  5.30  0.00  0.44  0.34 317.1
 BDL 20040812  7.67  4.24  0.00  0.26  0.21 307.6
 BDL 20040813  8.26  3.25  0.00  0.02  0.16 287.6
 BDL 20040814  8.40  6.77  0.03  0.64  0.24 281.5
 BDL 20040815  8.15  3.47  0.04  0.05  0.13 287.1
 BDL 20040816  7.84  3.89  0.00  0.14  0.24 294.5
 BDL 20040817  7.14  5.70  0.06  0.59  0.24 316.5
 BDL 20040818  7.03  5.14  0.00  0.47  0.35 318.9
 BDL 20040819  7.23  5.59  0.03  0.54  0.30 308.9
 BDL 20040820  7.23  4.92  0.04  0.39  0.27 306.5
 BDL 20040821  7.59  3.49  0.00  0.17  0.11 292.0
 BDL 20040822  6.91  6.22  0.26  0.62  0.12 313.7
 BDL 20040823  6.91  6.19  0.23  0.64  0.13 311.1
 BDL 20040824  6.93  5.16  0.07  0.53  0.18 307.9
 BDL 20040825  6.89  5.92  0.22  0.63  0.07 306.7
 BDL 20040826  6.90  6.13  0.37  0.52  0.05 303.9
 BDL 20040827  7.09  5.32  0.12  0.41  0.28 294.7
 BDL 20040828  7.26  5.46  0.04  0.50  0.29 286.6
 BDL 20040829  7.07  5.00  0.03  0.42  0.31 290.4
 BDL 20040830  7.11  4.75  0.00  0.41  0.28 286.3
 BDL 20040831  7.44  5.49  0.02  0.45  0.36 272.7
 BDL 20040901  6.67  5.87  0.17  0.64  0.19 296.2
 BDL 20040902  6.58  5.24  0.12  0.56  0.18 296.4
 BDL 20040903  6.39  5.64  0.16  0.67  0.17 300.9
 BDL 20040904  6.21  5.21  0.09  0.67  0.18 305.2
 BDL 20040905  6.13  4.04  0.06  0.38  0.20 305.5
 BDL 20040906  6.29  5.29  0.40  0.44  0.00 295.9
 BDL 20040907  6.41  5.12  0.14  0.57  0.14 288.3
 BDL 20040908  6.66  3.58  0.00  0.22  0.23 275.7
 BDL 20040909  6.74  3.20  0.00  0.09  0.26 270.1
 BDL 20040910  5.98  4.96  0.11  0.56  0.28 295.5
 BDL 20040911  6.16  5.39  0.34  0.49  0.11 284.9
 BDL 20040912  6.09  5.39  0.21  0.61  0.18 284.5
 BDL 20040913  6.03  4.94  0.17  0.59  0.11 283.3
 BDL 20040914  5.85  5.11  0.37  0.53  0.00 287.0
 BDL 20040915  5.75  4.53  0.16  0.50  0.18 287.9
 BDL 20040916  5.86  3.79  0.00  0.30  0.38 279.5
 BDL 20040917  6.20  3.24  0.00  0.18  0.25 263.8
 BDL 20040918  5.88  2.17  0.00  0.00  0.13 271.6
 BDL 20040919  5.10  4.39  0.28  0.45  0.23 302.6
 BDL 20040920  5.22  4.92  0.49  0.51  0.00 292.9
 BDL 20040921  5.18  3.82  0.10  0.44  0.24 291.2
 BDL 20040922  5.22  4.77  0.33  0.59  0.08 285.2
 BDL 20040923  5.16  4.38  0.36  0.49  0.01 283.9
 BDL 20040924  5.34  5.00  0.42  0.58  0.00 271.9
 BDL 20040925  5.28  4.01  0.12  0.42  0.29 270.6
 BDL 20040926  4.89  3.90  0.20  0.49  0.15 284.7
 BDL 20040927  4.69  3.92  0.22  0.55  0.13 290.9
 BDL 20040928  5.18  2.28  0.00  0.13  0.12 263.7
 BDL 20040929  5.20  3.12  0.06  0.25  0.24 258.9
 BDL 20040930  4.63  3.64  0.14  0.40  0.35 281.5
 BDL 20041001  4.32  3.65  0.17  0.57  0.20 293.7
 BDL 20041002  4.37  2.61  0.02  0.30  0.23 287.0
 BDL 20041003  4.01  3.59  0.58  0.31  0.02 303.7
 BDL 20041004  3.93  3.30  0.22  0.49  0.22 304.0
 BDL 20041005  3.71  3.42  0.59  0.32  0.05 314.7
 BDL 20041006  3.69  3.32  0.39  0.44  0.16 311.4
 BDL 20041007  3.68  3.28  0.37  0.46  0.14 306.1
 BDL 20041008  3.64  3.41  0.49  0.47  0.04 304.5
 BDL 20041009  3.83  3.32  0.32  0.48  0.14 287.2
 BDL 20041010  3.47  2.17  0.02  0.25  0.37 307.5
 BDL 20041011  3.45  2.38  0.18  0.23  0.29 304.0
 BDL 20041012  3.90  3.25  0.31  0.37  0.23 269.1
 BDL 20041013  3.78  3.43  0.60  0.32  0.00 271.5
 BDL 20041014  3.51  1.20  0.01  0.00  0.05 285.1
 BDL 20041015  3.34  1.41  0.00  0.08  0.15 292.3
 BDL 20041016  3.08  2.11  0.04  0.34  0.35 308.0
 BDL 20041017  2.84  1.63  0.03  0.19  0.31 324.0
 BDL 20041018  3.10  2.23  0.14  0.34  0.27 295.7
 BDL 20041019  3.27  1.11  0.00  0.00  0.06 277.3
 BDL 20041020  3.17  2.01  0.13  0.24  0.22 280.2
 BDL 20041021  2.95  1.81  0.10  0.24  0.22 293.8
 BDL 20041022  2.82  2.04  0.25  0.29  0.17 300.4
 BDL 20041023  2.74  2.17  0.39  0.29  0.11 303.0
 BDL 20041024  2.94  1.81  0.15  0.25  0.13 279.5
 BDL 20041025  2.80  1.99  0.19  0.31  0.21 286.3
 BDL 20041026  2.94  2.49  0.30  0.44  0.18 269.1
 BDL 20041027  3.13  1.87  0.08  0.24  0.22 250.2
 BDL 20041028  2.69  2.55  0.66  0.32  0.00 280.8
 BDL 20041029  2.61  1.59  0.13  0.21  0.20 283.6
 BDL 20041030  2.82  1.07  0.05  0.03  0.03 261.0
 BDL 20041031  2.64  1.77  0.04  0.31  0.36 271.4
 BDL 20041101  2.78  2.17  0.23  0.37  0.23 255.2
 BDL 20041102  2.82  1.39  0.09  0.12  0.11 248.1
 BDL 20041103  2.77  2.43  0.48  0.28  0.18 247.6
 BDL 20041104  2.57  1.83  0.28  0.28  0.11 260.0
 BDL 20041105  2.20  1.48  0.07  0.21  0.46 292.0
 BDL 20041106  2.09  1.47  0.17  0.28  0.27 300.1
 BDL 20041107  2.18  1.61  0.10  0.42  0.27 285.0
 BDL 20041108  1.96  1.54  0.14  0.35  0.42 309.6
 BDL 20041109  1.63  1.36  0.22  0.38  0.37 361.6
 BDL 20041110  1.92  1.65  0.42  0.36  0.12 305.7
 BDL 20041111  2.13  1.39  0.06  0.34  0.24 273.2
 BDL 20041112  2.09  0.84  0.04  0.06  0.06 273.4
 BDL 20041113  2.00  1.50  0.35  0.25  0.13 280.4
 BDL 20041114  1.71  1.64  0.63  0.37  0.00 317.8
 BDL 20041115  1.77  1.61  0.40  0.46  0.14 303.3
 BDL 20041116  1.68  1.23  0.23  0.32  0.19 313.3
 BDL 20041117  1.76  1.43  0.33  0.36  0.16 296.0
 BDL 20041118  1.80  1.26  0.16  0.31  0.23 286.6
 BDL 20041119  1.94  1.62  0.43  0.34  0.08 264.1
 BDL 20041120  1.82  1.10  0.13  0.23  0.16 275.2
 BDL 20041121  1.84  1.05  0.10  0.19  0.19 269.8
 BDL 20041122  1.75  0.90  0.00  0.14  0.28 278.2
 BDL 20041123  1.52  1.08  0.21  0.31  0.17 312.9
 BDL 20041124  1.62  0.67  0.01  0.09  0.10 291.8
 BDL 20041125  1.66  0.71  0.00  0.05  0.20 281.3
 BDL 20041126  1.39  1.26  0.40  0.41  0.20 326.2
 BDL 20041127  1.50  0.99  0.22  0.24  0.14 301.6
 BDL 20041128  1.53  0.67  0.00  0.12  0.13 292.2
 BDL 20041129  1.66  1.36  0.36  0.37  0.11 269.2
 BDL 20041130  1.70  1.15  0.21  0.25  0.18 261.6
 BDL 20041201  1.71  0.70  0.00  0.02  0.20 257.1
 BDL 20041202  1.54  1.14  0.11  0.41  0.28 281.5
 BDL 20041203  1.28  0.81  0.11  0.22  0.29 331.8
 BDL 20041204  1.18  1.07  0.41  0.43  0.16 354.0
 BDL 20041205  1.33  1.09  0.22  0.46  0.22 314.0
 BDL 20041206  1.38  0.88  0.14  0.27  0.17 298.4
 BDL 20041207  1.42  0.47  0.00  0.00  0.03 289.6
 BDL 20041208  1.28  0.87  0.16  0.19  0.35 317.9
 BDL 20041209  1.45  0.95  0.08  0.34  0.22 282.4
 BDL 20041210  1.43  0.47  0.00  0.00  0.03 284.4
 BDL 20041211  1.38  0.76  0.00  0.14  0.38 293.7
 BDL 20041212  1.34  1.01  0.23  0.27  0.30 298.8
 BDL 20041213  1.29  0.73  0.00  0.14  0.41 309.9
 BDL 20041214  1.20  0.93  0.23  0.32  0.29 328.9
 BDL 20041215  0.96  0.88  0.49  0.36  0.15 410.9
 BDL 20041216  1.32  1.22  0.45  0.44  0.12 298.8
 BDL 20041217  1.19  0.99  0.16  0.48  0.31 329.5
 BDL 20041218  1.20  0.87  0.08  0.43  0.26 326.8
 BDL 20041219  1.28  0.67  0.00  0.21  0.22 309.1
 BDL 20041220  1.07  0.67  0.19  0.14  0.24 368.3
 BDL 20041221  1.25  1.10  0.28  0.50  0.20 316.5
 BDL 20041223  1.30  0.60  0.00  0.13  0.18 304.5
 BDL 20041224  1.24  0.90  0.13  0.40  0.21 319.1
 BDL 20041225  1.16  0.89  0.21  0.35  0.27 342.7
 BDL 20041226  1.24  0.74  0.00  0.29  0.27 319.2
 BDL 20041227  1.11  0.72  0.19  0.17  0.27 359.6
 BDL 20041228  1.15  0.87  0.23  0.35  0.21 347.1
 BDL 20041229  1.32  0.87  0.16  0.25  0.21 300.2
 BDL 20041230  1.23  0.98  0.29  0.37  0.17 323.7
 BDL 20041231  1.40  0.84  0.13  0.21  0.18 287.4
