 BHM 20040101  3.49  3.10  0.54  0.30  0.08 229.1
 BHM 20040102  3.35  1.49  0.00  0.04  0.26 238.7
 BHM 20040103  3.41  1.61  0.00  0.07  0.28 236.7
 BHM 20040104  3.60  2.08  0.00  0.28  0.24 226.7
 BHM 20040105  3.58  1.31  0.00  0.00  0.12 229.6
 BHM 20040106  3.30  2.69  0.35  0.33  0.17 247.9
 BHM 20040107  2.92  2.76  0.62  0.32  0.06 277.6
 BHM 20040108  2.97  2.22  0.35  0.22  0.17 275.5
 BHM 20040109  2.96  1.39  0.03  0.11  0.17 277.6
 BHM 20040110  2.78  2.18  0.49  0.17  0.09 295.3
 BHM 20040111  3.10  2.76  0.56  0.29  0.07 270.4
 BHM 20040112  3.26  2.79  0.47  0.29  0.13 261.5
 BHM 20040113  3.14  2.06  0.22  0.17  0.23 272.9
 BHM 20040114  2.97  1.92  0.14  0.25  0.22 289.1
 BHM 20040115  3.04  2.79  0.67  0.22  0.05 285.8
 BHM 20040116  3.15  2.37  0.23  0.32  0.23 279.2
 BHM 20040117  3.26  1.67  0.08  0.13  0.16 273.3
 BHM 20040118  3.18  1.30  0.00  0.01  0.21 282.6
 BHM 20040119  3.00  2.76  0.73  0.18  0.01 299.7
 BHM 20040120  3.28  2.86  0.52  0.30  0.08 280.1
 BHM 20040121  3.59  2.75  0.17  0.43  0.21 261.6
 BHM 20040122  3.58  2.74  0.18  0.41  0.22 265.5
 BHM 20040123  3.24  3.05  0.61  0.31  0.08 293.0
 BHM 20040124  3.51  2.21  0.23  0.16  0.16 275.6
 BHM 20040125  3.97  1.57  0.07  0.00  0.08 250.6
 BHM 20040126  3.95  2.65  0.05  0.35  0.29 255.5
 BHM 20040127  3.50  2.65  0.30  0.30  0.16 287.1
 BHM 20040128  3.02  2.90  0.70  0.28  0.02 330.0
 BHM 20040129  3.10  2.69  0.54  0.27  0.07 326.4
 BHM 20040130  3.04  1.95  0.13  0.25  0.23 336.2
 BHM 20040131  3.49  3.13  0.56  0.30  0.07 299.8
 BHM 20040201  3.85  2.47  0.16  0.24  0.19 279.0
 BHM 20040202  3.89  1.59  0.00  0.04  0.17 280.6
 BHM 20040203  3.80  3.23  0.52  0.25  0.09 290.7
 BHM 20040204  4.20  3.31  0.19  0.44  0.22 270.2
 BHM 20040205  4.44  1.53  0.00  0.00  0.07 261.0
 BHM 20040206  4.66  1.65  0.00  0.00  0.09 253.3
 BHM 20040207  4.24  2.83  0.11  0.33  0.21 278.1
 BHM 20040208  4.39  3.80  0.46  0.37  0.06 273.1
 BHM 20040209  4.52  3.22  0.22  0.27  0.22 269.9
 BHM 20040210  4.17  1.33  0.00  0.00  0.01 293.3
 BHM 20040211  4.26  2.22  0.00  0.25  0.15 291.8
 BHM 20040212  4.61  2.35  0.07  0.14  0.16 276.2
 BHM 20040213  5.07  3.85  0.26  0.35  0.16 258.2
 BHM 20040214  4.71  1.62  0.00  0.00  0.07 278.7
 BHM 20040215  3.92  1.50  0.08  0.00  0.03 330.3
 BHM 20040216  4.60  2.79  0.00  0.33  0.24 291.9
 BHM 20040217  3.92  1.92  0.03  0.11  0.22 339.3
 BHM 20040218  4.14  4.05  0.82  0.18  0.01 327.7
 BHM 20040219  5.20  4.75  0.52  0.36  0.09 272.5
 BHM 20040220  4.93  3.16  0.05  0.31  0.27 289.0
 BHM 20040221  4.69  4.39  0.57  0.35  0.08 305.9
 BHM 20040222  5.05  4.05  0.34  0.35  0.13 290.8
 BHM 20040223  4.93  3.35  0.12  0.31  0.25 300.5
 BHM 20040224  4.99  2.06  0.02  0.03  0.16 301.4
 BHM 20040225  4.72  1.79  0.05  0.01  0.06 320.1
 BHM 20040226  4.41  1.69  0.10  0.00  0.00 344.1
 BHM 20040227  4.58  3.36  0.39  0.18  0.12 337.1
 BHM 20040228  5.52  5.13  0.63  0.30  0.03 290.8
 BHM 20040301  6.03  3.16  0.00  0.16  0.28 276.5
 BHM 20040302  5.86  2.54  0.02  0.03  0.21 286.7
 BHM 20040303  6.21  3.75  0.00  0.27  0.32 275.9
 BHM 20040304  6.37  4.30  0.00  0.40  0.31 273.5
 BHM 20040305  6.62  3.60  0.00  0.21  0.26 268.4
 BHM 20040306  6.92  5.50  0.27  0.37  0.20 261.7
 BHM 20040307  6.57  5.48  0.34  0.37  0.18 275.9
 BHM 20040308  5.58  5.42  0.84  0.15  0.00 320.7
 BHM 20040309  5.19  3.45  0.25  0.21  0.14 345.2
 BHM 20040310  5.46  5.02  0.69  0.21  0.04 334.4
 BHM 20040311  6.10  4.47  0.24  0.32  0.17 307.5
 BHM 20040312  6.14  5.85  0.65  0.31  0.04 309.1
 BHM 20040313  6.42  4.74  0.13  0.40  0.25 300.7
 BHM 20040314  6.65  3.70  0.02  0.25  0.20 295.7
 BHM 20040315  6.60  3.88  0.10  0.26  0.13 301.1
 BHM 20040316  6.61  3.94  0.12  0.20  0.20 302.8
 BHM 20040317  5.26  4.19  0.35  0.28  0.20 372.5
 BHM 20040318  6.87  4.49  0.22  0.17  0.22 299.2
 BHM 20040319  6.77  5.88  0.45  0.33  0.14 306.2
 BHM 20040320  6.63  4.73  0.30  0.18  0.22 314.7
 BHM 20040321  6.96  6.63  0.69  0.25  0.06 304.9
 BHM 20040322  7.24  5.90  0.49  0.19  0.14 297.7
 BHM 20040323  7.02  6.31  0.53  0.31  0.11 308.7
 BHM 20040324  7.48  5.86  0.28  0.33  0.21 295.1
 BHM 20040325  7.20  4.77  0.10  0.29  0.27 307.6
 BHM 20040326  7.19  5.19  0.15  0.35  0.25 310.8
 BHM 20040327  7.35  5.16  0.06  0.39  0.29 307.5
 BHM 20040328  7.61  5.46  0.09  0.39  0.28 300.9
 BHM 20040329  7.28  4.29  0.07  0.22  0.24 315.5
 BHM 20040330  6.88  5.87  0.39  0.38  0.13 334.0
 BHM 20040331  6.31  4.54  0.29  0.25  0.15 361.9
 BHM 20040401  6.07  4.75  0.41  0.24  0.12 376.5
 BHM 20040402  6.36  5.38  0.35  0.44  0.09 364.8
 BHM 20040403  6.94  6.44  0.63  0.32  0.00 341.4
 BHM 20040404  6.85  6.57  0.66  0.34  0.00 347.6
 BHM 20040405  7.23  6.74  0.56  0.41  0.00 334.6
 BHM 20040406  7.33  6.51  0.30  0.61  0.04 333.2
 BHM 20040407  7.95  5.27  0.18  0.19  0.28 313.3
 BHM 20040408  7.69  5.40  0.11  0.31  0.32 323.9
 BHM 20040409  7.73  6.97  0.63  0.24  0.05 325.0
 BHM 20040410  8.06  6.48  0.22  0.43  0.22 316.4
 BHM 20040411  8.85  3.94  0.04  0.00  0.25 294.2
 BHM 20040412  7.98  4.22  0.00  0.00  0.52 322.2
 BHM 20040413  6.72  3.56  0.00  0.05  0.45 374.9
 BHM 20040414  6.54  6.17  0.55  0.44  0.00 385.9
 BHM 20040415  7.65  7.28  0.57  0.43  0.00 339.8
 BHM 20040416  7.72  6.99  0.32  0.61  0.05 339.3
 BHM 20040417  8.28  7.44  0.28  0.62  0.08 321.2
 BHM 20040418  8.74  8.26  0.57  0.40  0.03 309.1
 BHM 20040419  9.06  8.44  0.63  0.30  0.04 301.3
 BHM 20040420  9.12  6.05  0.04  0.39  0.23 300.9
 BHM 20040421  8.51  5.18  0.00  0.25  0.36 320.5
 BHM 20040422  8.93  5.02  0.00  0.10  0.46 309.5
 BHM 20040423  9.26  6.68  0.04  0.42  0.33 301.1
 BHM 20040424  9.41  6.52  0.01  0.37  0.38 298.5
 BHM 20040425  9.70  4.66  0.00  0.10  0.26 292.5
 BHM 20040426  9.89  4.33  0.00  0.04  0.24 289.0
 BHM 20040427  7.75  7.24  0.34  0.67  0.00 356.1
 BHM 20040428  8.29  7.42  0.33  0.57  0.06 337.4
 BHM 20040429  8.83  7.46  0.29  0.46  0.16 321.2
 BHM 20040430  9.33  5.43  0.00  0.12  0.48 308.2
 BHM 20040501  9.87  6.31  0.00  0.26  0.42 294.9
 BHM 20040502 10.09  5.15  0.00  0.01  0.46 290.6
 BHM 20040503  8.20  6.63  0.13  0.55  0.21 346.6
 BHM 20040504  8.48  7.65  0.27  0.64  0.08 337.9
 BHM 20040505  8.60  6.91  0.10  0.54  0.26 334.9
 BHM 20040506  8.86  8.11  0.32  0.61  0.07 327.4
 BHM 20040507  9.19  8.36  0.27  0.66  0.07 318.6
 BHM 20040508  9.03  8.31  0.26  0.71  0.04 323.9
 BHM 20040509  9.27  8.43  0.24  0.68  0.09 318.1
 BHM 20040510  9.22  7.07  0.01  0.51  0.36 320.2
 BHM 20040511  9.38  6.97  0.00  0.46  0.39 316.5
 BHM 20040512  9.81  7.17  0.00  0.44  0.39 305.3
 BHM 20040513 10.32  6.23  0.01  0.16  0.46 293.5
 BHM 20040514 10.08  6.51  0.00  0.25  0.45 299.3
 BHM 20040515  9.58  5.29  0.00  0.18  0.32 313.3
 BHM 20040516  9.65  5.96  0.03  0.18  0.43 312.0
 BHM 20040517  9.97  6.77  0.01  0.31  0.43 304.0
 BHM 20040518 10.03  6.92  0.01  0.33  0.43 303.1
 BHM 20040519  9.64  6.26  0.02  0.24  0.44 314.0
 BHM 20040520  9.68  7.77  0.03  0.57  0.33 313.5
 BHM 20040521  9.42  7.54  0.02  0.57  0.34 320.7
 BHM 20040522  9.93  7.74  0.02  0.52  0.36 307.5
 BHM 20040523 10.02  8.75  0.09  0.73  0.18 305.7
 BHM 20040524 10.16  8.21  0.03  0.58  0.33 302.2
 BHM 20040525  9.86  8.61  0.09  0.73  0.18 310.7
 BHM 20040526 10.82  7.65  0.02  0.46  0.27 287.8
 BHM 20040527 11.01  8.59  0.03  0.61  0.22 284.1
 BHM 20040528 10.88  6.48  0.00  0.22  0.37 287.1
 BHM 20040529 10.70  8.17  0.00  0.51  0.37 291.5
 BHM 20040530 10.73  7.84  0.00  0.44  0.39 291.2
 BHM 20040531 11.00  6.59  0.00  0.17  0.45 285.3
 BHM 20040601  9.76  8.25  0.19  0.55  0.20 315.4
 BHM 20040602  9.50  7.21  0.02  0.50  0.34 322.5
 BHM 20040603  9.33  8.13  0.18  0.60  0.21 327.6
 BHM 20040604  8.93  7.40  0.10  0.59  0.25 340.2
 BHM 20040605  9.72  8.45  0.13  0.69  0.16 317.2
 BHM 20040606 10.37  7.41  0.02  0.41  0.36 300.3
 BHM 20040607 10.20  6.44  0.02  0.28  0.34 304.9
 BHM 20040608  9.72  7.98  0.03  0.61  0.32 317.6
 BHM 20040609 10.24  8.37  0.05  0.58  0.32 304.2
 BHM 20040610 10.79  8.87  0.04  0.60  0.32 291.4
 BHM 20040611 10.29  8.15  0.00  0.56  0.37 302.9
 BHM 20040612 10.33  8.49  0.01  0.62  0.34 301.8
 BHM 20040613 10.18  7.38  0.00  0.43  0.39 306.0
 BHM 20040614 10.97  8.05  0.00  0.43  0.41 287.7
 BHM 20040615 10.95  7.16  0.00  0.25  0.47 288.2
 BHM 20040616 11.10  7.76  0.00  0.35  0.44 284.9
 BHM 20040617 11.49  8.93  0.00  0.52  0.39 276.5
 BHM 20040618 11.72  9.31  0.00  0.57  0.36 272.0
 BHM 20040619 11.19  8.61  0.00  0.52  0.37 283.1
 BHM 20040620 10.53  8.34  0.00  0.56  0.37 297.4
 BHM 20040621 10.48  7.60  0.00  0.43  0.39 298.4
 BHM 20040622 10.58  7.64  0.00  0.41  0.41 296.0
 BHM 20040623 10.97  6.58  0.00  0.15  0.48 287.5
 BHM 20040624 10.89  5.80  0.00  0.07  0.43 289.1
 BHM 20040625 11.09  4.50  0.00  0.02  0.19 284.6
 BHM 20040626 10.93  7.19  0.00  0.27  0.45 288.0
 BHM 20040627 10.82  5.93  0.00  0.11  0.41 290.4
 BHM 20040628 11.03  6.44  0.00  0.18  0.40 285.9
 BHM 20040629 10.55  7.56  0.03  0.38  0.39 296.1
 BHM 20040630 10.66  6.05  0.01  0.14  0.40 293.6
 BHM 20040701 10.60  6.15  0.00  0.18  0.39 294.8
 BHM 20040702 10.46  6.37  0.00  0.23  0.39 297.6
 BHM 20040703  9.86  7.04  0.00  0.39  0.42 312.7
 BHM 20040704  9.91  7.74  0.00  0.54  0.37 311.2
 BHM 20040705  9.77  8.14  0.01  0.64  0.34 314.7
 BHM 20040706  9.82  7.97  0.00  0.60  0.36 313.0
 BHM 20040707  9.95  7.75  0.00  0.53  0.38 309.4
 BHM 20040708  9.94  8.11  0.01  0.61  0.34 309.4
 BHM 20040709  9.93  8.29  0.00  0.66  0.33 309.4
 BHM 20040710  9.97  8.36  0.00  0.66  0.34 307.9
 BHM 20040711  9.81  8.20  0.01  0.65  0.33 311.8
 BHM 20040712 10.38  8.50  0.02  0.61  0.33 297.0
 BHM 20040713 10.42  8.83  0.04  0.65  0.31 295.7
 BHM 20040714 10.08  8.70  0.08  0.68  0.24 303.4
 BHM 20040715 10.40  8.91  0.07  0.66  0.27 295.4
 BHM 20040716 10.13  8.53  0.06  0.64  0.28 301.7
 BHM 20040717 10.45  7.33  0.05  0.33  0.39 293.7
 BHM 20040718  9.82  7.62  0.04  0.52  0.32 308.9
 BHM 20040719  9.20  8.16  0.13  0.72  0.16 325.4
 BHM 20040720  9.54  8.59  0.23  0.67  0.10 315.5
 BHM 20040721 10.09  8.92  0.10  0.75  0.16 300.2
 BHM 20040722 10.29  8.96  0.09  0.71  0.20 294.9
 BHM 20040723 10.10  8.71  0.13  0.60  0.27 298.8
 BHM 20040724  9.96  8.10  0.00  0.61  0.35 301.8
 BHM 20040725 10.04  8.16  0.02  0.60  0.33 299.1
 BHM 20040726 10.21  6.46  0.00  0.22  0.46 294.5
 BHM 20040727 10.23  5.85  0.00  0.08  0.51 293.5
 BHM 20040728 10.11  8.70  0.27  0.49  0.19 295.9
 BHM 20040729 10.40  8.54  0.07  0.62  0.24 288.7
 BHM 20040730 10.41  8.13  0.00  0.54  0.37 287.5
 BHM 20040731 10.40  7.21  0.00  0.34  0.44 287.0
 BHM 20040801 10.49  7.53  0.00  0.41  0.40 284.1
 BHM 20040802  9.51  8.31  0.09  0.73  0.18 307.2
 BHM 20040803  9.33  8.45  0.22  0.71  0.07 311.2
 BHM 20040804  9.82  8.88  0.23  0.69  0.08 297.3
 BHM 20040805  9.86  7.70  0.05  0.51  0.33 295.5
 BHM 20040806  9.60  9.08  0.57  0.40  0.03 301.0
 BHM 20040807  9.17  8.67  0.58  0.36  0.07 312.2
 BHM 20040808  9.33  7.66  0.10  0.62  0.19 306.7
 BHM 20040809  9.50  7.12  0.06  0.55  0.18 300.5
 BHM 20040810  9.65  6.76  0.02  0.35  0.41 295.7
 BHM 20040811  9.33  6.04  0.00  0.26  0.44 302.9
 BHM 20040812  9.49  5.46  0.00  0.10  0.49 297.3
 BHM 20040813  8.74  7.44  0.09  0.67  0.21 317.5
 BHM 20040814  9.09  7.76  0.11  0.65  0.21 305.9
 BHM 20040815  8.90  7.66  0.09  0.70  0.19 310.3
 BHM 20040816  9.04  7.39  0.10  0.62  0.18 304.7
 BHM 20040817  9.12  7.71  0.10  0.67  0.18 301.1
 BHM 20040818  8.89  7.83  0.11  0.71  0.19 306.4
 BHM 20040819  9.03  7.81  0.09  0.70  0.20 300.5
 BHM 20040820  9.44  6.90  0.00  0.44  0.39 288.7
 BHM 20040821  9.61  5.04  0.00  0.00  0.51 283.0
 BHM 20040822  9.88  6.80  0.01  0.34  0.41 274.8
 BHM 20040823  9.50  7.47  0.04  0.53  0.33 282.5
 BHM 20040824  9.12  6.30  0.06  0.30  0.39 290.8
 BHM 20040825  9.40  6.92  0.06  0.40  0.36 282.0
 BHM 20040826  9.31  7.22  0.02  0.52  0.35 282.6
 BHM 20040827  9.08  7.19  0.02  0.55  0.35 287.1
 BHM 20040828  9.00  6.92  0.02  0.51  0.35 287.8
 BHM 20040829  9.22  6.94  0.04  0.46  0.35 279.9
 BHM 20040830  9.16  7.09  0.04  0.53  0.30 279.4
 BHM 20040831  8.70  6.71  0.06  0.51  0.29 290.0
 BHM 20040901  8.65  6.88  0.04  0.56  0.31 289.4
 BHM 20040902  8.85  6.45  0.02  0.42  0.38 281.8
 BHM 20040903  8.90  6.42  0.00  0.43  0.38 278.3
 BHM 20040904  8.71  6.01  0.04  0.40  0.28 281.6
 BHM 20040905  8.45  6.87  0.04  0.59  0.31 286.9
 BHM 20040906  8.43  7.28  0.11  0.69  0.18 285.5
 BHM 20040907  9.07  3.52  0.08  0.03  0.00 266.5
 BHM 20040908  8.29  4.71  0.03  0.13  0.38 284.9
 BHM 20040909  7.68  5.80  0.09  0.49  0.23 300.9
 BHM 20040910  7.59  6.63  0.14  0.70  0.14 301.4
 BHM 20040911  7.88  6.62  0.14  0.62  0.17 290.1
 BHM 20040912  8.15  5.66  0.02  0.36  0.38 279.3
 BHM 20040913  7.51  5.04  0.02  0.37  0.31 296.5
 BHM 20040914  7.95  5.93  0.04  0.44  0.36 280.4
 BHM 20040915  8.10  5.87  0.00  0.43  0.39 273.7
 BHM 20040916  8.75  4.17  0.00  0.03  0.35 254.5
 BHM 20040917  7.74  4.63  0.06  0.12  0.42 279.3
 BHM 20040918  7.17  6.84  0.68  0.30  0.01 294.9
 BHM 20040919  7.09  6.59  0.66  0.26  0.04 294.9
 BHM 20040920  7.15  6.52  0.53  0.36  0.07 290.0
 BHM 20040921  6.80  5.61  0.29  0.44  0.14 299.0
 BHM 20040922  6.94  5.67  0.12  0.61  0.16 291.4
 BHM 20040923  7.00  6.15  0.12  0.73  0.14 286.6
 BHM 20040924  7.15  6.21  0.14  0.69  0.14 278.3
 BHM 20040925  7.19  5.92  0.10  0.61  0.21 274.1
 BHM 20040926  6.86  5.94  0.13  0.69  0.15 282.6
 BHM 20040927  6.67  5.33  0.10  0.54  0.25 286.3
 BHM 20040928  6.72  4.10  0.03  0.19  0.40 281.1
 BHM 20040929  6.64  3.87  0.00  0.22  0.34 281.0
 BHM 20040930  6.54  5.55  0.16  0.64  0.13 281.3
 BHM 20041001  6.53  5.73  0.17  0.70  0.10 278.7
 BHM 20041002  6.59  4.68  0.14  0.31  0.29 273.1
 BHM 20041003  6.44  5.54  0.30  0.44  0.21 275.5
 BHM 20041004  6.21  5.70  0.48  0.38  0.14 281.1
 BHM 20041005  6.07  4.70  0.27  0.32  0.22 283.2
 BHM 20041006  6.02  5.44  0.45  0.39  0.14 281.5
 BHM 20041007  6.10  4.45  0.13  0.37  0.27 274.6
 BHM 20041008  5.97  5.09  0.33  0.39  0.21 276.4
 BHM 20041009  6.07  2.44  0.01  0.06  0.11 269.9
 BHM 20041010  6.02  3.56  0.10  0.21  0.21 268.5
 BHM 20041011  5.69  3.36  0.10  0.18  0.25 278.2
 BHM 20041012  5.58  3.08  0.00  0.23  0.25 279.2
 BHM 20041013  5.33  3.20  0.06  0.23  0.27 287.2
 BHM 20041014  5.11  3.14  0.00  0.31  0.29 293.6
 BHM 20041015  4.43  3.77  0.37  0.37  0.17 327.5
 BHM 20041016  4.92  3.05  0.18  0.13  0.26 295.5
 BHM 20041017  4.93  3.93  0.27  0.36  0.22 291.2
 BHM 20041018  5.29  3.30  0.00  0.29  0.34 271.0
 BHM 20041019  5.26  2.87  0.04  0.16  0.27 269.0
 BHM 20041020  5.14  3.38  0.16  0.24  0.23 270.6
 BHM 20041021  5.02  3.87  0.20  0.36  0.27 272.5
 BHM 20041022  4.96  3.52  0.24  0.27  0.18 271.8
 BHM 20041023  5.08  2.54  0.00  0.14  0.25 263.3
 BHM 20041024  4.76  3.38  0.23  0.30  0.16 274.2
 BHM 20041025  4.70  3.93  0.27  0.41  0.24 273.3
 BHM 20041026  4.77  3.40  0.18  0.27  0.29 266.5
 BHM 20041027  4.62  3.23  0.11  0.29  0.34 269.8
 BHM 20041028  4.65  2.99  0.12  0.20  0.32 265.8
 BHM 20041029  4.62  3.19  0.09  0.32  0.31 263.9
 BHM 20041030  4.50  2.81  0.01  0.28  0.34 266.8
 BHM 20041031  4.58  2.87  0.00  0.31  0.32 259.5
 BHM 20041101  4.76  3.52  0.08  0.41  0.32 247.8
 BHM 20041102  4.59  2.86  0.06  0.26  0.28 252.1
 BHM 20041103  4.79  2.36  0.04  0.13  0.18 240.6
 BHM 20041104  4.68  3.10  0.01  0.38  0.29 242.2
 BHM 20041105  4.20  4.08  0.78  0.22  0.00 262.1
 BHM 20041106  4.09  3.99  0.83  0.17  0.00 264.5
 BHM 20041107  3.77  3.52  0.69  0.22  0.06 280.8
 BHM 20041108  3.80  3.55  0.57  0.33  0.10 275.0
 BHM 20041109  3.95  3.74  0.61  0.32  0.08 263.4
 BHM 20041110  3.92  3.27  0.27  0.43  0.21 262.3
 BHM 20041111  3.74  1.69  0.00  0.10  0.19 269.9
 BHM 20041112  3.52  1.59  0.00  0.07  0.23 280.9
 BHM 20041113  3.59  2.43  0.16  0.32  0.16 272.8
 BHM 20041114  3.54  2.57  0.13  0.40  0.22 273.0
 BHM 20041115  3.56  3.17  0.41  0.42  0.13 268.7
 BHM 20041116  3.61  2.88  0.44  0.21  0.15 262.1
 BHM 20041117  3.62  2.48  0.40  0.06  0.16 259.4
 BHM 20041118  3.47  2.27  0.19  0.20  0.23 266.3
 BHM 20041119  3.37  2.01  0.07  0.21  0.27 270.9
 BHM 20041120  3.49  1.68  0.10  0.04  0.18 260.6
 BHM 20041121  3.68  1.42  0.00  0.05  0.10 246.3
 BHM 20041122  3.65  1.54  0.00  0.06  0.17 245.4
 BHM 20041123  3.47  1.78  0.00  0.14  0.28 253.9
 BHM 20041124  3.38  1.45  0.00  0.07  0.18 257.7
 BHM 20041125  2.77  2.10  0.23  0.36  0.19 303.8
 BHM 20041126  2.96  2.60  0.45  0.36  0.12 283.2
 BHM 20041127  3.05  1.25  0.08  0.00  0.10 273.7
 BHM 20041128  3.26  2.86  0.46  0.34  0.13 257.1
 BHM 20041129  3.30  2.39  0.11  0.39  0.26 252.4
 BHM 20041130  3.44  1.73  0.00  0.14  0.26 242.6
 BHM 20041201  3.12  2.72  0.46  0.35  0.10 262.2
 BHM 20041202  3.29  2.58  0.25  0.38  0.19 248.2
 BHM 20041203  3.18  2.71  0.52  0.26  0.08 253.8
 BHM 20041204  2.83  2.66  0.68  0.26  0.03 279.4
 BHM 20041205  2.93  1.48  0.00  0.20  0.18 269.0
 BHM 20041206  3.11  1.39  0.00  0.04  0.26 253.5
 BHM 20041207  3.09  1.78  0.03  0.25  0.23 254.8
 BHM 20041208  2.97  2.64  0.47  0.37  0.10 263.2
 BHM 20041209  3.00  1.16  0.00  0.00  0.17 259.7
 BHM 20041210  2.55  1.66  0.10  0.31  0.22 298.8
 BHM 20041211  2.37  1.25  0.29  0.00  0.04 317.6
 BHM 20041212  2.98  2.37  0.40  0.23  0.19 259.0
 BHM 20041213  3.04  2.67  0.52  0.27  0.13 253.1
 BHM 20041214  2.82  2.49  0.63  0.22  0.03 269.5
 BHM 20041215  2.61  2.44  0.63  0.31  0.03 288.0
 BHM 20041216  2.65  2.26  0.41  0.38  0.10 283.9
 BHM 20041217  2.63  2.01  0.23  0.38  0.17 285.2
 BHM 20041218  2.39  1.71  0.17  0.34  0.21 310.8
 BHM 20041219  2.04  1.41  0.31  0.18  0.14 359.3
 BHM 20041220  2.37  2.17  0.58  0.30  0.09 314.5
 BHM 20041221  2.54  1.85  0.26  0.28  0.18 294.6
 BHM 20041223  2.46  1.54  0.00  0.36  0.25 304.4
 BHM 20041224  2.37  1.67  0.02  0.45  0.27 314.2
 BHM 20041225  2.10  1.73  0.35  0.36  0.15 351.5
 BHM 20041226  2.15  2.02  0.66  0.27  0.05 345.1
 BHM 20041227  2.38  2.14  0.62  0.24  0.06 314.4
 BHM 20041228  2.56  2.22  0.55  0.26  0.07 294.5
 BHM 20041229  2.63  2.04  0.29  0.32  0.19 288.1
 BHM 20041230  2.64  1.97  0.14  0.41  0.24 287.1
 BHM 20041231  2.65  1.65  0.00  0.30  0.32 286.7
