 BIL 20040101  0.81  0.59  0.06  0.42  0.30 374.0
 BIL 20040102  0.88  0.57  0.00  0.33  0.32 348.4
 BIL 20040103  0.88  0.63  0.21  0.30  0.20 355.5
 BIL 20040104  0.85  0.53  0.09  0.28  0.21 371.9
 BIL 20040105  0.77  0.64  0.24  0.46  0.22 416.7
 BIL 20040106  0.82  0.72  0.37  0.42  0.16 395.9
 BIL 20040107  1.00  0.72  0.00  0.43  0.37 324.8
 BIL 20040108  1.00  0.80  0.13  0.48  0.29 330.0
 BIL 20040109  1.11  0.90  0.15  0.49  0.27 298.9
 BIL 20040110  1.13  0.94  0.11  0.55  0.30 298.3
 BIL 20040111  1.12  0.92  0.16  0.50  0.25 302.9
 BIL 20040112  1.16  1.04  0.41  0.43  0.13 298.1
 BIL 20040113  1.16  0.98  0.10  0.57  0.31 302.1
 BIL 20040114  1.25  1.13  0.34  0.48  0.19 287.5
 BIL 20040115  1.31  1.17  0.30  0.50  0.20 279.0
 BIL 20040116  1.21  0.98  0.33  0.34  0.18 305.9
 BIL 20040117  1.29  1.17  0.36  0.47  0.17 290.6
 BIL 20040118  1.27  1.06  0.32  0.41  0.15 299.4
 BIL 20040119  1.24  0.81  0.04  0.32  0.30 312.8
 BIL 20040120  1.19  0.97  0.36  0.33  0.15 328.6
 BIL 20040121  1.31  1.07  0.19  0.48  0.23 304.7
 BIL 20040122  1.34  1.15  0.14  0.56  0.30 303.9
 BIL 20040123  1.45  1.17  0.03  0.56  0.35 287.6
 BIL 20040124  1.45  0.87  0.00  0.28  0.30 294.2
 BIL 20040125  1.13  0.79  0.12  0.33  0.27 382.4
 BIL 20040126  1.18  0.82  0.10  0.34  0.29 374.9
 BIL 20040127  1.22  0.82  0.00  0.37  0.35 368.6
 BIL 20040128  1.23  0.83  0.07  0.33  0.30 373.8
 BIL 20040129  1.39  0.86  0.00  0.29  0.34 337.7
 BIL 20040130  1.72  1.29  0.00  0.48  0.37 279.5
 BIL 20040131  1.41  1.08  0.12  0.43  0.29 344.8
 BIL 20040201  1.45  1.18  0.20  0.46  0.23 342.8
 BIL 20040202  1.42  1.22  0.38  0.40  0.12 357.3
 BIL 20040203  1.58  1.10  0.28  0.24  0.13 330.7
 BIL 20040204  1.43  1.01  0.25  0.25  0.18 372.3
 BIL 20040205  1.39  1.15  0.34  0.37  0.16 391.3
 BIL 20040206  1.49  1.41  0.63  0.34  0.02 373.3
 BIL 20040207  1.66  0.90  0.00  0.18  0.30 343.0
 BIL 20040208  1.54  1.10  0.09  0.38  0.28 375.3
 BIL 20040209  1.52  1.03  0.12  0.30  0.26 387.0
 BIL 20040210  1.67  1.15  0.09  0.32  0.30 360.1
 BIL 20040211  1.55  1.16  0.30  0.28  0.17 398.6
 BIL 20040212  1.78  1.62  0.41  0.44  0.15 355.8
 BIL 20040213  1.97  1.81  0.47  0.40  0.12 329.2
 BIL 20040214  2.15  1.78  0.20  0.50  0.21 311.0
 BIL 20040215  2.02  1.67  0.14  0.52  0.28 336.8
 BIL 20040216  1.89  1.68  0.37  0.45  0.15 367.0
 BIL 20040217  2.22  1.69  0.00  0.48  0.41 321.8
 BIL 20040218  2.34  1.78  0.00  0.52  0.35 312.8
 BIL 20040219  2.00  1.54  0.13  0.43  0.28 368.4
 BIL 20040220  2.18  1.87  0.29  0.47  0.18 347.7
 BIL 20040221  2.23  1.90  0.45  0.36  0.06 347.6
 BIL 20040222  2.27  2.03  0.56  0.33  0.02 350.5
 BIL 20040223  2.40  2.11  0.53  0.33  0.03 339.5
 BIL 20040224  2.60  2.11  0.17  0.49  0.23 321.2
 BIL 20040225  2.53  2.13  0.28  0.45  0.18 336.8
 BIL 20040226  2.66  1.90  0.04  0.43  0.30 328.0
 BIL 20040227  2.35  1.91  0.19  0.46  0.25 375.0
 BIL 20040228  2.48  1.22  0.00  0.12  0.26 363.5
 BIL 20040301  2.53  1.74  0.18  0.28  0.22 371.4
 BIL 20040302  2.42  1.77  0.10  0.44  0.23 394.0
 BIL 20040303  2.37  2.08  0.41  0.42  0.10 410.5
 BIL 20040304  3.03  2.21  0.00  0.48  0.33 334.6
 BIL 20040305  2.56  2.18  0.26  0.48  0.20 396.4
 BIL 20040306  2.60  2.06  0.03  0.54  0.35 399.5
 BIL 20040307  3.29  2.71  0.08  0.54  0.34 328.4
 BIL 20040308  3.66  3.05  0.07  0.57  0.34 304.5
 BIL 20040309  4.47  3.82  0.12  0.57  0.31 261.0
 BIL 20040310  3.28  2.84  0.40  0.38  0.14 347.3
 BIL 20040311  3.37  3.10  0.45  0.44  0.11 344.9
 BIL 20040312  3.38  2.71  0.16  0.49  0.23 350.4
 BIL 20040313  3.15  2.54  0.17  0.46  0.26 379.7
 BIL 20040314  3.35  2.47  0.02  0.50  0.29 365.6
 BIL 20040315  3.11  2.52  0.13  0.50  0.28 396.9
 BIL 20040316  3.41  2.50  0.00  0.47  0.35 372.4
 BIL 20040317  4.01  3.00  0.00  0.49  0.36 327.3
 BIL 20040318  4.47  3.37  0.10  0.42  0.31 302.8
 BIL 20040319  4.23  3.31  0.03  0.55  0.31 322.4
 BIL 20040320  4.54  3.59  0.26  0.41  0.15 308.2
 BIL 20040321  5.01  3.68  0.16  0.40  0.19 287.8
 BIL 20040322  4.73  3.65  0.11  0.49  0.24 307.0
 BIL 20040323  5.17  3.68  0.00  0.47  0.30 288.8
 BIL 20040324  4.74  4.03  0.28  0.48  0.16 315.3
 BIL 20040325  4.54  3.56  0.11  0.51  0.24 332.2
 BIL 20040326  4.78  3.07  0.00  0.36  0.29 322.3
 BIL 20040327  4.32  3.39  0.16  0.43  0.27 356.3
 BIL 20040328  4.07  3.57  0.36  0.43  0.17 381.2
 BIL 20040329  4.88  4.56  0.54  0.39  0.07 329.9
 BIL 20040330  5.05  4.72  0.63  0.32  0.02 324.4
 BIL 20040331  5.30  4.73  0.41  0.43  0.12 315.5
 BIL 20040401  4.93  2.66  0.00  0.21  0.25 340.2
 BIL 20040402  5.09  2.67  0.06  0.12  0.24 335.0
 BIL 20040403  4.94  4.57  0.49  0.40  0.11 347.2
 BIL 20040404  5.85  5.06  0.11  0.64  0.25 304.1
 BIL 20040405  5.71  5.14  0.36  0.51  0.11 314.9
 BIL 20040406  5.98  3.86  0.07  0.24  0.35 306.0
 BIL 20040407  5.69  4.78  0.32  0.41  0.17 322.8
 BIL 20040408  5.60  3.77  0.05  0.31  0.35 331.2
 BIL 20040409  4.79  2.86  0.06  0.24  0.25 383.1
 BIL 20040410  5.00  4.23  0.23  0.52  0.18 373.1
 BIL 20040411  5.05  3.81  0.14  0.43  0.23 373.6
 BIL 20040412  5.63  5.04  0.25  0.58  0.18 343.9
 BIL 20040413  5.75  5.37  0.49  0.46  0.05 341.1
 BIL 20040414  5.53  4.68  0.11  0.61  0.25 355.8
 BIL 20040415  5.21  2.49  0.00  0.11  0.24 378.5
 BIL 20040416  5.68  4.06  0.02  0.43  0.33 354.6
 BIL 20040417  5.81  3.44  0.00  0.20  0.39 351.3
 BIL 20040418  5.48  2.47  0.00  0.09  0.20 372.3
 BIL 20040419  5.62  3.77  0.00  0.35  0.37 368.1
 BIL 20040420  5.77  3.36  0.04  0.20  0.30 363.1
 BIL 20040421  5.58  2.98  0.14  0.10  0.16 376.1
 BIL 20040422  5.88  4.24  0.15  0.34  0.26 363.0
 BIL 20040423  7.03  6.66  0.55  0.44  0.01 314.3
 BIL 20040424  6.44  5.33  0.21  0.51  0.18 341.1
 BIL 20040425  5.94  4.73  0.01  0.62  0.28 368.1
 BIL 20040426  6.53  5.64  0.23  0.55  0.18 342.1
 BIL 20040427  6.78  6.09  0.29  0.56  0.15 333.9
 BIL 20040428  6.23  4.00  0.00  0.33  0.33 361.6
 BIL 20040429  5.36  4.03  0.11  0.44  0.26 414.5
 BIL 20040430  6.49  5.08  0.16  0.47  0.21 353.8
 BIL 20040501  6.29  5.20  0.18  0.53  0.20 365.9
 BIL 20040502  7.01  6.44  0.39  0.52  0.09 335.5
 BIL 20040503  7.48  5.28  0.00  0.41  0.37 319.4
 BIL 20040504  7.38  6.06  0.13  0.55  0.24 324.5
 BIL 20040505  7.32  5.93  0.06  0.57  0.30 329.2
 BIL 20040506  7.68  6.13  0.04  0.58  0.29 317.8
 BIL 20040507  7.90  5.81  0.01  0.45  0.37 312.2
 BIL 20040508  8.29  5.79  0.00  0.39  0.38 301.2
 BIL 20040509  7.80  6.23  0.04  0.58  0.29 318.9
 BIL 20040510  6.96  3.71  0.00  0.17  0.29 353.4
 BIL 20040511  6.45  3.74  0.00  0.27  0.26 378.2
 BIL 20040512  6.12  2.67  0.11  0.08  0.00 397.1
 BIL 20040513  5.80  4.07  0.11  0.29  0.35 417.9
 BIL 20040514  7.00  5.68  0.15  0.51  0.24 357.3
 BIL 20040515  6.79  5.86  0.23  0.55  0.18 368.4
 BIL 20040516  6.79  3.66  0.01  0.14  0.33 369.8
 BIL 20040517  6.68  5.00  0.08  0.44  0.30 376.4
 BIL 20040518  6.87  4.04  0.10  0.21  0.20 369.0
 BIL 20040519  6.55  4.01  0.01  0.30  0.28 385.9
 BIL 20040520  7.17  3.81  0.00  0.13  0.34 358.6
 BIL 20040521  6.87  5.33  0.00  0.56  0.33 373.0
 BIL 20040522  6.94  4.30  0.00  0.27  0.36 370.7
 BIL 20040523  6.77  4.18  0.00  0.28  0.34 379.8
 BIL 20040524  6.34  3.76  0.03  0.28  0.23 402.7
 BIL 20040525  6.29  5.45  0.24  0.55  0.17 406.4
 BIL 20040526  7.18  4.76  0.00  0.28  0.45 364.2
 BIL 20040527  7.37  4.75  0.00  0.25  0.45 357.4
 BIL 20040528  7.53  4.43  0.00  0.18  0.41 351.3
 BIL 20040529  6.71  4.17  0.00  0.25  0.39 388.6
 BIL 20040530  6.84  4.55  0.00  0.29  0.44 383.5
 BIL 20040531  7.23  5.87  0.16  0.50  0.24 366.6
 BIL 20040601  7.56  6.62  0.26  0.55  0.16 353.4
 BIL 20040602  7.94  7.35  0.42  0.52  0.06 339.8
 BIL 20040603  7.88  7.34  0.42  0.53  0.06 342.4
 BIL 20040604  8.21  6.54  0.12  0.54  0.21 331.1
 BIL 20040605  8.65  7.90  0.39  0.52  0.08 317.7
 BIL 20040606  8.16  6.40  0.06  0.54  0.28 334.0
 BIL 20040607  8.30  7.16  0.24  0.52  0.20 329.6
 BIL 20040608  8.77  5.68  0.03  0.31  0.32 315.4
 BIL 20040609  8.93  7.74  0.38  0.38  0.18 311.2
 BIL 20040610  8.60  6.71  0.13  0.45  0.28 321.0
 BIL 20040611  8.12  6.05  0.11  0.40  0.30 337.3
 BIL 20040612  7.77  6.25  0.12  0.51  0.27 349.5
 BIL 20040613  8.47  6.00  0.00  0.38  0.42 325.3
 BIL 20040614  8.30  7.15  0.31  0.48  0.14 331.4
 BIL 20040615  8.33  6.59  0.15  0.49  0.22 330.6
 BIL 20040616  8.19  6.87  0.28  0.47  0.15 335.5
 BIL 20040617  7.41  5.50  0.09  0.46  0.24 365.1
 BIL 20040618  8.09  5.84  0.25  0.26  0.21 339.5
 BIL 20040619  7.71  5.01  0.00  0.32  0.36 353.1
 BIL 20040620  7.55  6.21  0.08  0.61  0.24 359.7
 BIL 20040621  8.19  6.62  0.16  0.50  0.23 335.7
 BIL 20040622  8.29  6.83  0.06  0.60  0.29 332.0
 BIL 20040623  8.39  7.16  0.19  0.57  0.19 328.3
 BIL 20040624  7.98  5.61  0.00  0.39  0.39 342.4
 BIL 20040625  7.79  6.48  0.19  0.54  0.18 349.2
 BIL 20040626  7.82  5.86  0.02  0.52  0.29 347.9
 BIL 20040627  8.07  6.25  0.18  0.41  0.24 338.8
 BIL 20040628  8.32  6.72  0.24  0.42  0.21 329.7
 BIL 20040629  8.50  7.31  0.21  0.58  0.16 323.4
 BIL 20040630  8.99  7.14  0.13  0.49  0.26 308.7
 BIL 20040701  9.03  7.32  0.16  0.49  0.25 307.0
 BIL 20040702  8.84  7.17  0.12  0.50  0.30 312.0
 BIL 20040703  8.43  6.84  0.09  0.55  0.28 323.7
 BIL 20040704  8.21  5.89  0.11  0.33  0.33 330.7
 BIL 20040705  7.85  3.78  0.08  0.05  0.20 343.1
 BIL 20040706  8.13  6.73  0.15  0.56  0.21 332.6
 BIL 20040707  8.63  6.96  0.00  0.62  0.32 315.9
 BIL 20040708  7.87  7.09  0.32  0.53  0.15 340.9
 BIL 20040709  8.04  7.46  0.49  0.42  0.09 334.1
 BIL 20040710  8.29  7.37  0.23  0.60  0.17 324.4
 BIL 20040711  8.34  6.78  0.16  0.53  0.20 322.2
 BIL 20040712  8.52  7.84  0.48  0.42  0.09 316.0
 BIL 20040713  9.41  8.09  0.27  0.53  0.13 289.9
 BIL 20040714  9.13  8.19  0.56  0.30  0.07 296.2
 BIL 20040715  9.20  7.98  0.25  0.56  0.14 293.8
 BIL 20040716  8.98  7.57  0.21  0.55  0.16 298.5
 BIL 20040717  9.11  8.46  0.43  0.52  0.05 294.6
 BIL 20040718  9.18  8.15  0.20  0.61  0.20 291.8
 BIL 20040719  8.86  6.24  0.10  0.34  0.30 299.3
 BIL 20040720  9.00  6.55  0.03  0.45  0.32 294.8
 BIL 20040721  8.62  7.25  0.21  0.52  0.20 304.2
 BIL 20040722  8.55  7.04  0.21  0.51  0.17 304.9
 BIL 20040723  8.12  6.07  0.24  0.38  0.12 317.5
 BIL 20040724  7.89  7.36  0.54  0.42  0.02 323.7
 BIL 20040725  7.77  7.51  0.74  0.26  0.00 326.5
 BIL 20040726  8.17  7.38  0.31  0.56  0.13 312.2
 BIL 20040727  8.21  7.26  0.27  0.56  0.15 309.6
 BIL 20040728  7.82  5.87  0.05  0.50  0.27 321.0
 BIL 20040729  7.70  6.41  0.15  0.56  0.22 323.7
 BIL 20040730  7.95  6.94  0.16  0.61  0.23 313.6
 BIL 20040731  8.02  7.27  0.34  0.53  0.13 309.6
 BIL 20040801  7.82  6.84  0.24  0.57  0.16 314.6
 BIL 20040802  7.77  6.06  0.05  0.53  0.30 314.5
 BIL 20040803  7.75  6.09  0.08  0.54  0.25 313.5
 BIL 20040804  7.85  6.56  0.26  0.50  0.13 308.4
 BIL 20040805  8.23  7.17  0.37  0.44  0.12 294.6
 BIL 20040806  7.97  7.05  0.36  0.49  0.10 300.7
 BIL 20040807  7.94  7.11  0.29  0.54  0.17 299.8
 BIL 20040808  7.49  6.05  0.17  0.50  0.21 313.6
 BIL 20040809  7.56  6.13  0.27  0.44  0.14 309.1
 BIL 20040810  7.44  5.97  0.23  0.45  0.17 310.8
 BIL 20040811  7.09  6.52  0.54  0.37  0.06 321.3
 BIL 20040812  7.31  6.69  0.47  0.45  0.05 311.1
 BIL 20040813  7.33  7.04  0.68  0.32  0.00 308.1
 BIL 20040814  7.27  6.95  0.63  0.37  0.00 307.9
 BIL 20040815  7.25  6.82  0.49  0.50  0.01 306.5
 BIL 20040816  7.44  6.00  0.09  0.55  0.27 297.4
 BIL 20040817  7.51  5.87  0.14  0.44  0.28 293.0
 BIL 20040818  7.47  5.65  0.11  0.44  0.27 292.2
 BIL 20040819  6.88  6.02  0.18  0.60  0.22 310.4
 BIL 20040820  6.73  5.19  0.11  0.43  0.32 313.5
 BIL 20040821  6.86  5.58  0.07  0.58  0.28 305.6
 BIL 20040822  6.97  5.96  0.16  0.58  0.23 298.3
 BIL 20040823  6.62  5.09  0.00  0.52  0.37 309.3
 BIL 20040824  6.51  5.71  0.19  0.59  0.22 310.5
 BIL 20040825  6.23  3.92  0.00  0.20  0.48 319.2
 BIL 20040826  5.99  3.20  0.00  0.13  0.35 327.0
 BIL 20040827  5.96  4.26  0.10  0.31  0.37 324.7
 BIL 20040828  6.21  4.87  0.00  0.56  0.35 311.4
 BIL 20040829  6.25  4.74  0.00  0.55  0.30 305.9
 BIL 20040830  6.21  5.63  0.35  0.52  0.13 304.5
 BIL 20040831  6.43  6.12  0.54  0.46  0.01 292.4
 BIL 20040901  6.49  5.75  0.17  0.65  0.19 286.8
 BIL 20040902  6.08  3.63  0.00  0.23  0.36 299.5
 BIL 20040903  5.83  3.23  0.11  0.17  0.16 307.0
 BIL 20040904  5.46  4.47  0.14  0.54  0.23 320.5
 BIL 20040905  5.75  4.93  0.31  0.45  0.17 303.0
 BIL 20040906  5.75  4.71  0.27  0.44  0.16 299.4
 BIL 20040907  5.84  4.88  0.12  0.58  0.25 292.4
 BIL 20040908  5.59  5.06  0.32  0.55  0.13 298.9
 BIL 20040909  5.53  4.95  0.42  0.41  0.14 297.9
 BIL 20040910  5.29  4.26  0.04  0.59  0.29 305.5
 BIL 20040911  5.53  4.74  0.09  0.63  0.28 290.7
 BIL 20040912  5.42  3.46  0.00  0.33  0.32 291.5
 BIL 20040913  4.96  2.42  0.01  0.10  0.26 310.0
 BIL 20040914  4.83  2.81  0.02  0.25  0.26 312.8
 BIL 20040915  4.85  3.63  0.02  0.47  0.36 307.6
 BIL 20040916  4.65  3.78  0.18  0.50  0.21 314.2
 BIL 20040917  4.82  3.88  0.03  0.59  0.31 299.7
 BIL 20040918  4.99  4.34  0.20  0.53  0.27 287.3
 BIL 20040919  4.78  2.91  0.00  0.25  0.36 293.3
 BIL 20040920  4.46  2.69  0.00  0.33  0.23 306.5
 BIL 20040921  4.24  3.25  0.15  0.42  0.26 315.4
 BIL 20040922  4.22  3.37  0.21  0.46  0.18 312.0
 BIL 20040923  4.55  2.94  0.06  0.28  0.31 287.6
 BIL 20040924  4.50  3.79  0.22  0.51  0.20 285.8
 BIL 20040925  4.56  4.33  0.56  0.44  0.00 277.3
 BIL 20040926  4.47  3.82  0.28  0.51  0.13 277.3
 BIL 20040927  4.31  3.34  0.22  0.38  0.22 281.6
 BIL 20040928  4.11  3.63  0.44  0.39  0.11 288.7
 BIL 20040929  4.15  3.47  0.32  0.44  0.12 281.5
 BIL 20040930  4.18  3.26  0.19  0.41  0.24 274.8
 BIL 20041001  3.75  3.29  0.53  0.27  0.11 296.2
 BIL 20041002  3.72  3.38  0.50  0.38  0.08 293.3
 BIL 20041003  3.78  3.31  0.43  0.39  0.10 284.2
 BIL 20041004  3.87  3.48  0.53  0.36  0.04 273.6
 BIL 20041005  3.94  3.69  0.59  0.36  0.03 264.3
 BIL 20041006  3.84  3.63  0.56  0.39  0.06 265.3
 BIL 20041007  3.81  2.71  0.20  0.29  0.22 261.9
 BIL 20041008  3.62  3.21  0.44  0.40  0.10 268.7
 BIL 20041009  3.76  3.05  0.06  0.57  0.30 255.4
 BIL 20041010  3.61  1.94  0.00  0.19  0.27 259.9
 BIL 20041011  3.38  2.90  0.36  0.43  0.12 270.0
 BIL 20041012  3.45  2.88  0.20  0.49  0.24 260.2
 BIL 20041013  3.00  2.70  0.40  0.44  0.14 288.1
 BIL 20041014  3.13  2.10  0.02  0.37  0.31 272.0
 BIL 20041015  2.95  1.90  0.11  0.29  0.21 280.7
 BIL 20041016  2.72  1.55  0.00  0.21  0.32 294.9
 BIL 20041017  2.66  1.80  0.03  0.40  0.27 294.9
 BIL 20041018  2.47  1.44  0.07  0.18  0.28 309.1
 BIL 20041019  2.45  1.78  0.14  0.38  0.23 305.1
 BIL 20041020  2.52  1.52  0.09  0.22  0.24 292.0
 BIL 20041021  2.40  1.30  0.00  0.19  0.28 298.5
 BIL 20041022  2.48  2.01  0.23  0.44  0.21 285.2
 BIL 20041023  2.56  1.82  0.00  0.46  0.31 271.1
 BIL 20041024  2.30  1.84  0.22  0.44  0.20 292.6
 BIL 20041025  2.43  1.87  0.25  0.38  0.16 272.2
 BIL 20041026  2.36  1.54  0.14  0.28  0.20 273.4
 BIL 20041027  2.27  1.66  0.13  0.40  0.24 276.7
 BIL 20041028  2.20  1.51  0.08  0.36  0.26 279.5
 BIL 20041029  2.11  1.59  0.22  0.33  0.24 285.1
 BIL 20041030  2.19  1.74  0.12  0.47  0.30 270.0
 BIL 20041031  1.89  1.45  0.14  0.43  0.26 302.7
 BIL 20041101  1.79  1.64  0.45  0.43  0.12 312.8
 BIL 20041102  2.15  1.68  0.13  0.44  0.30 259.6
 BIL 20041103  2.22  1.32  0.00  0.28  0.28 246.2
 BIL 20041104  1.89  1.75  0.53  0.39  0.06 279.6
 BIL 20041105  1.90  1.76  0.50  0.40  0.10 271.5
 BIL 20041106  1.91  1.63  0.19  0.52  0.27 265.0
 BIL 20041107  1.98  1.68  0.30  0.44  0.18 251.1
 BIL 20041108  1.91  1.77  0.49  0.41  0.10 255.5
 BIL 20041109  1.86  1.52  0.11  0.54  0.27 256.8
 BIL 20041110  1.69  1.35  0.31  0.37  0.15 275.6
 BIL 20041111  1.54  1.39  0.56  0.33  0.03 293.9
 BIL 20041112  1.54  1.33  0.51  0.32  0.04 289.8
 BIL 20041113  1.42  1.20  0.40  0.38  0.10 306.7
 BIL 20041114  1.39  1.31  0.64  0.33  0.01 306.5
 BIL 20041115  1.40  1.31  0.55  0.37  0.09 298.6
 BIL 20041116  1.41  1.19  0.27  0.46  0.20 290.1
 BIL 20041117  1.39  1.23  0.32  0.48  0.17 288.8
 BIL 20041118  1.38  1.23  0.39  0.44  0.14 287.9
 BIL 20041119  1.20  0.96  0.15  0.48  0.24 322.0
 BIL 20041120  1.17  1.02  0.44  0.37  0.10 325.3
 BIL 20041121  1.14  0.98  0.29  0.46  0.20 330.7
 BIL 20041122  1.16  0.82  0.02  0.43  0.31 318.7
 BIL 20041123  1.08  0.82  0.18  0.41  0.20 336.0
 BIL 20041124  1.10  0.79  0.15  0.32  0.28 325.0
 BIL 20041125  1.21  0.89  0.07  0.41  0.33 292.1
 BIL 20041126  1.08  0.78  0.11  0.38  0.27 321.1
 BIL 20041127  0.98  0.79  0.23  0.44  0.19 348.9
 BIL 20041128  0.92  0.69  0.29  0.28  0.17 366.6
 BIL 20041129  0.97  0.89  0.40  0.45  0.16 342.2
 BIL 20041130  1.05  0.85  0.09  0.53  0.30 314.9
 BIL 20041201  0.97  0.79  0.17  0.49  0.25 336.7
 BIL 20041202  0.99  0.89  0.36  0.46  0.18 325.4
 BIL 20041203  1.04  0.86  0.12  0.52  0.33 306.8
 BIL 20041204  1.07  0.81  0.09  0.45  0.30 295.3
 BIL 20041205  1.05  0.93  0.33  0.47  0.18 296.1
 BIL 20041206  1.03  0.79  0.16  0.42  0.24 298.4
 BIL 20041207  0.99  0.69  0.00  0.40  0.35 307.6
 BIL 20041208  0.92  0.70  0.04  0.47  0.35 330.5
 BIL 20041209  0.99  0.86  0.26  0.46  0.25 303.6
 BIL 20041210  1.13  0.86  0.07  0.45  0.34 268.4
 BIL 20041211  1.15  0.80  0.00  0.38  0.39 261.6
 BIL 20041212  1.03  0.90  0.48  0.34  0.07 287.9
 BIL 20041213  0.99  0.96  0.72  0.28  0.00 298.1
 BIL 20041214  0.97  0.75  0.12  0.44  0.29 301.9
 BIL 20041215  0.82  0.53  0.13  0.21  0.28 355.4
 BIL 20041216  0.82  0.72  0.25  0.51  0.24 353.4
 BIL 20041217  0.90  0.69  0.21  0.36  0.26 325.7
 BIL 20041218  0.89  0.79  0.33  0.47  0.17 328.0
 BIL 20041219  1.01  0.86  0.11  0.56  0.33 290.0
 BIL 20041220  0.83  0.64  0.07  0.47  0.33 352.6
 BIL 20041221  0.75  0.37  0.01  0.11  0.27 392.2
 BIL 20041223  0.76  0.70  0.49  0.41  0.10 389.7
 BIL 20041224  0.95  0.72  0.06  0.45  0.35 310.6
 BIL 20041225  0.98  0.66  0.07  0.31  0.31 299.9
 BIL 20041226  1.02  0.83  0.12  0.53  0.27 289.4
 BIL 20041227  1.03  0.78  0.16  0.42  0.23 288.8
 BIL 20041228  0.98  0.85  0.33  0.44  0.18 300.2
 BIL 20041229  1.02  0.80  0.20  0.40  0.24 291.0
 BIL 20041230  0.99  0.63  0.07  0.24  0.32 298.1
 BIL 20041231  0.96  0.73  0.18  0.43  0.18 307.9
