 CLE 20040101  1.45  1.03  0.17  0.39  0.13 298.6
 CLE 20040102  1.40  0.73  0.13  0.17  0.04 312.0
 CLE 20040103  1.55  0.84  0.00  0.25  0.19 285.7
 CLE 20040104  1.64  0.53  0.00  0.00  0.02 275.0
 CLE 20040105  1.60  0.80  0.00  0.18  0.20 282.9
 CLE 20040106  1.31  0.87  0.11  0.24  0.34 346.2
 CLE 20040107  1.15  0.91  0.20  0.38  0.30 395.3
 CLE 20040108  1.41  0.86  0.02  0.29  0.27 325.4
 CLE 20040109  1.39  1.00  0.15  0.35  0.25 334.9
 CLE 20040110  1.26  1.02  0.31  0.34  0.21 370.6
 CLE 20040111  1.44  0.81  0.15  0.18  0.10 327.7
 CLE 20040112  1.52  0.65  0.00  0.07  0.17 316.1
 CLE 20040113  1.47  0.87  0.09  0.23  0.20 329.7
 CLE 20040114  1.54  0.59  0.00  0.05  0.10 321.3
 CLE 20040115  1.34  0.74  0.05  0.13  0.31 371.4
 CLE 20040116  1.51  1.09  0.23  0.30  0.19 336.8
 CLE 20040117  1.70  0.65  0.00  0.04  0.10 304.2
 CLE 20040118  1.59  1.06  0.16  0.26  0.23 328.5
 CLE 20040119  1.48  0.85  0.08  0.18  0.24 355.5
 CLE 20040120  1.56  1.00  0.07  0.27  0.30 342.5
 CLE 20040121  1.57  0.97  0.13  0.20  0.24 343.8
 CLE 20040122  1.55  1.03  0.06  0.28  0.35 353.9
 CLE 20040123  1.46  0.88  0.02  0.23  0.34 382.6
 CLE 20040124  1.62  1.11  0.15  0.27  0.26 351.9
 CLE 20040125  2.01  1.24  0.05  0.32  0.20 292.5
 CLE 20040126  2.12  0.83  0.00  0.05  0.11 284.0
 CLE 20040127  1.90  0.62  0.00  0.00  0.03 318.7
 CLE 20040128  1.49  0.81  0.06  0.15  0.24 407.0
 CLE 20040129  1.47  0.86  0.01  0.22  0.32 418.7
 CLE 20040130  1.33  0.86  0.07  0.26  0.33 472.7
 CLE 20040131  1.58  1.10  0.19  0.28  0.22 403.6
 CLE 20040201  2.08  1.41  0.13  0.34  0.18 316.5
 CLE 20040202  2.33  1.60  0.14  0.38  0.14 290.8
 CLE 20040203  2.03  0.70  0.00  0.00  0.07 335.0
 CLE 20040204  2.14  1.74  0.32  0.37  0.16 325.4
 CLE 20040205  2.27  1.42  0.04  0.34  0.21 314.6
 CLE 20040206  2.51  0.98  0.00  0.05  0.11 291.9
 CLE 20040207  1.95  0.90  0.13  0.02  0.11 374.3
 CLE 20040208  2.00  1.79  0.38  0.45  0.16 371.8
 CLE 20040209  2.31  0.98  0.01  0.03  0.20 329.9
 CLE 20040210  2.02  1.05  0.00  0.13  0.31 380.0
 CLE 20040211  2.05  1.31  0.07  0.28  0.27 381.6
 CLE 20040212  2.16  1.12  0.02  0.17  0.22 371.0
 CLE 20040213  2.33  1.81  0.30  0.33  0.16 352.3
 CLE 20040214  2.31  1.63  0.20  0.30  0.19 361.6
 CLE 20040215  2.41  2.07  0.38  0.38  0.16 354.5
 CLE 20040216  2.90  2.51  0.36  0.43  0.14 305.3
 CLE 20040217  2.51  1.60  0.10  0.26  0.25 354.0
 CLE 20040218  2.43  1.93  0.22  0.43  0.20 370.3
 CLE 20040219  2.53  1.44  0.00  0.27  0.23 362.7
 CLE 20040220  2.80  1.21  0.00  0.08  0.17 336.3
 CLE 20040221  2.31  0.97  0.09  0.00  0.11 409.7
 CLE 20040222  2.88  1.95  0.12  0.31  0.24 340.3
 CLE 20040223  2.94  1.41  0.09  0.08  0.14 340.7
 CLE 20040224  2.98  1.08  0.00  0.00  0.11 342.4
 CLE 20040225  2.93  2.33  0.37  0.31  0.12 353.2
 CLE 20040226  3.21  2.65  0.42  0.33  0.08 331.0
 CLE 20040227  3.28  3.08  0.52  0.44  0.04 330.8
 CLE 20040228  3.29  3.09  0.52  0.45  0.03 335.3
 CLE 20040301  3.93  1.96  0.09  0.14  0.10 295.8
 CLE 20040302  3.48  2.28  0.12  0.28  0.23 334.9
 CLE 20040303  3.55  1.87  0.00  0.22  0.20 334.9
 CLE 20040304  3.74  1.61  0.00  0.12  0.11 325.2
 CLE 20040305  3.99  2.01  0.07  0.12  0.17 312.0
 CLE 20040306  4.06  1.84  0.11  0.06  0.07 312.8
 CLE 20040307  3.60  1.54  0.00  0.03  0.23 352.5
 CLE 20040308  3.12  1.81  0.06  0.18  0.29 407.1
 CLE 20040309  3.10  2.11  0.15  0.27  0.26 415.4
 CLE 20040310  3.24  2.93  0.44  0.41  0.13 405.3
 CLE 20040311  4.05  2.59  0.21  0.23  0.12 337.7
 CLE 20040312  3.29  2.23  0.12  0.25  0.33 411.9
 CLE 20040313  3.84  3.47  0.37  0.46  0.17 364.2
 CLE 20040314  4.15  2.28  0.21  0.13  0.04 345.1
 CLE 20040315  3.86  2.87  0.10  0.41  0.30 373.1
 CLE 20040316  4.11  1.50  0.00  0.00  0.12 358.1
 CLE 20040317  3.34  1.61  0.00  0.08  0.29 437.8
 CLE 20040318  4.06  2.24  0.00  0.18  0.32 372.2
 CLE 20040319  4.30  3.12  0.18  0.32  0.25 358.6
 CLE 20040320  5.00  3.13  0.20  0.21  0.13 318.9
 CLE 20040321  3.40  2.56  0.21  0.29  0.31 454.7
 CLE 20040322  3.38  3.04  0.40  0.40  0.20 463.0
 CLE 20040323  4.31  3.83  0.33  0.44  0.23 377.2
 CLE 20040324  4.81  2.16  0.08  0.08  0.08 347.0
 CLE 20040325  4.96  2.81  0.18  0.13  0.13 342.0
 CLE 20040326  5.32  2.43  0.09  0.09  0.07 325.7
 CLE 20040327  5.48  3.65  0.29  0.25  0.02 321.4
 CLE 20040328  5.73  4.76  0.46  0.35  0.00 313.2
 CLE 20040329  5.66  3.38  0.24  0.17  0.05 320.1
 CLE 20040330  5.63  2.17  0.06  0.03  0.03 325.3
 CLE 20040331  4.99  2.41  0.00  0.13  0.22 364.6
 CLE 20040401  5.05  2.03  0.07  0.03  0.05 365.0
 CLE 20040402  5.31  2.37  0.17  0.00  0.04 353.1
 CLE 20040403  5.68  3.73  0.05  0.31  0.31 336.9
 CLE 20040404  4.43  2.47  0.03  0.17  0.30 422.3
 CLE 20040405  4.55  4.21  0.49  0.41  0.10 416.5
 CLE 20040406  5.17  3.28  0.14  0.30  0.12 376.2
 CLE 20040407  5.52  4.48  0.26  0.41  0.20 359.4
 CLE 20040408  5.80  2.90  0.00  0.12  0.28 347.7
 CLE 20040409  5.68  4.85  0.15  0.57  0.26 357.5
 CLE 20040410  6.11  3.99  0.01  0.35  0.31 339.1
 CLE 20040411  5.82  2.35  0.00  0.08  0.10 356.1
 CLE 20040412  6.62  3.67  0.00  0.27  0.20 322.5
 CLE 20040413  6.50  2.43  0.00  0.00  0.14 329.5
 CLE 20040414  5.70  4.89  0.36  0.41  0.15 371.6
 CLE 20040415  5.97  5.50  0.38  0.56  0.06 360.3
 CLE 20040416  6.16  3.94  0.14  0.29  0.15 353.4
 CLE 20040417  6.28  4.50  0.00  0.43  0.37 350.4
 CLE 20040418  6.99  5.38  0.06  0.50  0.30 322.6
 CLE 20040419  7.55  4.71  0.00  0.29  0.34 304.5
 CLE 20040420  7.23  5.47  0.29  0.33  0.13 318.5
 CLE 20040421  7.20  2.70  0.03  0.01  0.08 321.7
 CLE 20040422  6.70  3.32  0.00  0.16  0.21 344.0
 CLE 20040423  6.95  3.85  0.00  0.17  0.34 335.6
 CLE 20040424  6.84  6.37  0.57  0.39  0.01 342.4
 CLE 20040425  7.80  3.03  0.00  0.04  0.12 308.7
 CLE 20040426  7.15  5.19  0.07  0.42  0.29 333.8
 CLE 20040427  5.42  3.54  0.00  0.30  0.40 425.3
 CLE 20040428  6.20  4.35  0.23  0.31  0.12 380.9
 CLE 20040429  7.11  6.38  0.29  0.55  0.16 341.5
 CLE 20040430  7.56  4.30  0.13  0.25  0.05 325.9
 CLE 20040501  7.60  3.46  0.02  0.09  0.18 326.5
 CLE 20040502  8.20  3.13  0.00  0.00  0.16 307.8
 CLE 20040503  6.27  4.84  0.15  0.40  0.30 387.9
 CLE 20040504  6.81  4.68  0.15  0.31  0.22 363.2
 CLE 20040505  6.63  5.46  0.31  0.35  0.23 372.9
 CLE 20040506  7.61  6.58  0.20  0.55  0.23 333.5
 CLE 20040507  8.29  6.74  0.26  0.44  0.16 311.9
 CLE 20040508  7.87  4.60  0.02  0.29  0.21 327.1
 CLE 20040509  8.19  5.50  0.06  0.33  0.30 317.9
 CLE 20040510  8.33  6.71  0.12  0.50  0.29 315.0
 CLE 20040511  8.90  6.45  0.13  0.39  0.23 298.6
 CLE 20040512  8.83  6.93  0.13  0.48  0.25 301.6
 CLE 20040513  9.21  6.79  0.10  0.42  0.27 292.6
 CLE 20040514  8.69  4.63  0.04  0.13  0.28 308.1
 CLE 20040515  8.63  4.09  0.06  0.11  0.13 310.9
 CLE 20040516  8.02  7.19  0.43  0.43  0.10 331.6
 CLE 20040517  8.32  7.01  0.14  0.59  0.22 322.3
 CLE 20040518  8.49  5.33  0.00  0.29  0.35 318.2
 CLE 20040519  8.01  5.08  0.07  0.29  0.25 335.2
 CLE 20040520  8.37  5.94  0.02  0.40  0.36 323.7
 CLE 20040521  8.59  4.65  0.00  0.17  0.31 317.7
 CLE 20040522  8.64  7.23  0.14  0.55  0.26 316.7
 CLE 20040523  8.49  4.92  0.00  0.27  0.26 321.9
 CLE 20040524  7.77  5.68  0.03  0.44  0.34 347.5
 CLE 20040525  7.94  5.71  0.04  0.45  0.28 342.1
 CLE 20040526  7.60  4.22  0.00  0.20  0.30 355.8
 CLE 20040527  7.45  3.86  0.00  0.13  0.31 362.7
 CLE 20040528  7.91  6.36  0.12  0.51  0.27 345.7
 CLE 20040529  7.68  6.40  0.23  0.49  0.19 354.6
 CLE 20040530  7.96  4.49  0.06  0.26  0.14 345.1
 CLE 20040531  8.50  3.35  0.04  0.06  0.04 326.5
 CLE 20040601  7.06  5.35  0.16  0.37  0.29 382.4
 CLE 20040602  7.18  4.72  0.10  0.23  0.34 377.1
 CLE 20040603  7.24  6.51  0.28  0.58  0.14 375.0
 CLE 20040604  7.68  6.80  0.33  0.49  0.15 357.5
 CLE 20040605  8.35  5.28  0.05  0.31  0.25 333.9
 CLE 20040606  8.47  6.10  0.04  0.43  0.31 330.1
 CLE 20040607  8.47  7.60  0.27  0.59  0.14 330.7
 CLE 20040608  8.87  7.91  0.23  0.61  0.16 318.3
 CLE 20040609  9.14  7.32  0.11  0.51  0.28 311.1
 CLE 20040610  9.35  4.79  0.06  0.19  0.11 305.0
 CLE 20040611  9.96  4.17  0.00  0.05  0.18 289.9
 CLE 20040612  9.31  5.48  0.02  0.27  0.25 306.6
 CLE 20040613  9.61  4.68  0.00  0.14  0.22 298.4
 CLE 20040614  8.65  6.06  0.02  0.40  0.34 325.9
 CLE 20040615  8.96  7.17  0.16  0.52  0.18 316.8
 CLE 20040616  9.29  5.07  0.00  0.17  0.32 307.6
 CLE 20040617  9.95  5.07  0.00  0.15  0.26 290.7
 CLE 20040618 10.33  6.71  0.00  0.37  0.29 281.7
 CLE 20040619  9.28  7.85  0.25  0.46  0.23 308.1
 CLE 20040620  8.54  7.09  0.14  0.54  0.26 330.1
 CLE 20040621  8.51  6.04  0.11  0.36  0.27 330.7
 CLE 20040622  8.87  6.05  0.00  0.39  0.34 319.6
 CLE 20040623  8.77  7.75  0.27  0.53  0.19 322.6
 CLE 20040624  8.33  6.88  0.19  0.53  0.18 336.4
 CLE 20040625  8.76  6.25  0.09  0.39  0.27 322.6
 CLE 20040626  8.35  7.19  0.21  0.54  0.22 335.6
 CLE 20040627  8.11  6.58  0.10  0.54  0.28 343.6
 CLE 20040628  8.47  3.89  0.01  0.13  0.15 331.2
 CLE 20040629  7.74  6.47  0.17  0.52  0.25 356.8
 CLE 20040630  7.60  6.72  0.23  0.57  0.20 362.1
 CLE 20040701  8.01  6.63  0.15  0.53  0.25 345.9
 CLE 20040702  8.42  7.09  0.17  0.56  0.21 331.5
 CLE 20040703  8.70  7.55  0.24  0.56  0.16 322.1
 CLE 20040704  9.07  4.44  0.04  0.09  0.23 310.7
 CLE 20040705  8.77  6.27  0.05  0.41  0.31 319.1
 CLE 20040706  9.20  6.07  0.04  0.32  0.32 306.4
 CLE 20040707  9.14  6.29  0.05  0.35  0.33 307.6
 CLE 20040708  8.16  5.49  0.00  0.34  0.39 337.8
 CLE 20040709  8.68  7.35  0.18  0.55  0.22 320.3
 CLE 20040710  9.26  6.49  0.05  0.40  0.29 302.5
 CLE 20040711  9.15  7.37  0.10  0.55  0.25 305.0
 CLE 20040712  9.42  5.22  0.00  0.17  0.34 297.3
 CLE 20040713  8.96  6.33  0.00  0.44  0.33 309.3
 CLE 20040714  8.18  4.12  0.00  0.09  0.33 333.1
 CLE 20040715  8.10  5.20  0.08  0.27  0.28 335.1
 CLE 20040716  7.99  6.43  0.13  0.50  0.27 338.2
 CLE 20040717  8.15  5.17  0.02  0.30  0.32 331.9
 CLE 20040718  8.01  4.15  0.12  0.13  0.11 335.9
 CLE 20040719  8.08  6.04  0.13  0.41  0.26 333.0
 CLE 20040720  8.23  5.59  0.09  0.31  0.30 326.3
 CLE 20040721  8.82  7.25  0.16  0.51  0.25 307.3
 CLE 20040722  9.74  6.27  0.02  0.33  0.30 282.0
 CLE 20040723  9.26  6.44  0.06  0.40  0.26 293.3
 CLE 20040724  8.64  7.00  0.14  0.54  0.21 309.7
 CLE 20040725  9.00  6.05  0.00  0.41  0.29 298.3
 CLE 20040726  9.23  3.79  0.00  0.05  0.16 291.2
 CLE 20040727  8.45  3.55  0.00  0.01  0.24 312.6
 CLE 20040728  7.87  5.32  0.01  0.36  0.35 330.3
 CLE 20040729  8.15  7.37  0.27  0.60  0.14 319.7
 CLE 20040730  8.52  5.36  0.00  0.30  0.34 307.0
 CLE 20040731  8.63  4.19  0.02  0.12  0.21 302.2
 CLE 20040801  7.93  6.71  0.19  0.55  0.20 322.7
 CLE 20040802  8.27  6.24  0.13  0.42  0.26 310.5
 CLE 20040803  8.19  6.29  0.08  0.48  0.29 311.6
 CLE 20040804  8.82  4.47  0.00  0.13  0.28 291.6
 CLE 20040805  7.90  6.02  0.04  0.51  0.30 318.1
 CLE 20040806  7.06  6.13  0.24  0.53  0.20 347.8
 CLE 20040807  7.26  6.02  0.19  0.50  0.23 338.5
 CLE 20040808  7.40  5.45  0.12  0.40  0.26 331.3
 CLE 20040809  7.68  4.96  0.01  0.33  0.32 319.4
 CLE 20040810  7.43  4.92  0.00  0.33  0.38 326.4
 CLE 20040811  7.39  4.83  0.00  0.32  0.37 325.8
 CLE 20040812  7.15  5.01  0.02  0.40  0.34 333.4
 CLE 20040813  7.21  4.69  0.02  0.30  0.36 328.9
 CLE 20040814  7.51  5.81  0.11  0.47  0.27 316.0
 CLE 20040815  7.04  5.43  0.10  0.47  0.28 331.6
 CLE 20040816  6.93  6.17  0.22  0.62  0.16 333.8
 CLE 20040817  7.08  5.14  0.07  0.42  0.29 325.7
 CLE 20040818  7.30  5.90  0.15  0.49  0.26 315.7
 CLE 20040819  7.60  4.94  0.05  0.32  0.28 302.5
 CLE 20040820  7.64  4.24  0.08  0.24  0.11 298.7
 CLE 20040821  7.21  6.18  0.21  0.54  0.21 311.8
 CLE 20040822  7.14  6.54  0.39  0.51  0.10 312.1
 CLE 20040823  7.20  5.78  0.09  0.55  0.26 307.2
 CLE 20040824  7.31  5.96  0.14  0.55  0.21 300.8
 CLE 20040825  7.50  4.14  0.05  0.20  0.21 292.4
 CLE 20040826  7.46  4.24  0.00  0.23  0.29 291.4
 CLE 20040827  7.63  5.48  0.02  0.45  0.31 283.7
 CLE 20040828  7.56  3.85  0.00  0.15  0.26 283.6
 CLE 20040829  7.57  3.42  0.03  0.08  0.17 280.7
 CLE 20040830  7.56  4.46  0.02  0.28  0.24 278.4
 CLE 20040831  6.95  5.80  0.16  0.56  0.21 295.9
 CLE 20040901  6.91  5.45  0.22  0.43  0.18 294.4
 CLE 20040902  6.91  5.63  0.17  0.52  0.20 291.9
 CLE 20040903  6.80  4.20  0.04  0.31  0.23 293.0
 CLE 20040904  6.66  4.21  0.01  0.32  0.30 295.0
 CLE 20040905  6.73  5.62  0.18  0.55  0.19 289.8
 CLE 20040906  7.06  5.82  0.24  0.49  0.15 275.1
 CLE 20040907  6.66  4.19  0.07  0.29  0.24 286.5
 CLE 20040908  6.79  2.45  0.00  0.00  0.11 278.7
 CLE 20040909  6.34  3.28  0.00  0.12  0.32 292.1
 CLE 20040910  6.05  5.11  0.30  0.45  0.16 300.0
 CLE 20040911  6.19  5.61  0.31  0.58  0.11 291.4
 CLE 20040912  6.14  5.53  0.28  0.59  0.13 290.0
 CLE 20040913  6.18  5.40  0.23  0.58  0.16 285.1
 CLE 20040914  5.86  5.13  0.22  0.58  0.18 294.5
 CLE 20040915  6.01  4.49  0.07  0.47  0.27 285.0
 CLE 20040916  6.02  3.53  0.02  0.26  0.26 280.9
 CLE 20040917  6.15  3.76  0.09  0.27  0.19 272.5
 CLE 20040918  5.65  5.33  0.53  0.45  0.02 289.2
 CLE 20040919  5.80  5.53  0.60  0.40  0.00 279.0
 CLE 20040920  5.73  5.47  0.62  0.38  0.00 278.4
 CLE 20040921  5.75  5.49  0.62  0.38  0.00 273.9
 CLE 20040922  5.60  5.35  0.61  0.39  0.00 276.2
 CLE 20040923  5.44  5.17  0.56  0.44  0.00 279.4
 CLE 20040924  5.50  4.93  0.26  0.60  0.14 273.0
 CLE 20040925  5.49  3.37  0.01  0.31  0.27 269.9
 CLE 20040926  5.00  4.01  0.22  0.47  0.16 288.2
 CLE 20040927  4.78  3.74  0.16  0.47  0.21 294.6
 CLE 20040928  4.91  3.24  0.01  0.36  0.31 284.1
 CLE 20040929  4.82  3.73  0.27  0.34  0.19 284.7
 CLE 20040930  4.64  3.94  0.28  0.46  0.19 290.0
 CLE 20041001  4.64  4.33  0.49  0.46  0.05 285.8
 CLE 20041002  4.34  2.88  0.19  0.25  0.18 297.7
 CLE 20041003  3.97  3.65  0.44  0.45  0.11 316.9
 CLE 20041004  4.06  2.69  0.11  0.27  0.28 305.4
 CLE 20041005  3.84  3.27  0.32  0.41  0.20 316.1
 CLE 20041006  3.91  3.51  0.41  0.44  0.12 305.9
 CLE 20041007  3.88  3.58  0.50  0.42  0.06 302.4
 CLE 20041008  3.90  2.76  0.21  0.33  0.14 296.8
 CLE 20041009  3.86  2.16  0.08  0.18  0.21 294.9
 CLE 20041010  3.79  2.98  0.34  0.33  0.12 294.8
 CLE 20041011  4.19  3.48  0.40  0.37  0.07 266.0
 CLE 20041012  4.22  3.69  0.46  0.40  0.04 260.5
 CLE 20041013  3.98  2.22  0.00  0.27  0.21 269.1
 CLE 20041014  3.74  1.59  0.03  0.06  0.13 279.1
 CLE 20041015  3.24  1.18  0.00  0.00  0.12 311.0
 CLE 20041016  2.93  1.31  0.00  0.03  0.28 333.8
 CLE 20041017  2.91  2.05  0.14  0.30  0.29 329.3
 CLE 20041018  3.33  1.70  0.02  0.17  0.20 288.3
 CLE 20041019  3.32  1.28  0.00  0.00  0.17 284.4
 CLE 20041020  3.22  1.37  0.00  0.07  0.17 287.5
 CLE 20041021  2.99  1.74  0.15  0.20  0.12 301.5
 CLE 20041022  3.10  1.98  0.19  0.23  0.15 287.1
 CLE 20041023  3.28  1.90  0.07  0.25  0.17 268.6
 CLE 20041024  3.11  1.58  0.06  0.16  0.14 275.7
 CLE 20041025  3.18  2.20  0.27  0.26  0.10 266.4
 CLE 20041026  3.25  2.04  0.12  0.27  0.18 256.5
 CLE 20041027  3.16  1.52  0.03  0.13  0.17 258.2
 CLE 20041028  3.07  2.00  0.12  0.30  0.19 260.5
 CLE 20041029  3.33  1.87  0.12  0.18  0.15 239.6
 CLE 20041030  3.00  1.64  0.08  0.20  0.15 257.4
 CLE 20041031  2.82  1.94  0.20  0.27  0.20 267.6
 CLE 20041101  3.08  1.70  0.04  0.24  0.17 243.8
 CLE 20041102  3.19  1.23  0.00  0.05  0.10 232.6
 CLE 20041103  2.86  2.38  0.40  0.37  0.08 250.9
 CLE 20041104  2.72  0.97  0.00  0.00  0.10 257.4
 CLE 20041105  2.37  1.94  0.19  0.44  0.29 286.2
 CLE 20041106  2.43  1.75  0.17  0.36  0.20 273.9
 CLE 20041107  2.35  1.54  0.11  0.30  0.22 277.8
 CLE 20041108  2.21  1.73  0.19  0.38  0.29 290.1
 CLE 20041109  2.06  1.62  0.19  0.41  0.26 304.5
 CLE 20041110  2.31  1.84  0.19  0.47  0.20 270.8
 CLE 20041111  2.22  0.83  0.00  0.04  0.08 275.8
 CLE 20041112  2.12  1.30  0.18  0.22  0.12 283.3
 CLE 20041113  1.84  1.56  0.38  0.39  0.12 317.6
 CLE 20041114  1.94  1.82  0.52  0.43  0.05 296.7
 CLE 20041115  1.93  1.63  0.28  0.47  0.16 293.8
 CLE 20041116  1.79  1.07  0.17  0.17  0.16 309.2
 CLE 20041117  1.91  0.78  0.09  0.03  0.04 288.2
 CLE 20041118  1.98  0.83  0.01  0.09  0.11 274.9
 CLE 20041119  2.00  0.84  0.00  0.11  0.10 269.6
 CLE 20041120  1.93  0.77  0.00  0.03  0.16 274.6
 CLE 20041121  1.96  1.10  0.02  0.24  0.23 267.9
 CLE 20041122  1.85  1.25  0.17  0.28  0.20 278.3
 CLE 20041123  1.70  0.85  0.08  0.15  0.11 296.2
 CLE 20041124  1.74  0.58  0.00  0.00  0.04 287.0
 CLE 20041125  1.52  1.03  0.15  0.29  0.23 320.1
 CLE 20041126  1.51  0.95  0.12  0.26  0.20 317.9
 CLE 20041127  1.62  0.96  0.06  0.29  0.17 295.2
 CLE 20041128  1.42  0.81  0.08  0.21  0.19 331.4
 CLE 20041129  1.77  0.99  0.00  0.22  0.28 267.3
 CLE 20041130  1.81  0.73  0.00  0.05  0.14 259.9
 CLE 20041201  1.51  1.06  0.23  0.26  0.19 303.9
 CLE 20041202  1.59  0.95  0.00  0.27  0.30 286.3
 CLE 20041203  1.37  0.86  0.04  0.28  0.30 326.0
 CLE 20041204  1.32  0.91  0.13  0.35  0.20 336.5
 CLE 20041205  1.44  0.85  0.08  0.24  0.19 305.8
 CLE 20041206  1.49  0.60  0.04  0.05  0.07 293.0
 CLE 20041207  1.59  0.52  0.00  0.00  0.02 274.3
 CLE 20041208  1.43  0.89  0.15  0.24  0.17 303.1
 CLE 20041209  1.46  0.69  0.00  0.14  0.19 295.6
 CLE 20041210  1.38  0.47  0.00  0.00  0.06 309.4
 CLE 20041211  1.40  0.52  0.03  0.01  0.08 304.3
 CLE 20041212  1.45  0.74  0.05  0.16  0.16 293.2
 CLE 20041213  1.33  0.50  0.00  0.00  0.14 316.6
 CLE 20041214  1.19  0.74  0.11  0.21  0.27 349.9
 CLE 20041215  1.27  1.19  0.51  0.44  0.05 326.4
 CLE 20041216  1.29  0.94  0.18  0.37  0.18 322.3
 CLE 20041217  1.23  0.82  0.15  0.28  0.20 336.3
 CLE 20041218  1.22  0.59  0.03  0.11  0.20 338.8
 CLE 20041219  1.09  0.68  0.14  0.18  0.27 378.9
 CLE 20041220  1.17  0.86  0.17  0.37  0.23 356.6
 CLE 20041221  1.32  0.64  0.00  0.14  0.21 316.2
 CLE 20041223  1.29  0.43  0.01  0.00  0.03 323.7
 CLE 20041224  1.10  0.62  0.00  0.19  0.34 378.4
 CLE 20041225  1.23  0.91  0.15  0.37  0.26 340.8
 CLE 20041226  1.26  0.72  0.11  0.15  0.22 332.1
 CLE 20041227  1.30  1.01  0.25  0.38  0.18 322.6
 CLE 20041228  1.37  0.86  0.07  0.31  0.21 307.0
 CLE 20041229  1.38  0.67  0.07  0.14  0.10 305.3
 CLE 20041230  1.41  0.64  0.00  0.14  0.14 299.1
 CLE 20041231  1.52  0.88  0.16  0.21  0.08 279.7
