 DOV 20040101  1.79  1.62  0.49  0.38  0.09 286.4
 DOV 20040102  1.75  1.29  0.20  0.34  0.21 295.0
 DOV 20040103  1.86  1.24  0.08  0.34  0.24 281.8
 DOV 20040104  2.02  0.92  0.04  0.12  0.10 262.7
 DOV 20040105  2.13  0.89  0.00  0.11  0.09 252.2
 DOV 20040106  2.02  1.49  0.09  0.44  0.26 267.9
 DOV 20040107  1.37  1.25  0.45  0.37  0.18 386.5
 DOV 20040108  1.59  1.18  0.26  0.31  0.18 338.7
 DOV 20040109  1.75  1.03  0.09  0.23  0.19 312.8
 DOV 20040110  1.60  1.39  0.33  0.45  0.16 341.2
 DOV 20040111  1.63  1.32  0.44  0.26  0.11 337.6
 DOV 20040112  1.84  1.18  0.07  0.25  0.32 305.3
 DOV 20040113  1.76  1.39  0.15  0.45  0.28 323.4
 DOV 20040114  1.78  1.15  0.14  0.24  0.23 322.6
 DOV 20040115  1.67  1.08  0.09  0.24  0.32 347.5
 DOV 20040116  1.65  1.52  0.51  0.36  0.13 356.7
 DOV 20040117  1.91  1.42  0.29  0.26  0.20 314.4
 DOV 20040118  1.97  0.93  0.05  0.18  0.05 309.4
 DOV 20040119  1.81  1.51  0.25  0.42  0.26 338.7
 DOV 20040120  1.78  1.51  0.26  0.43  0.26 347.2
 DOV 20040121  1.83  1.52  0.26  0.42  0.23 342.8
 DOV 20040122  1.88  1.26  0.00  0.37  0.34 338.9
 DOV 20040123  1.74  1.48  0.33  0.36  0.26 370.4
 DOV 20040124  1.82  1.13  0.17  0.18  0.21 361.1
 DOV 20040125  2.21  1.61  0.25  0.30  0.17 306.0
 DOV 20040126  2.54  0.89  0.00  0.00  0.08 273.6
 DOV 20040127  2.56  0.83  0.00  0.00  0.02 275.2
 DOV 20040128  1.88  1.28  0.10  0.27  0.34 370.3
 DOV 20040129  1.76  1.35  0.25  0.33  0.22 401.3
 DOV 20040130  1.64  1.10  0.00  0.35  0.36 433.8
 DOV 20040131  1.68  1.45  0.34  0.38  0.24 430.3
 DOV 20040201  2.50  2.28  0.48  0.39  0.11 302.0
 DOV 20040202  2.75  2.24  0.33  0.37  0.15 282.8
 DOV 20040203  2.56  1.02  0.00  0.00  0.20 306.2
 DOV 20040204  2.58  2.26  0.34  0.44  0.18 309.2
 DOV 20040205  2.71  2.16  0.18  0.46  0.22 300.0
 DOV 20040206  3.19  1.15  0.00  0.00  0.11 264.9
 DOV 20040207  2.97  2.15  0.00  0.42  0.40 286.0
 DOV 20040208  2.24  2.12  0.59  0.38  0.03 373.7
 DOV 20040209  2.88  2.32  0.16  0.47  0.26 302.0
 DOV 20040210  2.38  1.61  0.11  0.31  0.26 364.1
 DOV 20040211  2.34  2.05  0.32  0.46  0.19 376.8
 DOV 20040212  2.75  1.39  0.00  0.18  0.21 331.1
 DOV 20040213  2.94  2.69  0.45  0.40  0.15 317.7
 DOV 20040214  3.08  2.69  0.38  0.39  0.18 310.4
 DOV 20040215  2.91  2.03  0.18  0.33  0.17 331.0
 DOV 20040216  3.17  2.93  0.65  0.29  0.00 311.7
 DOV 20040217  3.39  2.09  0.04  0.26  0.30 298.7
 DOV 20040218  2.60  1.81  0.07  0.35  0.32 384.2
 DOV 20040219  2.56  2.28  0.34  0.44  0.22 396.1
 DOV 20040220  3.15  1.98  0.04  0.33  0.23 333.3
 DOV 20040221  3.02  1.87  0.00  0.24  0.40 352.4
 DOV 20040222  3.18  2.89  0.45  0.39  0.15 341.9
 DOV 20040223  3.33  2.50  0.21  0.35  0.22 334.0
 DOV 20040224  3.55  1.50  0.00  0.09  0.13 320.6
 DOV 20040225  3.19  3.03  0.68  0.26  0.06 358.5
 DOV 20040226  3.49  3.21  0.52  0.37  0.09 336.1
 DOV 20040227  3.59  3.39  0.60  0.35  0.05 332.8
 DOV 20040228  3.57  3.42  0.67  0.31  0.02 339.5
 DOV 20040301  4.16  3.71  0.36  0.46  0.16 306.0
 DOV 20040302  4.35  2.58  0.01  0.26  0.29 298.6
 DOV 20040303  4.15  3.32  0.22  0.43  0.21 316.1
 DOV 20040304  4.19  1.86  0.19  0.00  0.00 318.4
 DOV 20040305  4.64  2.39  0.00  0.18  0.23 295.9
 DOV 20040306  5.05  2.55  0.09  0.18  0.06 279.1
 DOV 20040307  4.55  2.98  0.00  0.35  0.33 309.8
 DOV 20040308  3.27  1.54  0.10  0.01  0.20 419.5
 DOV 20040309  3.50  1.85  0.02  0.14  0.29 400.1
 DOV 20040310  3.45  1.82  0.01  0.17  0.26 411.8
 DOV 20040311  4.33  3.54  0.40  0.32  0.11 341.5
 DOV 20040312  3.64  3.21  0.33  0.43  0.23 403.2
 DOV 20040313  4.03  3.79  0.61  0.31  0.08 373.8
 DOV 20040314  4.70  3.08  0.11  0.28  0.25 331.5
 DOV 20040315  4.48  4.09  0.44  0.44  0.11 349.9
 DOV 20040316  4.81  1.52  0.00  0.00  0.00 333.2
 DOV 20040317  4.27  2.21  0.00  0.12  0.32 373.7
 DOV 20040318  4.18  2.50  0.01  0.24  0.33 386.4
 DOV 20040319  4.06  2.76  0.28  0.16  0.20 400.9
 DOV 20040320  5.46  3.75  0.20  0.28  0.18 314.3
 DOV 20040321  5.01  4.34  0.23  0.44  0.34 342.5
 DOV 20040322  3.64  3.21  0.30  0.45  0.25 459.4
 DOV 20040323  4.22  3.99  0.58  0.36  0.07 406.8
 DOV 20040324  4.79  4.14  0.42  0.35  0.15 368.6
 DOV 20040325  5.21  3.49  0.27  0.24  0.08 346.3
 DOV 20040326  5.35  3.53  0.10  0.27  0.29 342.2
 DOV 20040327  5.64  4.63  0.23  0.44  0.23 331.1
 DOV 20040328  5.09  4.04  0.47  0.17  0.15 365.5
 DOV 20040329  5.65  4.29  0.31  0.31  0.13 337.7
 DOV 20040330  5.87  3.75  0.20  0.21  0.16 330.3
 DOV 20040331  5.76  2.29  0.00  0.00  0.20 339.2
 DOV 20040401  5.34  2.67  0.14  0.00  0.22 365.3
 DOV 20040402  5.13  2.46  0.00  0.00  0.40 381.8
 DOV 20040403  5.13  2.75  0.06  0.07  0.34 385.3
 DOV 20040404  4.68  2.60  0.03  0.04  0.48 422.0
 DOV 20040405  4.21  3.44  0.22  0.34  0.38 467.1
 DOV 20040406  5.03  4.80  0.61  0.39  0.00 403.1
 DOV 20040407  5.54  4.30  0.12  0.44  0.30 374.0
 DOV 20040408  6.32  3.10  0.14  0.08  0.08 337.0
 DOV 20040409  5.99  4.55  0.14  0.39  0.30 355.8
 DOV 20040410  6.65  5.09  0.16  0.42  0.24 328.5
 DOV 20040411  6.64  2.26  0.00  0.00  0.06 331.5
 DOV 20040412  7.75  2.77  0.00  0.00  0.10 293.3
 DOV 20040413  7.69  2.75  0.00  0.00  0.10 297.5
 DOV 20040414  7.29  5.12  0.00  0.32  0.49 313.6
 DOV 20040415  6.01  5.60  0.54  0.37  0.09 371.8
 DOV 20040416  6.44  6.16  0.63  0.37  0.00 353.1
 DOV 20040417  6.35  5.75  0.29  0.60  0.11 359.9
 DOV 20040418  6.79  5.85  0.19  0.59  0.18 342.3
 DOV 20040419  7.48  6.70  0.26  0.59  0.15 317.7
 DOV 20040420  7.43  6.26  0.38  0.45  0.02 321.7
 DOV 20040421  7.98  5.10  0.03  0.31  0.30 305.0
 DOV 20040422  7.64  4.50  0.00  0.18  0.41 318.0
 DOV 20040423  7.86  3.34  0.00  0.04  0.21 312.4
 DOV 20040424  7.73  7.34  0.56  0.44  0.00 318.8
 DOV 20040425  8.21  4.72  0.10  0.21  0.17 304.5
 DOV 20040426  8.43  3.70  0.00  0.00  0.30 299.2
 DOV 20040427  7.34  6.04  0.14  0.50  0.30 338.6
 DOV 20040428  5.94  5.66  0.59  0.41  0.00 407.0
 DOV 20040429  7.20  5.90  0.26  0.46  0.15 347.7
 DOV 20040430  8.27  6.63  0.14  0.49  0.26 311.1
 DOV 20040501  8.27  6.01  0.07  0.40  0.32 312.4
 DOV 20040502  8.81  5.68  0.00  0.27  0.42 297.3
 DOV 20040503  8.41  3.21  0.00  0.00  0.16 310.6
 DOV 20040504  7.12  6.44  0.47  0.38  0.12 358.5
 DOV 20040505  7.33  4.78  0.08  0.26  0.32 351.0
 DOV 20040506  7.33  6.98  0.59  0.41  0.00 352.5
 DOV 20040507  8.22  6.72  0.18  0.55  0.15 321.7
 DOV 20040508  8.02  5.61  0.32  0.16  0.18 329.6
 DOV 20040509  8.03  6.46  0.11  0.53  0.26 330.9
 DOV 20040510  8.27  7.32  0.19  0.61  0.21 323.7
 DOV 20040511  8.88  7.66  0.15  0.59  0.25 306.1
 DOV 20040512  9.03  7.84  0.14  0.59  0.28 302.4
 DOV 20040513  8.90  7.06  0.09  0.52  0.28 307.4
 DOV 20040514  8.85  7.08  0.07  0.52  0.33 309.8
 DOV 20040515  8.70  7.15  0.12  0.52  0.30 315.0
 DOV 20040516  8.77  5.78  0.08  0.23  0.38 313.8
 DOV 20040517  8.70  6.56  0.07  0.49  0.26 316.9
 DOV 20040518  8.87  6.24  0.14  0.30  0.29 312.8
 DOV 20040519  8.95  4.27  0.12  0.11  0.04 311.3
 DOV 20040520  8.20  5.83  0.07  0.43  0.24 335.7
 DOV 20040521  8.30  6.28  0.07  0.50  0.25 332.7
 DOV 20040522  8.60  7.06  0.13  0.55  0.24 323.5
 DOV 20040523  8.65  7.45  0.11  0.60  0.30 322.7
 DOV 20040524  8.92  7.70  0.14  0.59  0.27 315.2
 DOV 20040525  8.26  7.10  0.17  0.59  0.21 336.8
 DOV 20040526  8.85  7.16  0.09  0.54  0.29 318.4
 DOV 20040527  8.07  4.99  0.06  0.19  0.37 344.5
 DOV 20040528  8.63  7.23  0.11  0.56  0.30 326.4
 DOV 20040529  8.22  7.80  0.54  0.46  0.00 340.5
 DOV 20040530  8.28  6.01  0.15  0.39  0.20 339.2
 DOV 20040531  8.41  2.93  0.00  0.05  0.01 335.3
 DOV 20040601  8.02  7.10  0.24  0.56  0.20 348.6
 DOV 20040602  7.89  7.06  0.34  0.46  0.20 353.8
 DOV 20040603  7.41  6.20  0.12  0.54  0.31 373.4
 DOV 20040604  8.35  5.41  0.09  0.34  0.18 338.4
 DOV 20040605  8.48  3.72  0.00  0.00  0.30 334.4
 DOV 20040606  8.48  6.74  0.09  0.50  0.31 334.6
 DOV 20040607  8.43  6.42  0.09  0.48  0.26 336.9
 DOV 20040608  8.73  7.70  0.22  0.60  0.17 327.0
 DOV 20040609  8.72  7.70  0.18  0.62  0.21 327.7
 DOV 20040610  9.26  6.31  0.06  0.39  0.24 311.9
 DOV 20040611  9.76  5.10  0.09  0.25  0.00 298.3
 DOV 20040612  9.08  7.91  0.30  0.58  0.04 317.4
 DOV 20040613  9.17  7.60  0.38  0.40  0.06 315.0
 DOV 20040614  8.82  5.57  0.10  0.25  0.25 324.9
 DOV 20040615  9.19  6.87  0.14  0.39  0.27 314.5
 DOV 20040616 10.10  5.99  0.02  0.27  0.26 290.8
 DOV 20040617 10.18  7.82  0.01  0.50  0.38 289.2
 DOV 20040618 10.59  8.42  0.04  0.56  0.31 279.7
 DOV 20040619  9.83  8.20  0.14  0.56  0.24 297.4
 DOV 20040620  8.96  8.19  0.47  0.42  0.09 321.2
 DOV 20040621  8.88  7.84  0.26  0.59  0.12 323.6
 DOV 20040622  9.70  4.95  0.08  0.10  0.20 300.2
 DOV 20040623  9.94  6.23  0.07  0.27  0.26 294.4
 DOV 20040624  9.31  7.58  0.19  0.54  0.14 311.0
 DOV 20040625  9.53  6.30  0.02  0.36  0.30 304.5
 DOV 20040626 10.14  7.91  0.12  0.47  0.27 289.6
 DOV 20040627  9.06  7.85  0.37  0.42  0.14 317.7
 DOV 20040628  8.98  5.77  0.00  0.33  0.33 319.8
 DOV 20040629  8.54  7.70  0.27  0.59  0.15 333.4
 DOV 20040630  8.08  6.82  0.18  0.56  0.20 348.6
 DOV 20040701  8.10  6.38  0.12  0.49  0.26 347.4
 DOV 20040702  8.41  6.51  0.10  0.49  0.26 336.7
 DOV 20040703  8.68  6.70  0.10  0.52  0.21 327.2
 DOV 20040704  9.01  6.56  0.08  0.44  0.25 317.0
 DOV 20040705  9.55  6.59  0.02  0.36  0.37 301.3
 DOV 20040706  8.88  7.82  0.22  0.59  0.18 320.0
 DOV 20040707  9.13  7.09  0.05  0.56  0.25 312.6
 DOV 20040708  8.76  7.15  0.06  0.56  0.33 323.0
 DOV 20040709  9.05  8.05  0.21  0.63  0.16 314.2
 DOV 20040710  9.32  8.13  0.20  0.62  0.15 306.0
 DOV 20040711  9.18  6.60  0.07  0.43  0.26 309.4
 DOV 20040712  9.59  4.62  0.00  0.18  0.15 297.6
 DOV 20040713  9.39  6.86  0.01  0.42  0.40 302.1
 DOV 20040714  8.97  6.67  0.00  0.44  0.42 313.6
 DOV 20040715  8.11  6.74  0.04  0.56  0.40 340.6
 DOV 20040716  8.45  7.23  0.12  0.57  0.31 328.0
 DOV 20040717  8.42  6.54  0.04  0.53  0.31 328.5
 DOV 20040718  9.01  5.44  0.00  0.22  0.39 310.2
 DOV 20040719  8.91  6.52  0.00  0.42  0.42 312.4
 DOV 20040720  8.62  7.04  0.06  0.56  0.33 320.0
 DOV 20040721  8.44  6.61  0.09  0.49  0.30 324.6
 DOV 20040722  9.12  6.72  0.06  0.45  0.29 303.7
 DOV 20040723  9.24  5.47  0.06  0.23  0.25 299.2
 DOV 20040724  9.26  4.85  0.07  0.15  0.18 298.0
 DOV 20040725  9.63  4.97  0.00  0.09  0.36 288.1
 DOV 20040726  9.28  3.98  0.04  0.02  0.18 295.9
 DOV 20040727  9.45  4.64  0.00  0.09  0.30 290.7
 DOV 20040728  9.16  4.17  0.04  0.06  0.19 297.2
 DOV 20040729  8.61  5.51  0.02  0.31  0.32 312.5
 DOV 20040730  9.00  5.68  0.00  0.26  0.40 299.3
 DOV 20040731  9.01  6.55  0.06  0.44  0.28 298.0
 DOV 20040801  9.14  6.22  0.00  0.38  0.35 293.6
 DOV 20040802  8.73  4.85  0.06  0.11  0.33 303.6
 DOV 20040803  8.99  4.95  0.01  0.21  0.26 295.4
 DOV 20040804  8.65  7.06  0.15  0.56  0.18 303.6
 DOV 20040805  8.78  4.32  0.00  0.12  0.26 298.4
 DOV 20040806  8.05  5.84  0.04  0.44  0.31 319.9
 DOV 20040807  7.36  5.73  0.03  0.48  0.40 343.3
 DOV 20040808  7.92  6.90  0.16  0.60  0.24 321.4
 DOV 20040809  7.86  6.91  0.21  0.60  0.18 321.9
 DOV 20040810  8.05  5.54  0.07  0.34  0.31 314.0
 DOV 20040811  8.03  5.68  0.02  0.44  0.30 313.0
 DOV 20040812  8.16  4.28  0.00  0.14  0.31 307.0
 DOV 20040813  8.91  4.68  0.00  0.00  0.51 283.8
 DOV 20040814  8.97  4.63  0.00  0.14  0.29 280.5
 DOV 20040815  8.44  5.97  0.03  0.40  0.34 293.7
 DOV 20040816  8.00  6.24  0.06  0.49  0.34 305.1
 DOV 20040817  7.59  5.86  0.08  0.48  0.30 317.4
 DOV 20040818  7.63  5.73  0.04  0.47  0.33 314.4
 DOV 20040819  7.98  6.45  0.07  0.54  0.32 300.0
 DOV 20040820  7.83  6.86  0.15  0.65  0.20 303.2
 DOV 20040821  8.23  4.03  0.02  0.10  0.25 289.1
 DOV 20040822  7.57  6.98  0.35  0.60  0.05 307.5
 DOV 20040823  7.50  6.83  0.28  0.62  0.11 307.9
 DOV 20040824  7.50  6.12  0.15  0.56  0.18 305.7
 DOV 20040825  7.75  5.84  0.15  0.46  0.17 295.2
 DOV 20040826  7.43  6.16  0.26  0.49  0.13 303.6
 DOV 20040827  7.53  6.16  0.18  0.50  0.22 297.8
 DOV 20040828  7.72  6.42  0.16  0.54  0.23 290.2
 DOV 20040829  7.51  5.70  0.08  0.48  0.27 294.2
 DOV 20040830  7.90  5.19  0.00  0.32  0.38 279.5
 DOV 20040831  7.89  5.83  0.06  0.44  0.31 277.2
 DOV 20040901  7.43  6.73  0.28  0.62  0.10 289.4
 DOV 20040902  7.42  5.59  0.14  0.47  0.17 287.3
 DOV 20040903  7.16  5.29  0.09  0.47  0.22 293.3
 DOV 20040904  7.00  4.69  0.01  0.38  0.31 296.1
 DOV 20040905  6.76  4.02  0.00  0.26  0.31 301.7
 DOV 20040906  6.65  4.01  0.00  0.29  0.29 303.4
 DOV 20040907  7.03  5.03  0.06  0.42  0.28 287.1
 DOV 20040908  7.45  3.69  0.01  0.10  0.28 270.6
 DOV 20040909  6.99  4.51  0.00  0.27  0.42 282.8
 DOV 20040910  6.60  5.40  0.19  0.49  0.22 293.7
 DOV 20040911  6.86  5.37  0.16  0.47  0.21 281.4
 DOV 20040912  6.77  5.77  0.22  0.54  0.18 281.4
 DOV 20040913  6.44  5.60  0.22  0.59  0.15 290.2
 DOV 20040914  6.48  4.70  0.10  0.44  0.21 285.7
 DOV 20040915  6.43  2.88  0.00  0.10  0.18 284.4
 DOV 20040916  6.51  4.67  0.06  0.41  0.30 278.1
 DOV 20040917  7.02  3.32  0.04  0.06  0.23 258.5
 DOV 20040918  6.06  2.36  0.00  0.00  0.18 289.1
 DOV 20040919  5.86  5.54  0.47  0.54  0.00 293.8
 DOV 20040920  5.91  5.63  0.60  0.40  0.00 288.3
 DOV 20040921  5.79  5.48  0.52  0.48  0.00 289.7
 DOV 20040922  5.79  5.53  0.56  0.45  0.00 286.4
 DOV 20040923  5.67  5.11  0.36  0.59  0.00 287.8
 DOV 20040924  6.00  5.47  0.37  0.59  0.01 270.7
 DOV 20040925  5.72  5.17  0.33  0.57  0.08 277.9
 DOV 20040926  5.61  4.01  0.12  0.37  0.25 278.9
 DOV 20040927  5.46  3.49  0.03  0.31  0.30 282.0
 DOV 20040928  5.58  2.27  0.00  0.00  0.22 272.7
 DOV 20040929  5.40  3.53  0.02  0.32  0.34 276.9
 DOV 20040930  5.16  3.37  0.00  0.30  0.40 284.4
 DOV 20041001  4.90  4.35  0.32  0.55  0.09 293.1
 DOV 20041002  4.95  2.36  0.01  0.11  0.22 286.6
 DOV 20041003  4.64  3.88  0.34  0.40  0.14 297.9
 DOV 20041004  4.52  3.57  0.23  0.41  0.20 300.6
 DOV 20041005  4.47  3.97  0.42  0.41  0.12 298.8
 DOV 20041006  4.35  4.11  0.57  0.39  0.04 301.4
 DOV 20041007  4.32  4.01  0.49  0.42  0.09 298.7
 DOV 20041008  4.32  4.06  0.62  0.33  0.03 294.5
 DOV 20041009  4.39  3.67  0.32  0.41  0.16 286.6
 DOV 20041010  4.06  3.41  0.26  0.43  0.24 302.2
 DOV 20041011  4.03  3.58  0.51  0.31  0.12 299.7
 DOV 20041012  4.26  4.01  0.61  0.32  0.07 281.3
 DOV 20041013  4.13  3.36  0.26  0.39  0.23 284.3
 DOV 20041014  3.79  1.69  0.00  0.09  0.19 301.4
 DOV 20041015  3.67  1.42  0.05  0.03  0.05 305.1
 DOV 20041016  3.56  2.54  0.02  0.39  0.38 308.2
 DOV 20041017  3.25  2.75  0.27  0.41  0.27 328.3
 DOV 20041018  3.73  2.72  0.23  0.31  0.19 287.5
 DOV 20041019  3.78  1.66  0.03  0.07  0.15 279.3
 DOV 20041020  3.75  1.53  0.00  0.01  0.21 277.1
 DOV 20041021  3.44  1.89  0.07  0.15  0.24 294.5
 DOV 20041022  3.18  2.11  0.18  0.21  0.26 310.7
 DOV 20041023  3.38  2.52  0.35  0.23  0.14 289.2
 DOV 20041024  3.46  2.36  0.09  0.33  0.28 278.7
 DOV 20041025  3.53  2.79  0.28  0.35  0.20 269.8
 DOV 20041026  3.46  3.03  0.40  0.40  0.14 269.6
 DOV 20041027  3.55  2.34  0.03  0.35  0.29 259.4
 DOV 20041028  3.30  2.92  0.47  0.36  0.10 271.6
 DOV 20041029  3.44  2.11  0.10  0.23  0.24 259.2
 DOV 20041030  3.33  1.94  0.10  0.21  0.19 262.1
 DOV 20041031  3.28  2.92  0.29  0.51  0.20 262.1
 DOV 20041101  3.49  2.81  0.25  0.41  0.20 244.2
 DOV 20041102  3.50  2.61  0.20  0.38  0.18 240.2
 DOV 20041103  3.58  3.44  0.67  0.32  0.02 232.0
 DOV 20041104  3.21  1.17  0.00  0.00  0.12 250.2
 DOV 20041105  2.84  2.58  0.45  0.36  0.20 274.0
 DOV 20041106  2.77  2.50  0.36  0.48  0.16 275.0
 DOV 20041107  2.72  2.26  0.21  0.49  0.22 275.4
 DOV 20041108  2.58  2.32  0.43  0.40  0.14 285.0
 DOV 20041109  2.28  2.10  0.47  0.39  0.15 314.1
 DOV 20041110  2.46  2.13  0.42  0.39  0.10 290.1
 DOV 20041111  2.60  1.91  0.11  0.39  0.29 271.7
 DOV 20041112  2.54  0.91  0.00  0.00  0.10 272.7
 DOV 20041113  2.42  1.91  0.30  0.35  0.17 281.8
 DOV 20041114  2.23  2.12  0.76  0.21  0.00 298.6
 DOV 20041115  2.29  2.16  0.63  0.30  0.07 287.0
 DOV 20041116  2.13  1.88  0.29  0.49  0.21 300.8
 DOV 20041117  2.13  1.81  0.36  0.39  0.16 297.8
 DOV 20041118  2.10  1.54  0.19  0.32  0.26 298.6
 DOV 20041119  2.35  1.35  0.00  0.23  0.30 266.4
 DOV 20041120  2.23  1.03  0.07  0.05  0.17 275.5
 DOV 20041121  2.32  1.42  0.14  0.24  0.15 263.4
 DOV 20041122  2.32  1.15  0.00  0.11  0.28 260.8
 DOV 20041123  2.10  1.19  0.14  0.17  0.14 281.9
 DOV 20041124  2.08  0.77  0.03  0.00  0.08 279.9
 DOV 20041125  2.03  1.02  0.00  0.15  0.25 283.5
 DOV 20041126  1.77  1.52  0.41  0.36  0.14 316.0
 DOV 20041127  1.90  1.39  0.25  0.30  0.17 293.4
 DOV 20041128  1.90  0.90  0.12  0.11  0.03 292.3
 DOV 20041129  2.16  1.61  0.11  0.44  0.24 257.7
 DOV 20041130  2.23  1.37  0.08  0.27  0.21 248.5
 DOV 20041201  2.19  1.36  0.00  0.29  0.33 250.2
 DOV 20041202  2.06  1.79  0.37  0.42  0.14 262.8
 DOV 20041203  1.74  1.58  0.41  0.42  0.17 303.4
 DOV 20041204  1.57  1.37  0.32  0.45  0.20 331.9
 DOV 20041205  1.71  1.45  0.24  0.50  0.20 303.5
 DOV 20041206  1.82  0.91  0.08  0.15  0.10 283.9
 DOV 20041207  1.93  0.73  0.00  0.06  0.07 267.8
 DOV 20041208  1.70  1.55  0.39  0.45  0.17 299.7
 DOV 20041209  1.93  0.90  0.00  0.06  0.29 266.6
 DOV 20041210  1.85  0.66  0.00  0.01  0.08 275.1
 DOV 20041211  1.70  1.01  0.00  0.21  0.38 296.2
 DOV 20041212  1.65  1.41  0.27  0.44  0.25 303.4
 DOV 20041213  1.77  1.32  0.04  0.41  0.40 283.9
 DOV 20041214  1.62  1.21  0.06  0.39  0.39 305.8
 DOV 20041215  1.41  1.31  0.56  0.33  0.12 348.4
 DOV 20041216  1.69  1.58  0.54  0.41  0.05 293.0
 DOV 20041217  1.57  1.38  0.24  0.52  0.24 312.9
 DOV 20041218  1.49  0.82  0.07  0.15  0.25 328.6
 DOV 20041219  1.54  0.91  0.00  0.23  0.34 318.2
 DOV 20041220  1.21  1.09  0.43  0.34  0.23 403.6
 DOV 20041221  1.72  1.37  0.28  0.39  0.16 288.4
 DOV 20041223  1.64  0.66  0.00  0.00  0.21 301.3
 DOV 20041224  1.53  1.03  0.03  0.37  0.29 321.7
 DOV 20041225  1.39  1.15  0.29  0.40  0.20 355.6
 DOV 20041226  1.54  0.87  0.00  0.23  0.28 320.5
 DOV 20041227  1.44  1.25  0.38  0.36  0.21 343.3
 DOV 20041228  1.55  1.17  0.26  0.30  0.21 320.0
 DOV 20041229  1.51  1.16  0.09  0.45  0.33 329.7
 DOV 20041230  1.51  1.03  0.15  0.30  0.23 329.6
 DOV 20041231  1.59  1.21  0.18  0.40  0.22 313.0
