 FSD 20040101  1.08  0.72  0.03  0.39  0.26 335.9
 FSD 20040102  1.18  1.06  0.39  0.43  0.16 309.7
 FSD 20040103  1.05  0.63  0.05  0.28  0.22 352.5
 FSD 20040104  0.98  0.39  0.05  0.02  0.08 378.5
 FSD 20040105  0.96  0.76  0.43  0.24  0.12 393.3
 FSD 20040106  0.92  0.85  0.47  0.39  0.15 413.4
 FSD 20040107  1.15  0.97  0.24  0.45  0.25 333.9
 FSD 20040108  1.24  0.50  0.08  0.00  0.09 313.9
 FSD 20040109  1.20  0.77  0.16  0.23  0.21 327.6
 FSD 20040110  1.26  0.96  0.17  0.41  0.22 315.1
 FSD 20040111  1.31  0.80  0.11  0.27  0.15 306.2
 FSD 20040112  1.29  0.94  0.39  0.20  0.07 314.4
 FSD 20040113  1.32  0.90  0.25  0.28  0.08 313.3
 FSD 20040114  1.29  0.81  0.18  0.21  0.16 324.4
 FSD 20040115  1.53  1.08  0.07  0.41  0.26 281.3
 FSD 20040116  1.52  0.71  0.00  0.15  0.15 285.9
 FSD 20040117  1.43  0.95  0.28  0.21  0.08 306.5
 FSD 20040118  1.46  1.21  0.29  0.41  0.19 305.8
 FSD 20040119  1.45  1.01  0.18  0.27  0.24 311.5
 FSD 20040120  1.43  0.90  0.24  0.13  0.18 321.0
 FSD 20040121  1.45  1.18  0.17  0.47  0.26 319.7
 FSD 20040122  1.39  1.15  0.30  0.38  0.23 341.2
 FSD 20040123  1.52  0.85  0.22  0.09  0.10 317.4
 FSD 20040124  1.68  0.74  0.10  0.05  0.07 294.4
 FSD 20040125  1.72  0.63  0.00  0.02  0.09 293.4
 FSD 20040126  1.49  0.68  0.06  0.08  0.12 341.1
 FSD 20040127  1.36  1.09  0.26  0.39  0.21 381.2
 FSD 20040128  1.38  0.88  0.26  0.18  0.10 382.1
 FSD 20040129  1.28  0.58  0.05  0.08  0.14 418.5
 FSD 20040130  1.56  1.00  0.31  0.13  0.10 350.6
 FSD 20040131  1.73  0.75  0.03  0.10  0.09 321.5
 FSD 20040201  1.72  0.70  0.06  0.02  0.09 330.7
 FSD 20040202  1.79  0.91  0.11  0.12  0.11 324.3
 FSD 20040203  1.73  1.37  0.27  0.38  0.18 342.3
 FSD 20040204  1.83  1.02  0.08  0.19  0.18 330.5
 FSD 20040205  1.72  0.67  0.00  0.04  0.12 357.5
 FSD 20040206  1.61  0.93  0.24  0.13  0.06 389.9
 FSD 20040207  1.60  1.45  0.50  0.39  0.07 399.6
 FSD 20040208  1.81  1.08  0.00  0.28  0.29 360.6
 FSD 20040209  1.70  1.10  0.15  0.26  0.19 390.6
 FSD 20040210  1.73  1.19  0.15  0.33  0.19 390.6
 FSD 20040211  1.75  0.94  0.10  0.15  0.16 395.6
 FSD 20040212  1.77  1.46  0.36  0.36  0.13 397.8
 FSD 20040213  2.07  1.92  0.46  0.45  0.09 350.2
 FSD 20040214  2.16  1.67  0.26  0.38  0.15 343.9
 FSD 20040215  2.43  2.13  0.41  0.39  0.14 314.9
 FSD 20040216  2.21  1.58  0.10  0.40  0.25 350.9
 FSD 20040217  2.14  1.92  0.62  0.27  0.02 367.4
 FSD 20040218  2.53  1.62  0.09  0.31  0.20 320.3
 FSD 20040219  2.60  1.08  0.00  0.05  0.17 319.0
 FSD 20040220  2.14  1.25  0.20  0.13  0.14 387.6
 FSD 20040221  2.44  1.82  0.42  0.21  0.06 351.4
 FSD 20040222  2.51  1.49  0.03  0.27  0.24 348.4
 FSD 20040223  2.49  1.64  0.39  0.12  0.02 358.8
 FSD 20040224  2.66  1.92  0.47  0.15  0.00 344.3
 FSD 20040225  2.90  2.19  0.43  0.21  0.06 323.4
 FSD 20040226  2.84  2.35  0.48  0.26  0.09 336.5
 FSD 20040227  3.17  2.59  0.40  0.34  0.08 310.8
 FSD 20040228  3.16  1.71  0.00  0.23  0.22 316.8
 FSD 20040301  2.68  0.94  0.00  0.00  0.09 380.8
 FSD 20040302  2.69  1.44  0.11  0.12  0.18 386.2
 FSD 20040303  2.84  1.71  0.18  0.19  0.13 375.0
 FSD 20040304  2.91  1.69  0.07  0.26  0.16 373.5
 FSD 20040305  3.46  1.48  0.00  0.08  0.16 325.2
 FSD 20040306  3.21  2.48  0.28  0.32  0.20 353.8
 FSD 20040307  2.62  2.40  0.54  0.31  0.13 432.2
 FSD 20040308  3.39  1.95  0.12  0.18  0.18 348.1
 FSD 20040309  3.58  3.09  0.44  0.38  0.07 337.3
 FSD 20040310  4.39  2.33  0.10  0.16  0.13 286.8
 FSD 20040311  2.97  2.68  0.47  0.38  0.12 412.0
 FSD 20040312  3.35  3.11  0.52  0.39  0.09 375.5
 FSD 20040313  3.81  2.82  0.18  0.38  0.20 340.9
 FSD 20040314  3.23  2.89  0.51  0.31  0.13 400.4
 FSD 20040315  3.32  1.21  0.00  0.01  0.10 396.3
 FSD 20040316  3.11  1.37  0.03  0.09  0.13 428.4
 FSD 20040317  3.48  2.32  0.24  0.17  0.22 392.4
 FSD 20040318  3.98  3.25  0.33  0.38  0.14 353.7
 FSD 20040319  4.42  3.09  0.12  0.38  0.20 327.1
 FSD 20040320  4.43  4.04  0.42  0.44  0.14 331.2
 FSD 20040321  4.77  3.89  0.21  0.44  0.25 315.7
 FSD 20040322  4.04  3.50  0.39  0.39  0.15 369.6
 FSD 20040323  5.04  2.96  0.00  0.29  0.25 309.2
 FSD 20040324  5.02  4.22  0.41  0.34  0.12 314.4
 FSD 20040325  5.19  3.69  0.18  0.35  0.17 309.5
 FSD 20040326  4.98  3.61  0.27  0.32  0.10 324.8
 FSD 20040327  5.24  1.79  0.00  0.00  0.06 315.1
 FSD 20040328  4.44  1.90  0.02  0.07  0.14 368.1
 FSD 20040329  4.27  3.22  0.23  0.32  0.24 386.0
 FSD 20040330  4.57  3.35  0.20  0.36  0.18 368.3
 FSD 20040331  4.96  4.32  0.57  0.27  0.03 346.6
 FSD 20040401  5.42  4.74  0.59  0.27  0.01 325.2
 FSD 20040402  5.69  5.41  0.75  0.22  0.00 315.8
 FSD 20040403  5.13  4.57  0.54  0.30  0.09 349.8
 FSD 20040404  4.95  4.65  0.52  0.44  0.04 363.9
 FSD 20040405  5.56  4.31  0.29  0.32  0.19 333.0
 FSD 20040406  5.68  5.47  0.76  0.23  0.00 330.3
 FSD 20040407  6.06  4.15  0.19  0.26  0.22 316.3
 FSD 20040408  5.57  5.08  0.48  0.41  0.08 342.9
 FSD 20040409  5.48  2.36  0.00  0.05  0.21 351.6
 FSD 20040410  5.12  3.65  0.02  0.42  0.34 376.1
 FSD 20040411  4.74  2.78  0.02  0.18  0.37 406.3
 FSD 20040412  4.87  4.00  0.26  0.40  0.24 400.7
 FSD 20040413  5.36  5.02  0.52  0.40  0.09 371.8
 FSD 20040414  5.81  5.28  0.69  0.21  0.01 349.6
 FSD 20040415  5.82  4.44  0.29  0.29  0.20 352.5
 FSD 20040416  6.18  5.09  0.35  0.39  0.11 338.1
 FSD 20040417  6.74  3.98  0.01  0.27  0.27 316.9
 FSD 20040418  7.00  5.19  0.16  0.37  0.25 309.8
 FSD 20040419  6.18  5.03  0.18  0.50  0.21 346.8
 FSD 20040420  6.30  2.30  0.00  0.00  0.12 343.9
 FSD 20040421  5.59  3.58  0.02  0.26  0.39 384.0
 FSD 20040422  5.91  3.40  0.08  0.22  0.19 368.3
 FSD 20040423  5.80  4.97  0.27  0.49  0.18 377.0
 FSD 20040424  6.65  3.88  0.03  0.27  0.22 338.0
 FSD 20040425  6.19  5.36  0.30  0.43  0.24 361.8
 FSD 20040426  5.19  4.84  0.51  0.42  0.07 423.7
 FSD 20040427  6.16  5.17  0.41  0.34  0.12 367.9
 FSD 20040428  6.16  5.75  0.59  0.35  0.04 370.4
 FSD 20040429  6.40  3.30  0.00  0.14  0.29 361.4
 FSD 20040430  6.00  3.61  0.00  0.24  0.36 384.2
 FSD 20040501  5.77  3.83  0.07  0.25  0.38 399.4
 FSD 20040502  5.26  3.87  0.27  0.26  0.21 435.0
 FSD 20040503  6.64  5.23  0.26  0.37  0.20 358.0
 FSD 20040504  6.97  5.34  0.19  0.37  0.26 345.0
 FSD 20040505  7.52  6.16  0.29  0.43  0.14 325.2
 FSD 20040506  7.68  5.78  0.22  0.39  0.15 321.3
 FSD 20040507  8.10  4.84  0.00  0.28  0.29 309.0
 FSD 20040508  8.20  6.97  0.32  0.47  0.11 307.4
 FSD 20040509  8.18  6.96  0.35  0.43  0.12 309.6
 FSD 20040510  7.87  4.49  0.18  0.20  0.04 321.0
 FSD 20040511  8.42  5.02  0.00  0.27  0.30 304.4
 FSD 20040512  8.05  5.87  0.05  0.45  0.29 317.7
 FSD 20040513  8.21  3.40  0.00  0.00  0.24 313.6
 FSD 20040514  7.09  6.42  0.32  0.53  0.16 356.1
 FSD 20040515  6.99  4.16  0.06  0.25  0.23 361.9
 FSD 20040516  7.40  4.00  0.00  0.21  0.25 346.0
 FSD 20040517  7.42  4.96  0.00  0.36  0.35 346.3
 FSD 20040518  7.59  5.20  0.05  0.38  0.28 341.0
 FSD 20040519  7.78  3.83  0.00  0.14  0.23 335.2
 FSD 20040520  7.93  4.83  0.00  0.28  0.32 331.0
 FSD 20040521  8.16  4.71  0.00  0.23  0.31 324.0
 FSD 20040522  8.15  5.17  0.00  0.33  0.31 324.9
 FSD 20040523  7.26  3.36  0.00  0.07  0.26 359.2
 FSD 20040524  7.41  4.65  0.00  0.34  0.28 353.7
 FSD 20040525  7.02  5.40  0.09  0.45  0.32 371.2
 FSD 20040526  6.70  5.36  0.23  0.41  0.22 387.2
 FSD 20040527  7.23  5.57  0.12  0.44  0.29 364.2
 FSD 20040528  7.32  5.50  0.18  0.40  0.20 361.2
 FSD 20040529  7.60  4.80  0.00  0.29  0.36 350.2
 FSD 20040530  7.19  4.87  0.17  0.32  0.15 368.3
 FSD 20040531  6.76  4.82  0.21  0.32  0.17 388.5
 FSD 20040601  7.25  3.78  0.14  0.10  0.13 366.8
 FSD 20040602  7.50  5.39  0.14  0.36  0.24 356.6
 FSD 20040603  7.66  6.46  0.22  0.51  0.20 350.5
 FSD 20040604  8.03  6.67  0.26  0.45  0.19 337.8
 FSD 20040605  8.56  5.59  0.02  0.31  0.35 320.6
 FSD 20040606  8.54  7.66  0.32  0.55  0.11 321.5
 FSD 20040607  8.80  6.97  0.20  0.46  0.18 314.3
 FSD 20040608  9.05  6.45  0.11  0.40  0.22 307.1
 FSD 20040609  9.20  4.81  0.00  0.13  0.32 303.3
 FSD 20040610  9.59  5.01  0.00  0.15  0.29 293.2
 FSD 20040611  8.79  6.32  0.15  0.33  0.27 315.7
 FSD 20040612  8.52  7.52  0.27  0.50  0.23 323.5
 FSD 20040613  8.25  6.66  0.23  0.41  0.24 332.9
 FSD 20040614  8.27  7.55  0.34  0.54  0.13 332.2
 FSD 20040615  8.47  5.63  0.08  0.31  0.28 325.5
 FSD 20040616  9.33  6.12  0.04  0.37  0.24 300.6
 FSD 20040617  9.35  3.72  0.00  0.07  0.10 300.1
 FSD 20040618  9.41  4.60  0.00  0.17  0.18 298.9
 FSD 20040619  8.50  5.70  0.03  0.40  0.25 325.1
 FSD 20040620  7.86  5.33  0.01  0.40  0.30 347.2
 FSD 20040621  7.93  5.52  0.00  0.40  0.36 344.8
 FSD 20040622  7.64  6.84  0.30  0.53  0.17 355.4
 FSD 20040623  8.02  7.19  0.29  0.55  0.16 341.0
 FSD 20040624  7.79  5.57  0.05  0.41  0.31 348.9
 FSD 20040625  7.50  6.53  0.26  0.52  0.19 360.7
 FSD 20040626  7.60  5.96  0.15  0.49  0.20 356.2
 FSD 20040627  7.84  4.83  0.00  0.27  0.35 346.7
 FSD 20040628  7.86  7.09  0.33  0.54  0.12 346.1
 FSD 20040629  7.96  7.24  0.35  0.53  0.12 342.3
 FSD 20040630  8.35  7.40  0.32  0.51  0.14 328.0
 FSD 20040701  8.64  6.38  0.12  0.42  0.24 318.7
 FSD 20040702  9.04  5.86  0.00  0.34  0.33 306.3
 FSD 20040703  8.89  6.48  0.07  0.41  0.31 310.2
 FSD 20040704  8.11  6.36  0.18  0.42  0.25 334.6
 FSD 20040705  8.47  4.98  0.00  0.27  0.28 321.9
 FSD 20040706  8.14  4.22  0.00  0.15  0.28 332.5
 FSD 20040707  8.29  7.14  0.19  0.57  0.21 327.0
 FSD 20040708  8.36  5.37  0.00  0.35  0.30 324.1
 FSD 20040709  8.37  6.80  0.22  0.48  0.17 323.6
 FSD 20040710  8.54  7.24  0.24  0.51  0.18 317.5
 FSD 20040711  8.74  6.70  0.13  0.45  0.25 310.8
 FSD 20040712  8.69  7.00  0.22  0.46  0.18 311.3
 FSD 20040713  8.71  8.13  0.47  0.48  0.05 309.9
 FSD 20040714  9.11  7.35  0.15  0.53  0.20 297.5
 FSD 20040715  9.16  7.85  0.30  0.47  0.16 295.6
 FSD 20040716  8.81  6.63  0.03  0.54  0.25 304.6
 FSD 20040717  8.41  7.24  0.19  0.57  0.21 316.1
 FSD 20040718  8.43  7.36  0.31  0.48  0.17 314.8
 FSD 20040719  8.91  8.16  0.38  0.52  0.10 299.4
 FSD 20040720  9.15  6.45  0.12  0.34  0.27 292.3
 FSD 20040721  9.26  8.21  0.32  0.49  0.17 288.4
 FSD 20040722  8.57  5.96  0.06  0.40  0.26 306.3
 FSD 20040723  8.23  5.91  0.00  0.51  0.26 316.0
 FSD 20040724  7.95  5.83  0.03  0.48  0.29 323.5
 FSD 20040725  7.47  6.70  0.31  0.52  0.17 340.1
 FSD 20040726  7.68  7.10  0.40  0.54  0.06 330.7
 FSD 20040727  7.89  6.81  0.31  0.47  0.16 322.2
 FSD 20040728  8.23  5.35  0.00  0.32  0.36 310.0
 FSD 20040729  7.85  6.91  0.26  0.55  0.17 321.3
 FSD 20040730  7.71  4.83  0.06  0.28  0.26 324.3
 FSD 20040731  7.54  6.25  0.31  0.41  0.16 328.9
 FSD 20040801  7.72  6.92  0.33  0.51  0.15 321.0
 FSD 20040802  8.11  6.79  0.27  0.47  0.16 306.4
 FSD 20040803  8.14  5.03  0.00  0.30  0.31 303.8
 FSD 20040804  7.81  4.93  0.00  0.29  0.36 313.4
 FSD 20040805  8.23  6.49  0.15  0.49  0.21 298.0
 FSD 20040806  8.15  5.37  0.01  0.34  0.34 299.0
 FSD 20040807  7.60  6.33  0.24  0.47  0.20 315.6
 FSD 20040808  7.62  5.24  0.07  0.34  0.31 313.5
 FSD 20040809  7.36  5.99  0.18  0.48  0.24 320.5
 FSD 20040810  7.15  5.07  0.00  0.43  0.35 326.0
 FSD 20040811  6.47  4.60  0.02  0.39  0.38 352.7
 FSD 20040812  6.40  5.16  0.21  0.43  0.24 353.3
 FSD 20040813  6.51  5.24  0.20  0.44  0.24 346.0
 FSD 20040814  6.66  6.08  0.38  0.50  0.12 337.3
 FSD 20040815  6.76  5.37  0.22  0.42  0.21 330.8
 FSD 20040816  6.73  5.55  0.26  0.44  0.19 329.8
 FSD 20040817  7.08  5.62  0.16  0.46  0.25 314.1
 FSD 20040818  7.34  5.30  0.10  0.38  0.29 302.4
 FSD 20040819  7.01  6.41  0.37  0.53  0.10 312.1
 FSD 20040820  6.70  4.79  0.12  0.35  0.28 321.1
 FSD 20040821  6.72  5.03  0.22  0.32  0.24 317.9
 FSD 20040822  7.03  5.66  0.25  0.41  0.20 303.3
 FSD 20040823  6.91  4.45  0.04  0.30  0.31 305.3
 FSD 20040824  6.95  4.72  0.11  0.30  0.28 300.8
 FSD 20040825  6.74  4.76  0.16  0.31  0.25 306.4
 FSD 20040826  6.75  4.58  0.06  0.32  0.33 303.2
 FSD 20040827  6.89  3.82  0.00  0.22  0.27 295.5
 FSD 20040828  6.53  4.71  0.01  0.44  0.35 306.6
 FSD 20040829  6.46  4.63  0.14  0.33  0.28 306.4
 FSD 20040830  6.40  5.85  0.39  0.50  0.11 305.8
 FSD 20040831  6.41  5.44  0.38  0.39  0.12 302.0
 FSD 20040901  6.47  5.73  0.35  0.49  0.12 296.7
 FSD 20040902  6.50  6.00  0.43  0.49  0.08 292.6
 FSD 20040903  6.37  5.08  0.19  0.46  0.21 294.2
 FSD 20040904  6.54  4.38  0.06  0.35  0.27 285.2
 FSD 20040905  6.80  2.94  0.05  0.05  0.13 272.7
 FSD 20040906  6.03  5.39  0.33  0.49  0.17 298.1
 FSD 20040907  6.16  5.37  0.35  0.46  0.13 290.2
 FSD 20040908  5.91  4.05  0.14  0.27  0.29 296.7
 FSD 20040909  5.78  4.59  0.29  0.36  0.18 298.7
 FSD 20040910  5.81  5.21  0.45  0.42  0.08 294.1
 FSD 20040911  5.56  5.00  0.45  0.41  0.10 301.0
 FSD 20040912  5.64  5.10  0.42  0.46  0.09 294.0
 FSD 20040913  5.80  3.80  0.07  0.29  0.30 283.5
 FSD 20040914  5.82  3.49  0.02  0.24  0.32 278.9
 FSD 20040915  5.59  2.11  0.00  0.00  0.15 285.1
 FSD 20040916  5.49  4.29  0.25  0.37  0.20 285.6
 FSD 20040917  5.24  4.28  0.32  0.39  0.14 293.0
 FSD 20040918  5.46  4.75  0.36  0.45  0.12 278.9
 FSD 20040919  5.61  5.20  0.43  0.51  0.06 269.4
 FSD 20040920  6.02  3.46  0.13  0.19  0.15 249.8
 FSD 20040921  5.63  2.11  0.02  0.00  0.11 261.1
 FSD 20040922  5.37  2.60  0.00  0.15  0.20 268.0
 FSD 20040923  5.03  2.10  0.00  0.00  0.25 278.7
 FSD 20040924  4.61  3.66  0.19  0.39  0.30 295.6
 FSD 20040925  4.66  4.37  0.52  0.44  0.04 288.9
 FSD 20040926  4.55  4.29  0.54  0.43  0.03 289.9
 FSD 20040927  4.66  2.69  0.00  0.19  0.37 279.5
 FSD 20040928  4.45  4.16  0.67  0.25  0.05 286.7
 FSD 20040929  4.55  4.02  0.53  0.29  0.10 276.5
 FSD 20040930  4.55  3.18  0.12  0.33  0.27 272.7
 FSD 20041001  4.24  2.08  0.09  0.09  0.15 285.0
 FSD 20041002  3.74  3.55  0.64  0.30  0.06 312.3
 FSD 20041003  3.74  3.45  0.49  0.41  0.09 307.0
 FSD 20041004  3.76  3.38  0.48  0.39  0.08 300.3
 FSD 20041005  3.77  3.31  0.56  0.28  0.05 294.8
 FSD 20041006  3.84  2.80  0.30  0.26  0.15 285.4
 FSD 20041007  3.68  2.01  0.08  0.17  0.19 290.6
 FSD 20041008  3.71  2.83  0.39  0.23  0.12 283.8
 FSD 20041009  3.71  3.37  0.53  0.38  0.03 278.9
 FSD 20041010  3.87  3.32  0.58  0.25  0.01 264.7
 FSD 20041011  3.97  2.55  0.00  0.37  0.27 254.2
 FSD 20041012  3.76  2.84  0.20  0.39  0.19 262.4
 FSD 20041013  3.29  1.54  0.05  0.12  0.12 289.0
 FSD 20041014  2.88  2.03  0.17  0.31  0.23 318.8
 FSD 20041015  2.91  1.87  0.19  0.19  0.22 310.3
 FSD 20041016  2.75  2.33  0.35  0.39  0.16 319.3
 FSD 20041017  2.88  1.87  0.27  0.19  0.10 300.5
 FSD 20041018  2.97  1.06  0.03  0.00  0.05 288.0
 FSD 20041019  2.84  1.95  0.18  0.31  0.17 294.0
 FSD 20041020  2.89  1.37  0.06  0.09  0.16 284.4
 FSD 20041021  2.91  1.53  0.01  0.26  0.13 277.6
 FSD 20041022  2.87  1.60  0.00  0.26  0.22 275.9
 FSD 20041023  2.47  1.84  0.23  0.35  0.18 310.1
 FSD 20041024  2.86  2.12  0.17  0.38  0.22 267.0
 FSD 20041025  2.68  2.16  0.35  0.35  0.13 276.8
 FSD 20041026  2.79  1.49  0.13  0.12  0.15 262.1
 FSD 20041027  2.61  1.40  0.18  0.13  0.06 271.6
 FSD 20041028  2.77  1.40  0.12  0.13  0.08 253.7
 FSD 20041029  2.85  1.56  0.02  0.23  0.21 244.1
 FSD 20041030  2.47  1.78  0.29  0.25  0.16 271.6
 FSD 20041031  2.42  1.86  0.25  0.35  0.20 271.5
 FSD 20041101  2.37  0.93  0.05  0.02  0.08 271.7
 FSD 20041102  2.15  1.80  0.52  0.25  0.06 290.4
 FSD 20041103  2.43  2.23  0.47  0.42  0.09 255.4
 FSD 20041104  2.45  2.24  0.57  0.32  0.07 249.2
 FSD 20041105  2.26  2.13  0.64  0.31  0.04 262.8
 FSD 20041106  2.14  1.82  0.33  0.43  0.15 269.7
 FSD 20041107  2.13  1.86  0.37  0.42  0.15 267.0
 FSD 20041108  2.16  1.60  0.26  0.31  0.17 259.6
 FSD 20041109  2.14  1.42  0.17  0.31  0.13 257.7
 FSD 20041110  2.06  0.92  0.00  0.12  0.15 262.1
 FSD 20041111  1.82  1.74  0.64  0.36  0.00 288.9
 FSD 20041112  1.67  1.49  0.46  0.39  0.10 306.4
 FSD 20041113  1.63  1.51  0.53  0.38  0.07 308.2
 FSD 20041114  1.67  1.35  0.30  0.38  0.17 295.8
 FSD 20041115  1.56  1.11  0.33  0.21  0.12 309.6
 FSD 20041116  1.55  1.34  0.56  0.26  0.05 306.3
 FSD 20041117  1.63  1.25  0.18  0.43  0.19 287.1
 FSD 20041118  1.64  0.96  0.08  0.25  0.17 281.8
 FSD 20041119  1.60  0.60  0.00  0.03  0.10 285.9
 FSD 20041120  1.51  1.05  0.21  0.31  0.13 296.2
 FSD 20041121  1.43  1.08  0.25  0.31  0.22 307.2
 FSD 20041122  1.35  1.18  0.50  0.30  0.11 319.4
 FSD 20041123  1.30  1.17  0.43  0.42  0.12 326.2
 FSD 20041124  1.20  1.03  0.50  0.28  0.11 348.2
 FSD 20041125  1.27  0.82  0.24  0.15  0.19 325.4
 FSD 20041126  1.37  0.59  0.02  0.06  0.17 297.5
 FSD 20041127  1.27  0.92  0.31  0.23  0.17 317.9
 FSD 20041128  1.25  0.85  0.01  0.40  0.30 318.3
 FSD 20041129  1.22  0.93  0.33  0.30  0.12 324.1
 FSD 20041130  1.20  1.10  0.43  0.42  0.16 323.9
 FSD 20041201  1.22  0.81  0.03  0.37  0.28 315.2
 FSD 20041202  1.15  0.94  0.33  0.37  0.15 330.0
 FSD 20041203  1.07  0.72  0.26  0.21  0.15 353.5
 FSD 20041204  1.22  0.91  0.16  0.38  0.24 305.9
 FSD 20041205  1.24  0.63  0.00  0.21  0.17 298.9
 FSD 20041206  1.24  0.73  0.14  0.21  0.14 295.6
 FSD 20041207  1.17  0.77  0.31  0.16  0.09 309.9
 FSD 20041208  1.15  0.89  0.19  0.40  0.23 314.7
 FSD 20041209  1.11  0.61  0.08  0.14  0.25 324.3
 FSD 20041210  1.15  0.69  0.21  0.18  0.09 312.6
 FSD 20041211  1.36  0.82  0.15  0.17  0.21 265.7
 FSD 20041212  1.27  1.04  0.38  0.29  0.19 280.2
 FSD 20041213  1.08  1.00  0.63  0.27  0.06 327.1
 FSD 20041214  1.12  1.08  0.70  0.30  0.00 313.5
 FSD 20041215  1.08  0.51  0.00  0.14  0.19 323.0
 FSD 20041216  0.94  0.70  0.28  0.34  0.10 367.1
 FSD 20041217  1.03  0.73  0.12  0.38  0.23 338.2
 FSD 20041218  0.93  0.50  0.28  0.04  0.03 373.6
 FSD 20041219  1.03  0.81  0.28  0.35  0.19 338.7
 FSD 20041220  1.11  0.79  0.15  0.33  0.25 314.0
 FSD 20041221  0.97  0.64  0.26  0.17  0.17 360.1
 FSD 20041223  0.89  0.67  0.25  0.28  0.25 392.9
 FSD 20041224  0.95  0.73  0.17  0.38  0.29 367.9
 FSD 20041225  1.10  0.54  0.20  0.02  0.06 319.4
 FSD 20041226  1.18  0.57  0.09  0.09  0.13 296.8
 FSD 20041227  1.20  0.58  0.00  0.15  0.19 293.2
 FSD 20041228  1.19  0.67  0.00  0.28  0.20 295.7
 FSD 20041229  1.27  1.04  0.38  0.35  0.11 280.2
 FSD 20041230  1.30  0.97  0.27  0.28  0.22 275.5
 FSD 20041231  1.31  1.05  0.31  0.36  0.17 273.0
