 ICT 20040101  2.03  1.54  0.24  0.36  0.18 291.7
 ICT 20040102  2.21  1.78  0.24  0.41  0.22 271.7
 ICT 20040103  2.37  1.48  0.00  0.35  0.25 256.6
 ICT 20040104  2.25  1.48  0.32  0.15  0.09 271.7
 ICT 20040105  2.00  1.45  0.30  0.25  0.15 305.3
 ICT 20040106  1.92  1.72  0.41  0.43  0.14 319.1
 ICT 20040107  2.12  1.68  0.21  0.41  0.24 292.8
 ICT 20040108  2.26  1.90  0.35  0.38  0.17 278.6
 ICT 20040109  2.20  1.63  0.36  0.26  0.08 287.5
 ICT 20040110  2.21  2.05  0.64  0.28  0.04 288.7
 ICT 20040111  2.26  2.08  0.66  0.24  0.05 285.1
 ICT 20040112  2.24  1.90  0.55  0.23  0.06 290.0
 ICT 20040113  2.39  2.01  0.63  0.15  0.03 276.8
 ICT 20040114  2.21  2.01  0.57  0.27  0.12 299.9
 ICT 20040115  2.43  2.19  0.62  0.24  0.06 278.7
 ICT 20040116  2.44  1.62  0.08  0.32  0.26 281.0
 ICT 20040117  2.47  0.98  0.06  0.00  0.10 281.3
 ICT 20040118  2.37  2.07  0.49  0.33  0.09 295.0
 ICT 20040119  2.36  2.05  0.58  0.23  0.06 298.3
 ICT 20040120  2.58  1.64  0.00  0.34  0.30 279.3
 ICT 20040121  2.35  1.95  0.40  0.32  0.14 306.6
 ICT 20040122  2.30  1.85  0.51  0.18  0.10 317.7
 ICT 20040123  2.39  2.28  0.70  0.26  0.04 311.4
 ICT 20040124  2.79  1.91  0.22  0.28  0.14 274.1
 ICT 20040125  2.79  1.48  0.14  0.16  0.07 278.2
 ICT 20040126  2.29  0.95  0.04  0.04  0.12 336.9
 ICT 20040127  2.07  1.97  0.64  0.32  0.04 374.5
 ICT 20040128  2.24  1.90  0.29  0.44  0.20 353.1
 ICT 20040129  2.13  1.55  0.18  0.35  0.21 375.4
 ICT 20040130  2.44  1.92  0.40  0.26  0.12 335.4
 ICT 20040131  3.01  1.61  0.00  0.24  0.19 280.9
 ICT 20040201  2.70  0.98  0.00  0.00  0.11 315.0
 ICT 20040202  2.44  1.65  0.29  0.20  0.12 350.4
 ICT 20040203  2.77  2.33  0.40  0.35  0.13 318.0
 ICT 20040204  2.70  0.98  0.00  0.00  0.11 329.5
 ICT 20040205  2.48  0.94  0.06  0.00  0.05 361.5
 ICT 20040206  2.31  1.45  0.20  0.18  0.17 391.9
 ICT 20040207  2.61  2.54  0.80  0.20  0.00 356.1
 ICT 20040208  2.96  1.98  0.07  0.36  0.24 322.5
 ICT 20040209  2.51  2.08  0.49  0.24  0.11 379.5
 ICT 20040210  2.53  2.23  0.62  0.21  0.06 382.3
 ICT 20040211  2.73  1.73  0.00  0.33  0.31 362.6
 ICT 20040212  2.70  1.71  0.11  0.26  0.23 373.2
 ICT 20040213  2.88  2.73  0.67  0.27  0.06 357.7
 ICT 20040214  2.68  2.28  0.59  0.17  0.09 386.4
 ICT 20040215  3.38  2.63  0.51  0.17  0.05 319.2
 ICT 20040216  3.13  2.37  0.20  0.38  0.21 346.9
 ICT 20040217  2.94  2.84  0.80  0.19  0.00 372.6
 ICT 20040218  4.11  3.62  0.46  0.35  0.12 281.2
 ICT 20040219  4.06  2.76  0.09  0.36  0.23 288.9
 ICT 20040220  3.22  2.44  0.18  0.39  0.23 359.0
 ICT 20040221  3.94  3.32  0.40  0.35  0.13 305.3
 ICT 20040222  3.80  2.39  0.03  0.30  0.29 319.4
 ICT 20040223  3.80  2.22  0.10  0.20  0.21 324.7
 ICT 20040224  3.83  3.31  0.64  0.20  0.00 327.1
 ICT 20040225  3.93  3.24  0.70  0.06  0.00 324.4
 ICT 20040226  3.72  3.50  0.83  0.11  0.00 345.8
 ICT 20040227  4.11  3.70  0.53  0.35  0.06 321.7
 ICT 20040228  4.38  2.72  0.04  0.30  0.25 308.7
 ICT 20040301  3.54  2.69  0.18  0.38  0.25 382.9
 ICT 20040302  4.05  2.95  0.16  0.37  0.22 345.0
 ICT 20040303  4.40  1.68  0.00  0.03  0.12 325.7
 ICT 20040304  4.55  1.63  0.00  0.00  0.10 320.6
 ICT 20040305  4.46  2.86  0.00  0.34  0.31 330.8
 ICT 20040306  4.47  4.15  0.50  0.39  0.12 335.0
 ICT 20040307  4.47  4.25  0.64  0.30  0.07 339.5
 ICT 20040308  4.94  4.35  0.42  0.34  0.20 315.4
 ICT 20040309  4.85  4.70  0.81  0.18  0.00 324.6
 ICT 20040310  5.50  4.16  0.17  0.40  0.23 295.4
 ICT 20040311  4.71  4.57  0.77  0.23  0.00 342.0
 ICT 20040312  4.65  4.13  0.50  0.34  0.09 349.7
 ICT 20040313  4.72  2.48  0.07  0.16  0.17 350.1
 ICT 20040314  4.88  4.56  0.60  0.34  0.04 344.7
 ICT 20040315  5.17  4.05  0.29  0.35  0.17 332.1
 ICT 20040316  4.57  3.48  0.27  0.31  0.20 373.5
 ICT 20040317  5.21  4.41  0.39  0.36  0.14 337.9
 ICT 20040318  6.24  5.28  0.49  0.28  0.09 293.3
 ICT 20040319  5.99  4.84  0.44  0.27  0.09 306.9
 ICT 20040320  6.32  5.11  0.33  0.36  0.15 296.6
 ICT 20040321  6.68  5.73  0.43  0.35  0.12 286.6
 ICT 20040322  6.87  5.46  0.40  0.28  0.11 282.7
 ICT 20040323  6.81  5.18  0.27  0.33  0.17 287.9
 ICT 20040324  6.91  4.80  0.12  0.35  0.23 287.7
 ICT 20040325  6.67  4.48  0.32  0.14  0.14 298.8
 ICT 20040326  6.56  4.41  0.18  0.27  0.19 306.7
 ICT 20040327  6.76  3.36  0.01  0.20  0.14 301.8
 ICT 20040328  5.71  4.94  0.47  0.30  0.14 352.1
 ICT 20040329  5.33  4.94  0.61  0.27  0.10 377.4
 ICT 20040330  5.72  5.31  0.68  0.22  0.06 358.6
 ICT 20040331  5.88  5.42  0.75  0.17  0.00 353.5
 ICT 20040401  6.30  5.65  0.66  0.22  0.02 336.8
 ICT 20040402  6.60  6.03  0.66  0.24  0.03 326.3
 ICT 20040403  6.69  6.04  0.59  0.29  0.05 325.3
 ICT 20040404  6.61  6.04  0.61  0.27  0.07 331.7
 ICT 20040405  6.72  5.52  0.14  0.51  0.28 330.0
 ICT 20040406  6.96  4.08  0.02  0.23  0.30 322.7
 ICT 20040407  6.96  4.59  0.10  0.25  0.32 325.3
 ICT 20040408  7.08  6.47  0.40  0.48  0.12 323.4
 ICT 20040409  6.85  2.92  0.00  0.04  0.21 335.5
 ICT 20040410  6.87  2.99  0.00  0.05  0.22 337.5
 ICT 20040411  6.41  5.08  0.13  0.50  0.24 360.6
 ICT 20040412  5.91  4.08  0.14  0.29  0.27 389.2
 ICT 20040413  5.69  5.10  0.40  0.45  0.12 405.1
 ICT 20040414  6.65  6.12  0.52  0.38  0.08 357.0
 ICT 20040415  6.97  6.50  0.65  0.27  0.05 345.3
 ICT 20040416  7.83  7.37  0.56  0.41  0.02 315.1
 ICT 20040417  8.14  7.43  0.44  0.46  0.08 307.2
 ICT 20040418  8.78  4.92  0.00  0.21  0.30 290.5
 ICT 20040419  8.18  6.65  0.24  0.45  0.18 310.0
 ICT 20040420  7.97  6.46  0.34  0.35  0.15 318.8
 ICT 20040421  7.03  5.54  0.05  0.53  0.32 356.2
 ICT 20040422  7.17  4.84  0.15  0.28  0.23 352.1
 ICT 20040423  7.95  3.68  0.00  0.07  0.26 324.5
 ICT 20040424  8.38  3.34  0.00  0.00  0.20 312.2
 ICT 20040425  7.40  5.89  0.19  0.43  0.25 348.2
 ICT 20040426  6.79  6.27  0.42  0.48  0.11 376.4
 ICT 20040427  7.28  6.85  0.54  0.42  0.04 356.7
 ICT 20040428  7.55  7.06  0.51  0.43  0.06 347.7
 ICT 20040429  7.69  5.24  0.01  0.40  0.31 344.2
 ICT 20040430  7.54  5.40  0.13  0.37  0.24 351.7
 ICT 20040501  7.28  4.62  0.00  0.31  0.34 363.7
 ICT 20040502  6.84  5.98  0.31  0.46  0.20 384.7
 ICT 20040503  7.77  6.95  0.33  0.50  0.16 346.8
 ICT 20040504  8.39  7.26  0.35  0.44  0.14 326.1
 ICT 20040505  8.53  8.02  0.53  0.43  0.04 323.0
 ICT 20040506  8.84  8.40  0.54  0.45  0.02 315.0
 ICT 20040507  8.84  7.77  0.43  0.40  0.10 316.2
 ICT 20040508  9.05  8.00  0.34  0.47  0.16 311.2
 ICT 20040509  9.12  7.64  0.27  0.45  0.19 310.3
 ICT 20040510  8.95  7.32  0.23  0.45  0.21 316.5
 ICT 20040511  8.91  5.76  0.00  0.35  0.31 318.4
 ICT 20040512  8.77  7.23  0.52  0.20  0.10 323.2
 ICT 20040513  9.19  6.89  0.31  0.26  0.18 312.0
 ICT 20040514  8.69  6.46  0.06  0.42  0.35 327.5
 ICT 20040515  8.11  6.23  0.11  0.46  0.27 347.4
 ICT 20040516  8.43  6.86  0.22  0.46  0.20 337.8
 ICT 20040517  8.80  7.32  0.29  0.43  0.17 326.0
 ICT 20040518  9.32  7.05  0.23  0.35  0.20 312.1
 ICT 20040519  9.45  8.65  0.62  0.29  0.03 309.5
 ICT 20040520  9.60  8.19  0.25  0.50  0.19 306.1
 ICT 20040521  9.66  7.38  0.14  0.44  0.24 304.9
 ICT 20040522  9.43  7.14  0.15  0.43  0.22 311.7
 ICT 20040523  8.78  7.82  0.60  0.22  0.10 331.4
 ICT 20040524  9.45  7.47  0.15  0.48  0.23 312.3
 ICT 20040525  9.34  5.62  0.00  0.26  0.33 315.9
 ICT 20040526 10.03  5.02  0.00  0.12  0.28 298.0
 ICT 20040527  9.78  7.69  0.16  0.47  0.22 305.1
 ICT 20040528  9.01  8.44  0.54  0.42  0.03 326.8
 ICT 20040529  8.98  7.24  0.22  0.44  0.21 328.3
 ICT 20040530  8.70  5.66  0.00  0.33  0.35 337.7
 ICT 20040531  7.98  7.39  0.47  0.44  0.09 363.5
 ICT 20040601  8.83  8.01  0.37  0.49  0.14 334.3
 ICT 20040602  8.50  7.07  0.14  0.52  0.29 345.1
 ICT 20040603  8.72  7.13  0.17  0.47  0.28 338.5
 ICT 20040604  8.93  7.19  0.11  0.49  0.32 331.9
 ICT 20040605  9.72  6.58  0.01  0.35  0.37 309.6
 ICT 20040606  9.51  8.46  0.38  0.42  0.18 315.7
 ICT 20040607  9.19  8.29  0.40  0.46  0.12 324.6
 ICT 20040608  9.33  6.23  0.08  0.33  0.26 320.9
 ICT 20040609  9.76  5.58  0.03  0.20  0.29 309.4
 ICT 20040610  9.97  6.49  0.02  0.32  0.33 303.8
 ICT 20040611  9.72  8.78  0.66  0.20  0.06 310.7
 ICT 20040612  9.82  8.15  0.28  0.44  0.17 308.2
 ICT 20040613  9.66  8.72  0.39  0.45  0.15 312.5
 ICT 20040614  9.95  8.96  0.44  0.43  0.09 304.7
 ICT 20040615 10.02  8.72  0.32  0.47  0.16 303.0
 ICT 20040616 10.03  8.06  0.21  0.44  0.22 302.8
 ICT 20040617 10.71  8.59  0.25  0.42  0.18 287.1
 ICT 20040618 11.30  8.02  0.20  0.29  0.22 274.4
 ICT 20040619 10.87  6.28  0.00  0.21  0.34 283.7
 ICT 20040620 10.25  6.92  0.05  0.32  0.34 297.5
 ICT 20040621 10.04  7.76  0.25  0.37  0.18 302.9
 ICT 20040622 10.21  6.59  0.00  0.32  0.35 298.2
 ICT 20040623  9.35  8.85  0.61  0.34  0.05 320.9
 ICT 20040624  9.05  7.78  0.38  0.41  0.12 329.8
 ICT 20040625  9.51  7.57  0.14  0.46  0.29 316.4
 ICT 20040626  9.71  6.44  0.05  0.30  0.34 310.7
 ICT 20040627  9.75  6.12  0.08  0.21  0.33 309.5
 ICT 20040628  9.74  7.14  0.16  0.32  0.30 309.8
 ICT 20040629  9.55  7.37  0.13  0.43  0.29 314.9
 ICT 20040630  9.56  6.89  0.08  0.35  0.36 314.3
 ICT 20040701  9.72  5.98  0.09  0.17  0.34 309.6
 ICT 20040702  9.96  7.26  0.15  0.31  0.32 302.7
 ICT 20040703  9.47  8.54  0.35  0.49  0.16 315.8
 ICT 20040704  9.41  7.77  0.29  0.42  0.17 317.1
 ICT 20040705  9.32  7.00  0.09  0.44  0.29 319.4
 ICT 20040706  9.92  6.64  0.03  0.32  0.36 302.6
 ICT 20040707  9.45  8.11  0.32  0.45  0.16 315.2
 ICT 20040708  9.55  8.26  0.35  0.44  0.14 312.0
 ICT 20040709  9.34  7.75  0.29  0.42  0.18 317.3
 ICT 20040710  9.81  8.29  0.31  0.43  0.17 304.0
 ICT 20040711  9.97  8.84  0.35  0.47  0.15 299.3
 ICT 20040712  9.91  9.14  0.50  0.42  0.06 300.4
 ICT 20040713  9.84  9.23  0.52  0.43  0.05 301.5
 ICT 20040714 10.22  9.32  0.47  0.43  0.07 292.2
 ICT 20040715 10.13  8.99  0.41  0.43  0.11 293.7
 ICT 20040716 10.24  8.56  0.26  0.46  0.19 290.7
 ICT 20040717  9.87  8.30  0.23  0.46  0.25 299.1
 ICT 20040718  9.64  8.53  0.32  0.46  0.21 304.5
 ICT 20040719  9.37  8.14  0.32  0.46  0.17 311.5
 ICT 20040720  9.52  8.77  0.44  0.46  0.10 306.3
 ICT 20040721  9.73  8.22  0.31  0.43  0.17 299.9
 ICT 20040722  9.87  8.04  0.30  0.39  0.17 295.7
 ICT 20040723 10.09  4.99  0.01  0.12  0.25 289.8
 ICT 20040724  9.87  3.93  0.00  0.00  0.20 294.2
 ICT 20040725  9.61  4.86  0.00  0.08  0.35 299.8
 ICT 20040726  8.82  7.88  0.40  0.41  0.17 321.5
 ICT 20040727  9.30  8.35  0.46  0.41  0.08 306.7
 ICT 20040728  9.21  5.29  0.00  0.19  0.36 308.5
 ICT 20040729  9.05  4.70  0.00  0.16  0.27 312.2
 ICT 20040730  8.95  7.26  0.20  0.45  0.24 313.9
 ICT 20040731  8.97  7.94  0.35  0.46  0.16 312.3
 ICT 20040801  9.14  8.46  0.47  0.44  0.09 306.3
 ICT 20040802  9.19  8.75  0.59  0.38  0.04 303.4
 ICT 20040803  9.24  8.42  0.44  0.45  0.09 300.9
 ICT 20040804  8.95  7.85  0.44  0.39  0.09 308.2
 ICT 20040805  9.48  7.31  0.26  0.36  0.17 292.6
 ICT 20040806  9.15  7.68  0.27  0.46  0.18 300.1
 ICT 20040807  8.74  6.51  0.07  0.41  0.35 311.0
 ICT 20040808  8.76  6.53  0.01  0.46  0.38 309.2
 ICT 20040809  8.73  7.24  0.21  0.45  0.27 308.6
 ICT 20040810  8.79  6.40  0.04  0.41  0.36 305.0
 ICT 20040811  8.77  4.49  0.02  0.11  0.29 304.0
 ICT 20040812  7.85  6.67  0.32  0.42  0.18 332.2
 ICT 20040813  7.72  6.05  0.15  0.42  0.30 335.3
 ICT 20040814  8.24  6.12  0.08  0.41  0.33 315.8
 ICT 20040815  7.86  6.40  0.17  0.45  0.30 326.6
 ICT 20040816  7.91  5.77  0.09  0.36  0.35 323.1
 ICT 20040817  8.25  7.43  0.46  0.41  0.09 310.7
 ICT 20040818  8.30  7.69  0.55  0.39  0.03 307.4
 ICT 20040819  8.42  3.88  0.04  0.04  0.23 301.4
 ICT 20040820  8.16  6.01  0.12  0.38  0.29 307.7
 ICT 20040821  8.16  7.14  0.40  0.42  0.11 305.7
 ICT 20040822  8.39  6.97  0.24  0.46  0.21 296.7
 ICT 20040823  8.51  7.01  0.24  0.44  0.22 291.6
 ICT 20040824  8.13  7.40  0.51  0.38  0.07 300.4
 ICT 20040825  8.25  6.67  0.15  0.49  0.26 295.1
 ICT 20040826  8.43  7.92  0.61  0.35  0.02 288.2
 ICT 20040827  8.59  6.83  0.41  0.29  0.08 281.4
 ICT 20040828  8.31  4.25  0.00  0.09  0.35 287.7
 ICT 20040829  7.88  7.33  0.53  0.37  0.10 297.8
 ICT 20040830  7.91  6.94  0.39  0.43  0.12 294.9
 ICT 20040831  7.86  6.64  0.25  0.45  0.24 294.1
 ICT 20040901  7.85  6.96  0.36  0.43  0.19 291.9
 ICT 20040902  7.78  7.33  0.56  0.40  0.04 291.9
 ICT 20040903  7.81  7.06  0.51  0.39  0.04 288.4
 ICT 20040904  7.96  6.98  0.47  0.37  0.07 281.3
 ICT 20040905  8.07  5.15  0.00  0.33  0.32 275.7
 ICT 20040906  7.64  7.21  0.63  0.32  0.04 286.4
 ICT 20040907  7.63  7.18  0.60  0.35  0.04 284.3
 ICT 20040908  7.43  6.95  0.56  0.38  0.05 288.0
 ICT 20040909  7.12  6.74  0.56  0.42  0.02 295.2
 ICT 20040910  7.20  6.84  0.63  0.33  0.04 289.9
 ICT 20040911  7.08  6.06  0.30  0.44  0.20 291.3
 ICT 20040912  7.27  6.46  0.45  0.40  0.09 281.9
 ICT 20040913  7.41  6.15  0.26  0.45  0.19 274.4
 ICT 20040914  7.18  6.05  0.30  0.43  0.18 278.9
 ICT 20040915  7.17  4.90  0.12  0.31  0.26 276.2
 ICT 20040916  7.03  6.40  0.67  0.21  0.05 278.1
 ICT 20040917  6.80  6.25  0.43  0.46  0.11 283.0
 ICT 20040918  6.72  6.26  0.47  0.45  0.09 282.6
 ICT 20040919  6.91  6.24  0.41  0.45  0.12 272.9
 ICT 20040920  7.24  5.66  0.34  0.33  0.11 259.8
 ICT 20040921  6.89  4.43  0.17  0.21  0.22 267.6
 ICT 20040922  6.43  4.49  0.28  0.24  0.13 280.3
 ICT 20040923  6.07  3.94  0.09  0.25  0.31 291.1
 ICT 20040924  6.14  5.50  0.51  0.34  0.09 284.5
 ICT 20040925  6.03  5.09  0.26  0.46  0.21 285.5
 ICT 20040926  5.96  5.03  0.34  0.41  0.15 285.0
 ICT 20040927  5.68  4.35  0.16  0.41  0.25 292.7
 ICT 20040928  5.79  3.46  0.16  0.15  0.21 284.6
 ICT 20040929  5.78  4.91  0.31  0.41  0.21 281.4
 ICT 20040930  5.70  4.62  0.20  0.43  0.27 281.1
 ICT 20041001  5.48  3.91  0.04  0.41  0.32 286.9
 ICT 20041002  5.26  4.93  0.74  0.21  0.00 293.3
 ICT 20041003  5.09  4.48  0.56  0.24  0.11 297.2
 ICT 20041004  4.87  3.94  0.47  0.26  0.06 304.8
 ICT 20041005  4.89  3.97  0.50  0.23  0.06 299.2
 ICT 20041006  4.96  2.97  0.13  0.20  0.19 291.7
 ICT 20041007  4.73  2.57  0.00  0.25  0.20 299.3
 ICT 20041008  4.60  3.71  0.52  0.17  0.10 302.6
 ICT 20041009  4.55  3.89  0.66  0.16  0.00 301.5
 ICT 20041010  4.72  2.35  0.14  0.10  0.07 288.3
 ICT 20041011  4.75  1.78  0.02  0.00  0.11 282.8
 ICT 20041012  4.66  2.99  0.20  0.18  0.21 283.2
 ICT 20041013  4.53  2.70  0.00  0.27  0.30 285.9
 ICT 20041014  3.83  3.31  0.49  0.29  0.12 325.3
 ICT 20041015  4.11  3.05  0.09  0.41  0.31 301.8
 ICT 20041016  4.03  3.56  0.38  0.42  0.16 301.9
 ICT 20041017  4.09  3.22  0.37  0.30  0.12 294.2
 ICT 20041018  3.91  3.23  0.46  0.26  0.12 301.6
 ICT 20041019  4.15  3.01  0.28  0.28  0.14 282.2
 ICT 20041020  4.03  2.98  0.50  0.11  0.05 285.3
 ICT 20041021  4.21  3.18  0.35  0.27  0.11 270.6
 ICT 20041022  4.30  2.52  0.01  0.30  0.22 262.3
 ICT 20041023  3.73  3.49  0.68  0.24  0.05 291.8
 ICT 20041024  3.73  3.46  0.68  0.25  0.02 287.5
 ICT 20041025  3.63  2.70  0.47  0.14  0.07 289.3
 ICT 20041026  3.66  1.82  0.00  0.17  0.20 282.5
 ICT 20041027  3.68  2.27  0.18  0.23  0.11 276.4
 ICT 20041028  3.84  2.36  0.02  0.35  0.20 263.3
 ICT 20041029  3.77  3.01  0.40  0.28  0.12 264.1
 ICT 20041030  3.67  3.44  0.59  0.32  0.09 266.6
 ICT 20041031  3.62  2.65  0.15  0.38  0.23 266.0
 ICT 20041101  3.62  1.77  0.00  0.18  0.17 262.2
 ICT 20041102  3.32  1.40  0.02  0.06  0.14 277.9
 ICT 20041103  3.29  1.29  0.00  0.04  0.13 276.3
 ICT 20041104  3.55  3.14  0.56  0.28  0.07 254.4
 ICT 20041105  3.56  3.46  0.79  0.21  0.00 250.0
 ICT 20041106  3.28  3.18  0.79  0.21  0.00 264.6
 ICT 20041107  3.32  2.87  0.71  0.12  0.00 258.4
 ICT 20041108  3.36  2.85  0.55  0.26  0.02 251.7
 ICT 20041109  3.28  2.63  0.36  0.32  0.14 254.1
 ICT 20041110  3.04  1.23  0.00  0.05  0.15 268.6
 ICT 20041111  3.01  1.89  0.12  0.26  0.20 267.2
 ICT 20041112  2.88  2.11  0.29  0.28  0.14 273.5
 ICT 20041113  2.80  2.04  0.34  0.25  0.09 276.3
 ICT 20041114  2.73  1.76  0.11  0.29  0.21 279.1
 ICT 20041115  2.80  1.62  0.01  0.27  0.24 269.4
 ICT 20041116  2.76  1.68  0.13  0.21  0.20 268.4
 ICT 20041117  2.68  1.33  0.08  0.12  0.14 273.0
 ICT 20041118  2.54  0.94  0.00  0.00  0.13 283.1
 ICT 20041119  2.57  1.56  0.01  0.33  0.23 276.9
 ICT 20041120  2.55  1.63  0.09  0.26  0.27 275.6
 ICT 20041121  2.60  1.52  0.00  0.28  0.26 268.8
 ICT 20041122  2.50  1.70  0.30  0.19  0.13 274.9
 ICT 20041123  2.25  1.27  0.00  0.23  0.28 297.5
 ICT 20041124  2.13  1.74  0.52  0.24  0.03 309.8
 ICT 20041125  2.07  1.77  0.43  0.32  0.15 314.3
 ICT 20041126  2.19  1.64  0.15  0.40  0.25 295.2
 ICT 20041127  2.06  1.87  0.54  0.30  0.13 310.0
 ICT 20041128  2.33  1.36  0.00  0.29  0.24 274.7
 ICT 20041129  2.37  0.86  0.00  0.00  0.11 269.0
 ICT 20041130  2.20  1.41  0.15  0.26  0.18 285.5
 ICT 20041201  2.36  2.16  0.58  0.32  0.06 266.4
 ICT 20041202  2.20  1.90  0.56  0.24  0.07 281.2
 ICT 20041203  1.95  1.78  0.48  0.36  0.15 310.5
 ICT 20041204  2.06  1.97  0.65  0.31  0.05 293.4
 ICT 20041205  2.18  1.45  0.13  0.31  0.20 276.2
 ICT 20041206  2.17  1.45  0.06  0.35  0.26 274.6
 ICT 20041207  1.92  1.85  0.71  0.26  0.04 306.2
 ICT 20041208  1.99  1.41  0.15  0.36  0.20 295.4
 ICT 20041209  1.95  1.60  0.24  0.43  0.23 300.3
 ICT 20041210  1.93  1.81  0.62  0.27  0.11 301.4
 ICT 20041211  2.25  1.89  0.41  0.31  0.16 261.4
 ICT 20041212  2.41  2.13  0.53  0.27  0.13 245.5
 ICT 20041213  2.23  2.10  0.72  0.23  0.02 262.3
 ICT 20041214  1.98  1.91  0.86  0.12  0.00 291.1
 ICT 20041215  1.89  1.45  0.21  0.39  0.21 302.0
 ICT 20041216  1.68  1.22  0.24  0.29  0.19 335.9
 ICT 20041217  1.63  1.35  0.48  0.26  0.09 346.1
 ICT 20041218  1.62  1.36  0.39  0.34  0.15 347.1
 ICT 20041219  1.73  1.38  0.43  0.25  0.12 327.3
 ICT 20041220  2.05  1.64  0.37  0.31  0.13 280.1
 ICT 20041221  1.89  1.50  0.20  0.43  0.23 302.3
 ICT 20041223  1.54  1.01  0.06  0.34  0.24 367.3
 ICT 20041224  1.50  1.31  0.57  0.21  0.12 376.8
 ICT 20041225  1.85  1.52  0.30  0.38  0.20 309.4
 ICT 20041226  1.96  1.62  0.59  0.16  0.04 293.2
 ICT 20041227  2.08  1.76  0.56  0.23  0.05 278.6
 ICT 20041228  2.16  1.76  0.34  0.36  0.14 269.4
 ICT 20041229  2.18  1.92  0.50  0.31  0.12 268.2
 ICT 20041230  2.12  1.63  0.15  0.44  0.23 274.1
 ICT 20041231  2.04  1.90  0.61  0.30  0.07 284.1
