 ILG 20040101  1.69  1.50  0.44  0.40  0.11 290.6
 ILG 20040102  1.66  1.22  0.19  0.36  0.21 297.9
 ILG 20040103  1.76  1.11  0.04  0.32  0.25 283.5
 ILG 20040104  1.92  0.75  0.02  0.06  0.06 264.2
 ILG 20040105  2.02  0.82  0.00  0.11  0.06 254.8
 ILG 20040106  1.89  1.35  0.05  0.43  0.28 273.3
 ILG 20040107  1.30  1.17  0.42  0.37  0.21 392.3
 ILG 20040108  1.49  1.10  0.25  0.30  0.19 344.9
 ILG 20040109  1.61  1.06  0.15  0.29  0.18 323.3
 ILG 20040110  1.48  1.31  0.36  0.45  0.16 354.9
 ILG 20040111  1.56  1.20  0.40  0.23  0.13 339.3
 ILG 20040112  1.73  1.06  0.05  0.22  0.32 310.7
 ILG 20040113  1.67  1.29  0.13  0.43  0.29 326.6
 ILG 20040114  1.71  1.04  0.11  0.20  0.24 322.2
 ILG 20040115  1.57  1.03  0.11  0.24  0.31 354.8
 ILG 20040116  1.54  1.42  0.50  0.36  0.14 365.6
 ILG 20040117  1.83  1.37  0.28  0.27  0.21 315.6
 ILG 20040118  1.86  0.94  0.07  0.21  0.05 313.5
 ILG 20040119  1.70  1.38  0.21  0.41  0.29 346.4
 ILG 20040120  1.68  1.42  0.25  0.43  0.27 353.1
 ILG 20040121  1.74  1.44  0.26  0.42  0.23 345.7
 ILG 20040122  1.81  1.22  0.00  0.37  0.34 338.3
 ILG 20040123  1.66  1.40  0.32  0.35  0.27 372.9
 ILG 20040124  1.70  1.03  0.15  0.17  0.22 371.0
 ILG 20040125  2.09  1.58  0.28  0.32  0.16 310.6
 ILG 20040126  2.42  0.84  0.00  0.00  0.08 276.5
 ILG 20040127  2.41  0.77  0.00  0.00  0.01 281.3
 ILG 20040128  1.78  1.14  0.08  0.24  0.32 377.4
 ILG 20040129  1.67  1.29  0.26  0.33  0.22 407.5
 ILG 20040130  1.54  1.08  0.04  0.37  0.35 446.6
 ILG 20040131  1.58  1.30  0.29  0.35  0.26 441.2
 ILG 20040201  2.34  2.16  0.49  0.39  0.12 311.2
 ILG 20040202  2.64  2.14  0.31  0.38  0.16 283.6
 ILG 20040203  2.47  0.99  0.00  0.00  0.20 305.5
 ILG 20040204  2.46  2.20  0.40  0.42  0.15 312.3
 ILG 20040205  2.57  2.08  0.21  0.46  0.21 306.0
 ILG 20040206  3.04  1.07  0.00  0.00  0.09 267.9
 ILG 20040207  2.74  1.94  0.00  0.39  0.40 298.1
 ILG 20040208  2.12  2.01  0.59  0.38  0.03 382.7
 ILG 20040209  2.70  2.08  0.10  0.46  0.29 310.8
 ILG 20040210  2.27  1.58  0.13  0.33  0.25 369.9
 ILG 20040211  2.25  1.92  0.29  0.45  0.20 379.1
 ILG 20040212  2.58  1.36  0.00  0.20  0.23 341.3
 ILG 20040213  2.71  2.46  0.42  0.41  0.17 332.6
 ILG 20040214  2.86  2.50  0.38  0.39  0.18 322.1
 ILG 20040215  2.70  2.03  0.27  0.34  0.14 345.4
 ILG 20040216  3.11  2.86  0.64  0.30  0.00 309.3
 ILG 20040217  3.20  2.06  0.06  0.29  0.29 306.6
 ILG 20040218  2.53  1.88  0.14  0.37  0.29 383.8
 ILG 20040219  2.46  2.17  0.32  0.44  0.23 399.4
 ILG 20040220  3.03  1.78  0.02  0.30  0.21 337.0
 ILG 20040221  2.85  1.72  0.00  0.21  0.40 361.6
 ILG 20040222  3.09  2.78  0.41  0.41  0.17 342.4
 ILG 20040223  3.21  2.38  0.20  0.34  0.23 336.8
 ILG 20040224  3.40  1.28  0.03  0.00  0.10 324.7
 ILG 20040225  3.05  2.90  0.68  0.26  0.06 364.2
 ILG 20040226  3.42  3.22  0.59  0.35  0.06 334.3
 ILG 20040227  3.50  3.34  0.65  0.33  0.02 332.3
 ILG 20040228  3.47  3.28  0.63  0.33  0.03 340.1
 ILG 20040301  4.04  3.43  0.28  0.46  0.19 307.1
 ILG 20040302  4.24  2.52  0.00  0.27  0.30 298.9
 ILG 20040303  3.99  3.10  0.19  0.41  0.23 319.9
 ILG 20040304  3.99  1.72  0.17  0.00  0.00 325.1
 ILG 20040305  4.45  2.19  0.00  0.15  0.22 300.7
 ILG 20040306  4.87  2.29  0.05  0.16  0.07 282.5
 ILG 20040307  4.31  2.74  0.00  0.31  0.34 318.3
 ILG 20040308  3.21  1.41  0.07  0.00  0.19 419.0
 ILG 20040309  3.42  1.78  0.04  0.13  0.25 400.8
 ILG 20040310  3.32  1.98  0.05  0.23  0.28 418.2
 ILG 20040311  4.23  3.39  0.41  0.29  0.10 342.0
 ILG 20040312  3.46  3.01  0.30  0.41  0.28 414.8
 ILG 20040313  3.85  3.61  0.60  0.31  0.09 382.1
 ILG 20040314  4.58  2.89  0.10  0.25  0.25 333.0
 ILG 20040315  4.31  3.94  0.42  0.45  0.13 355.4
 ILG 20040316  4.70  1.49  0.00  0.00  0.00 334.2
 ILG 20040317  4.13  2.09  0.00  0.10  0.32 378.4
 ILG 20040318  3.99  2.39  0.00  0.25  0.34 396.0
 ILG 20040319  4.01  2.74  0.29  0.16  0.19 398.3
 ILG 20040320  5.35  3.38  0.16  0.23  0.18 314.8
 ILG 20040321  4.68  3.87  0.18  0.41  0.37 357.9
 ILG 20040322  3.51  3.12  0.33  0.45  0.22 467.0
 ILG 20040323  4.09  3.82  0.54  0.37  0.09 411.4
 ILG 20040324  4.66  3.93  0.39  0.34  0.16 371.2
 ILG 20040325  5.06  3.27  0.25  0.23  0.07 350.1
 ILG 20040326  5.30  3.46  0.11  0.26  0.27 340.0
 ILG 20040327  5.52  4.47  0.32  0.35  0.18 332.3
 ILG 20040328  5.03  4.13  0.55  0.15  0.11 363.7
 ILG 20040329  5.64  4.45  0.35  0.33  0.11 333.4
 ILG 20040330  5.80  3.99  0.14  0.33  0.21 329.0
 ILG 20040331  5.69  2.19  0.00  0.00  0.17 338.2
 ILG 20040401  5.29  2.54  0.12  0.00  0.20 363.1
 ILG 20040402  5.09  2.49  0.00  0.00  0.42 379.0
 ILG 20040403  5.10  2.83  0.05  0.10  0.36 382.2
 ILG 20040404  4.58  2.31  0.05  0.00  0.38 424.3
 ILG 20040405  4.20  3.36  0.23  0.32  0.35 462.2
 ILG 20040406  4.92  4.69  0.61  0.39  0.00 406.0
 ILG 20040407  5.34  3.93  0.10  0.39  0.31 382.1
 ILG 20040408  6.21  3.18  0.15  0.10  0.09 338.2
 ILG 20040409  5.89  4.51  0.14  0.40  0.30 357.0
 ILG 20040410  6.55  5.02  0.16  0.42  0.24 329.0
 ILG 20040411  6.45  2.22  0.00  0.00  0.07 336.3
 ILG 20040412  7.62  2.75  0.00  0.00  0.11 294.4
 ILG 20040413  7.45  2.69  0.00  0.00  0.11 302.4
 ILG 20040414  7.14  4.84  0.00  0.27  0.50 315.6
 ILG 20040415  5.90  5.55  0.55  0.38  0.08 373.7
 ILG 20040416  6.37  6.09  0.62  0.38  0.00 352.5
 ILG 20040417  6.30  5.67  0.27  0.60  0.13 358.9
 ILG 20040418  6.72  5.60  0.16  0.57  0.19 342.1
 ILG 20040419  7.41  6.56  0.23  0.58  0.19 317.4
 ILG 20040420  7.29  6.31  0.41  0.47  0.00 323.8
 ILG 20040421  7.83  4.76  0.00  0.30  0.29 307.2
 ILG 20040422  7.53  4.12  0.00  0.13  0.38 319.1
 ILG 20040423  7.71  2.88  0.00  0.00  0.14 314.6
 ILG 20040424  7.42  7.05  0.56  0.44  0.00 327.1
 ILG 20040425  8.03  4.30  0.09  0.16  0.16 307.6
 ILG 20040426  8.32  3.59  0.00  0.00  0.28 299.9
 ILG 20040427  7.03  5.83  0.13  0.50  0.33 348.3
 ILG 20040428  5.78  5.43  0.56  0.41  0.02 413.5
 ILG 20040429  7.08  5.78  0.24  0.47  0.16 349.8
 ILG 20040430  8.13  6.34  0.09  0.49  0.29 313.1
 ILG 20040501  8.13  5.79  0.06  0.38  0.33 314.4
 ILG 20040502  8.72  5.46  0.00  0.23  0.43 297.7
 ILG 20040503  8.27  3.09  0.00  0.00  0.14 312.6
 ILG 20040504  6.96  6.22  0.45  0.38  0.13 363.0
 ILG 20040505  7.19  4.43  0.05  0.22  0.34 354.6
 ILG 20040506  7.29  6.94  0.58  0.42  0.00 351.5
 ILG 20040507  8.12  6.71  0.21  0.55  0.12 322.6
 ILG 20040508  8.00  5.63  0.35  0.14  0.17 328.0
 ILG 20040509  7.99  6.29  0.10  0.52  0.25 329.8
 ILG 20040510  8.26  7.22  0.17  0.61  0.22 322.2
 ILG 20040511  8.78  7.42  0.14  0.58  0.24 307.1
 ILG 20040512  8.98  7.55  0.12  0.56  0.29 301.9
 ILG 20040513  8.87  7.08  0.08  0.54  0.28 306.2
 ILG 20040514  8.81  6.98  0.06  0.51  0.34 309.0
 ILG 20040515  8.67  6.77  0.11  0.46  0.30 314.1
 ILG 20040516  8.66  5.44  0.07  0.18  0.39 315.3
 ILG 20040517  8.58  6.56  0.08  0.51  0.24 318.5
 ILG 20040518  8.80  5.97  0.11  0.27  0.32 313.0
 ILG 20040519  8.83  4.37  0.11  0.13  0.07 312.9
 ILG 20040520  8.11  5.76  0.06  0.44  0.24 336.9
 ILG 20040521  8.27  6.22  0.07  0.50  0.24 331.9
 ILG 20040522  8.54  6.93  0.13  0.54  0.23 323.6
 ILG 20040523  8.60  7.26  0.09  0.58  0.32 322.3
 ILG 20040524  8.80  7.57  0.13  0.59  0.28 317.1
 ILG 20040525  8.02  7.00  0.20  0.60  0.18 343.2
 ILG 20040526  8.68  6.85  0.07  0.53  0.29 321.9
 ILG 20040527  7.87  5.27  0.08  0.27  0.35 350.2
 ILG 20040528  8.43  7.10  0.12  0.57  0.28 331.3
 ILG 20040529  8.00  7.57  0.53  0.47  0.00 346.7
 ILG 20040530  8.25  6.19  0.17  0.43  0.17 338.5
 ILG 20040531  8.32  3.00  0.00  0.07  0.01 336.5
 ILG 20040601  7.87  6.89  0.21  0.55  0.24 352.6
 ILG 20040602  7.67  6.73  0.32  0.44  0.22 361.0
 ILG 20040603  7.35  6.20  0.13  0.54  0.31 374.0
 ILG 20040604  8.17  5.87  0.15  0.42  0.14 342.9
 ILG 20040605  8.36  3.43  0.00  0.00  0.23 336.9
 ILG 20040606  8.44  6.59  0.09  0.47  0.32 334.4
 ILG 20040607  8.49  6.79  0.13  0.52  0.23 333.1
 ILG 20040608  8.73  7.77  0.22  0.62  0.16 325.5
 ILG 20040609  8.68  7.63  0.17  0.63  0.20 327.4
 ILG 20040610  9.29  5.71  0.06  0.31  0.19 309.7
 ILG 20040611  9.68  5.72  0.10  0.33  0.04 299.2
 ILG 20040612  9.04  8.05  0.31  0.60  0.04 317.1
 ILG 20040613  9.12  7.36  0.35  0.39  0.07 315.0
 ILG 20040614  8.78  5.07  0.09  0.19  0.22 324.7
 ILG 20040615  9.04  7.09  0.14  0.46  0.26 317.4
 ILG 20040616  9.78  5.99  0.00  0.30  0.30 297.3
 ILG 20040617 10.14  7.49  0.00  0.46  0.38 288.7
 ILG 20040618 10.41  8.39  0.06  0.57  0.29 282.4
 ILG 20040619  9.80  8.05  0.13  0.55  0.24 297.0
 ILG 20040620  8.79  7.96  0.44  0.42  0.12 325.1
 ILG 20040621  8.72  7.75  0.25  0.61  0.12 326.9
 ILG 20040622  9.52  4.89  0.08  0.12  0.18 303.8
 ILG 20040623  9.82  6.97  0.12  0.37  0.24 295.9
 ILG 20040624  9.12  7.75  0.22  0.58  0.12 315.0
 ILG 20040625  9.33  6.28  0.02  0.38  0.30 308.7
 ILG 20040626  9.66  7.78  0.14  0.51  0.24 300.1
 ILG 20040627  8.83  7.82  0.24  0.59  0.16 323.0
 ILG 20040628  8.88  5.65  0.03  0.29  0.32 321.2
 ILG 20040629  8.24  7.43  0.26  0.60  0.15 341.8
 ILG 20040630  7.90  6.87  0.20  0.58  0.20 353.5
 ILG 20040701  8.03  6.49  0.13  0.52  0.25 348.3
 ILG 20040702  8.22  6.48  0.11  0.51  0.25 341.6
 ILG 20040703  8.51  6.75  0.12  0.55  0.19 331.5
 ILG 20040704  8.98  6.58  0.07  0.46  0.25 316.4
 ILG 20040705  9.42  6.50  0.02  0.36  0.37 303.6
 ILG 20040706  8.87  7.78  0.22  0.59  0.17 318.9
 ILG 20040707  9.08  6.93  0.04  0.54  0.26 312.5
 ILG 20040708  8.63  6.84  0.03  0.54  0.35 325.4
 ILG 20040709  8.87  7.85  0.20  0.62  0.18 317.9
 ILG 20040710  9.20  8.13  0.20  0.64  0.15 307.8
 ILG 20040711  9.10  6.81  0.08  0.49  0.23 310.1
 ILG 20040712  9.51  4.59  0.00  0.16  0.18 298.0
 ILG 20040713  9.29  6.65  0.01  0.41  0.38 303.4
 ILG 20040714  8.88  6.33  0.00  0.38  0.43 314.5
 ILG 20040715  8.02  6.39  0.01  0.50  0.45 341.9
 ILG 20040716  8.51  7.09  0.10  0.55  0.32 324.5
 ILG 20040717  8.34  6.32  0.03  0.50  0.32 329.1
 ILG 20040718  8.85  5.32  0.00  0.21  0.40 313.2
 ILG 20040719  8.75  6.40  0.00  0.42  0.42 315.4
 ILG 20040720  8.54  6.95  0.05  0.56  0.34 320.7
 ILG 20040721  8.40  6.74  0.11  0.52  0.27 324.0
 ILG 20040722  9.18  6.86  0.05  0.48  0.29 300.1
 ILG 20040723  9.20  5.54  0.07  0.27  0.20 298.5
 ILG 20040724  9.14  5.04  0.05  0.20  0.21 299.3
 ILG 20040725  9.47  5.25  0.00  0.15  0.37 290.1
 ILG 20040726  9.25  3.75  0.04  0.03  0.11 294.8
 ILG 20040727  9.45  4.29  0.00  0.06  0.25 288.9
 ILG 20040728  9.10  4.06  0.03  0.07  0.17 297.0
 ILG 20040729  8.50  5.94  0.04  0.40  0.30 313.6
 ILG 20040730  8.95  5.57  0.00  0.23  0.42 298.8
 ILG 20040731  8.99  6.55  0.04  0.46  0.29 296.6
 ILG 20040801  9.02  6.20  0.00  0.40  0.34 294.8
 ILG 20040802  8.58  5.15  0.06  0.20  0.31 306.1
 ILG 20040803  8.74  5.33  0.01  0.29  0.29 300.3
 ILG 20040804  8.62  6.88  0.12  0.55  0.20 302.0
 ILG 20040805  8.72  3.98  0.00  0.08  0.23 298.1
 ILG 20040806  7.83  5.85  0.05  0.46  0.32 325.1
 ILG 20040807  7.25  5.54  0.02  0.46  0.41 345.0
 ILG 20040808  7.82  6.81  0.17  0.59  0.24 322.5
 ILG 20040809  7.79  6.86  0.21  0.60  0.18 321.6
 ILG 20040810  7.94  5.19  0.08  0.29  0.28 315.1
 ILG 20040811  7.86  5.54  0.01  0.44  0.31 315.9
 ILG 20040812  8.05  4.03  0.00  0.12  0.28 308.2
 ILG 20040813  8.73  4.51  0.00  0.00  0.49 286.4
 ILG 20040814  8.82  4.93  0.00  0.22  0.28 282.1
 ILG 20040815  8.29  5.83  0.02  0.39  0.36 295.4
 ILG 20040816  7.82  6.23  0.07  0.50  0.35 308.6
 ILG 20040817  7.48  5.83  0.08  0.50  0.29 318.5
 ILG 20040818  7.53  5.63  0.02  0.48  0.34 315.0
 ILG 20040819  7.88  6.17  0.06  0.51  0.32 300.5
 ILG 20040820  7.76  6.53  0.12  0.61  0.22 302.4
 ILG 20040821  8.10  3.80  0.02  0.10  0.20 290.2
 ILG 20040822  7.44  6.87  0.35  0.61  0.04 309.1
 ILG 20040823  7.41  6.67  0.26  0.62  0.12 307.9
 ILG 20040824  7.43  5.90  0.12  0.55  0.19 304.7
 ILG 20040825  7.66  5.72  0.11  0.48  0.19 295.2
 ILG 20040826  7.42  6.15  0.23  0.51  0.15 300.8
 ILG 20040827  7.52  6.04  0.14  0.50  0.25 295.4
 ILG 20040828  7.63  6.23  0.12  0.54  0.26 289.9
 ILG 20040829  7.36  5.55  0.05  0.50  0.28 295.9
 ILG 20040830  7.75  5.18  0.00  0.36  0.35 280.9
 ILG 20040831  7.76  5.97  0.09  0.48  0.28 278.1
 ILG 20040901  7.34  6.65  0.28  0.62  0.10 289.0
 ILG 20040902  7.30  5.55  0.13  0.48  0.19 287.8
 ILG 20040903  7.02  5.36  0.10  0.50  0.22 294.5
 ILG 20040904  6.85  4.84  0.02  0.43  0.31 297.4
 ILG 20040905  6.66  4.08  0.00  0.30  0.30 301.8
 ILG 20040906  6.62  4.27  0.04  0.35  0.24 300.5
 ILG 20040907  6.96  5.08  0.08  0.43  0.27 285.9
 ILG 20040908  7.35  3.71  0.00  0.12  0.29 270.3
 ILG 20040909  6.86  4.21  0.00  0.21  0.43 283.5
 ILG 20040910  6.45  5.36  0.20  0.50  0.22 295.1
 ILG 20040911  6.68  5.49  0.19  0.51  0.20 283.8
 ILG 20040912  6.59  5.59  0.20  0.55  0.19 284.0
 ILG 20040913  6.36  5.47  0.20  0.60  0.15 289.4
 ILG 20040914  6.37  4.69  0.10  0.46  0.21 285.9
 ILG 20040915  6.25  2.89  0.00  0.11  0.20 287.1
 ILG 20040916  6.40  4.64  0.06  0.43  0.29 277.7
 ILG 20040917  6.92  2.92  0.03  0.02  0.18 257.6
 ILG 20040918  6.04  2.35  0.00  0.00  0.18 285.3
 ILG 20040919  5.80  5.57  0.60  0.41  0.00 291.5
 ILG 20040920  5.81  5.53  0.59  0.41  0.00 287.8
 ILG 20040921  5.73  5.40  0.51  0.48  0.01 287.5
 ILG 20040922  5.66  5.37  0.55  0.45  0.00 286.9
 ILG 20040923  5.57  5.10  0.37  0.60  0.00 287.0
 ILG 20040924  5.93  5.31  0.34  0.58  0.03 268.7
 ILG 20040925  5.65  4.83  0.25  0.54  0.14 276.0
 ILG 20040926  5.52  3.97  0.11  0.39  0.25 277.6
 ILG 20040927  5.34  3.57  0.05  0.36  0.27 282.0
 ILG 20040928  5.52  2.17  0.01  0.00  0.17 270.6
 ILG 20040929  5.29  3.57  0.04  0.33  0.34 276.3
 ILG 20040930  5.02  3.23  0.00  0.26  0.43 285.7
 ILG 20041001  4.79  4.33  0.34  0.57  0.07 293.0
 ILG 20041002  4.82  2.56  0.00  0.20  0.24 287.4
 ILG 20041003  4.48  3.96  0.43  0.40  0.11 301.5
 ILG 20041004  4.38  3.54  0.26  0.41  0.19 302.7
 ILG 20041005  4.31  3.91  0.48  0.39  0.10 302.3
 ILG 20041006  4.22  3.98  0.55  0.40  0.06 303.4
 ILG 20041007  4.19  3.87  0.47  0.43  0.10 300.2
 ILG 20041008  4.20  3.99  0.62  0.35  0.03 295.4
 ILG 20041009  4.26  3.48  0.29  0.40  0.18 288.0
 ILG 20041010  3.87  3.27  0.27  0.42  0.25 308.1
 ILG 20041011  3.94  3.55  0.55  0.29  0.11 298.3
 ILG 20041012  4.19  3.96  0.62  0.31  0.07 278.3
 ILG 20041013  4.09  3.38  0.31  0.38  0.20 280.2
 ILG 20041014  3.73  1.53  0.00  0.05  0.16 298.6
 ILG 20041015  3.57  1.36  0.05  0.01  0.06 305.5
 ILG 20041016  3.44  2.34  0.00  0.35  0.39 310.2
 ILG 20041017  3.16  2.55  0.22  0.39  0.28 328.1
 ILG 20041018  3.62  2.52  0.20  0.28  0.20 287.7
 ILG 20041019  3.64  1.48  0.00  0.05  0.15 281.4
 ILG 20041020  3.64  1.54  0.00  0.02  0.23 276.7
 ILG 20041021  3.34  1.78  0.06  0.14  0.23 294.2
 ILG 20041022  3.11  2.15  0.20  0.24  0.25 308.2
 ILG 20041023  3.30  2.65  0.33  0.33  0.18 288.0
 ILG 20041024  3.35  2.30  0.10  0.33  0.27 278.7
 ILG 20041025  3.43  2.73  0.28  0.36  0.20 268.8
 ILG 20041026  3.37  2.92  0.38  0.40  0.15 268.4
 ILG 20041027  3.48  2.21  0.00  0.33  0.31 256.5
 ILG 20041028  3.21  2.87  0.50  0.35  0.09 270.9
 ILG 20041029  3.32  2.00  0.10  0.22  0.22 259.6
 ILG 20041030  3.24  1.87  0.11  0.20  0.17 260.8
 ILG 20041031  3.16  2.79  0.27  0.51  0.22 262.7
 ILG 20041101  3.35  2.70  0.26  0.41  0.19 245.9
 ILG 20041102  3.38  2.33  0.14  0.34  0.20 240.3
 ILG 20041103  3.39  3.27  0.71  0.29  0.00 235.6
 ILG 20041104  3.06  1.13  0.00  0.00  0.13 253.2
 ILG 20041105  2.69  2.42  0.42  0.36  0.22 278.6
 ILG 20041106  2.65  2.37  0.34  0.47  0.19 277.1
 ILG 20041107  2.61  2.10  0.18  0.47  0.23 276.2
 ILG 20041108  2.48  2.20  0.39  0.41  0.17 286.4
 ILG 20041109  2.14  1.97  0.47  0.38  0.16 321.4
 ILG 20041110  2.37  2.03  0.40  0.39  0.11 289.3
 ILG 20041111  2.51  1.75  0.07  0.36  0.30 270.5
 ILG 20041112  2.46  0.88  0.00  0.00  0.10 272.0
 ILG 20041113  2.32  1.94  0.39  0.34  0.15 282.5
 ILG 20041114  2.13  2.05  0.77  0.22  0.00 300.0
 ILG 20041115  2.19  2.06  0.58  0.34  0.08 288.0
 ILG 20041116  2.04  1.79  0.29  0.48  0.21 302.2
 ILG 20041117  2.06  1.73  0.34  0.39  0.16 295.6
 ILG 20041118  2.04  1.45  0.14  0.32  0.28 294.8
 ILG 20041119  2.27  1.33  0.01  0.26  0.28 265.6
 ILG 20041120  2.14  0.94  0.06  0.04  0.15 275.8
 ILG 20041121  2.23  1.39  0.16  0.24  0.14 262.9
 ILG 20041122  2.20  1.11  0.00  0.13  0.28 263.2
 ILG 20041123  1.97  1.14  0.15  0.19  0.13 287.4
 ILG 20041124  1.98  0.72  0.03  0.00  0.06 281.5
 ILG 20041125  1.92  0.95  0.00  0.12  0.26 285.7
 ILG 20041126  1.69  1.43  0.39  0.36  0.15 318.1
 ILG 20041127  1.82  1.30  0.23  0.29  0.19 294.5
 ILG 20041128  1.80  0.82  0.11  0.09  0.03 294.1
 ILG 20041129  2.06  1.51  0.10  0.43  0.25 259.2
 ILG 20041130  2.12  1.24  0.08  0.24  0.19 249.9
 ILG 20041201  2.07  1.24  0.00  0.26  0.32 253.0
 ILG 20041202  1.94  1.61  0.29  0.42  0.18 266.4
 ILG 20041203  1.61  1.42  0.35  0.43  0.20 314.1
 ILG 20041204  1.48  1.27  0.31  0.43  0.20 337.4
 ILG 20041205  1.63  1.35  0.21  0.48  0.22 304.4
 ILG 20041206  1.73  0.86  0.08  0.15  0.09 284.9
 ILG 20041207  1.83  0.66  0.00  0.04  0.05 270.2
 ILG 20041208  1.60  1.45  0.35  0.47  0.19 303.9
 ILG 20041209  1.82  0.87  0.00  0.08  0.29 269.5
 ILG 20041210  1.75  0.61  0.00  0.00  0.08 278.0
 ILG 20041211  1.59  0.92  0.00  0.18  0.38 303.0
 ILG 20041212  1.57  1.32  0.26  0.43  0.25 305.4
 ILG 20041213  1.62  1.14  0.00  0.37  0.42 294.8
 ILG 20041214  1.49  1.13  0.08  0.40  0.38 316.6
 ILG 20041215  1.33  1.22  0.53  0.34  0.12 352.6
 ILG 20041216  1.60  1.49  0.52  0.41  0.07 294.7
 ILG 20041217  1.49  1.31  0.26  0.51  0.23 315.7
 ILG 20041218  1.42  0.81  0.06  0.18  0.27 330.5
 ILG 20041219  1.46  0.74  0.00  0.12  0.29 321.0
 ILG 20041220  1.16  1.04  0.43  0.35  0.22 403.6
 ILG 20041221  1.65  1.25  0.23  0.37  0.18 287.7
 ILG 20041223  1.56  0.61  0.00  0.00  0.19 303.3
 ILG 20041224  1.45  1.00  0.03  0.40  0.30 325.8
 ILG 20041225  1.33  1.09  0.26  0.41  0.22 355.0
 ILG 20041226  1.48  0.86  0.00  0.25  0.29 319.9
 ILG 20041227  1.37  1.18  0.38  0.36  0.20 346.1
 ILG 20041228  1.47  1.07  0.24  0.28  0.21 322.6
 ILG 20041229  1.46  1.05  0.15  0.33  0.27 324.0
 ILG 20041230  1.44  0.98  0.14  0.30  0.23 330.9
 ILG 20041231  1.56  1.15  0.15  0.38  0.24 305.1
