 JAN 20040101  3.86  3.08  0.27  0.37  0.21 224.3
 JAN 20040102  3.69  1.86  0.00  0.14  0.26 234.4
 JAN 20040103  3.82  2.04  0.00  0.17  0.29 228.8
 JAN 20040104  3.85  2.15  0.00  0.24  0.25 228.5
 JAN 20040105  3.82  2.08  0.00  0.21  0.26 232.1
 JAN 20040106  3.54  2.91  0.37  0.33  0.16 249.1
 JAN 20040107  3.27  3.15  0.72  0.26  0.02 268.0
 JAN 20040108  3.36  2.25  0.28  0.17  0.16 263.6
 JAN 20040109  3.27  2.15  0.32  0.15  0.09 271.5
 JAN 20040110  3.22  2.85  0.61  0.22  0.07 276.9
 JAN 20040111  3.54  3.19  0.62  0.26  0.04 256.7
 JAN 20040112  3.69  3.08  0.38  0.33  0.17 249.8
 JAN 20040113  3.61  1.95  0.00  0.18  0.29 257.2
 JAN 20040114  3.40  2.05  0.21  0.15  0.14 272.7
 JAN 20040115  3.41  3.10  0.57  0.30  0.08 274.3
 JAN 20040116  3.54  2.10  0.13  0.20  0.18 268.5
 JAN 20040117  3.57  1.55  0.00  0.10  0.15 269.1
 JAN 20040118  3.53  1.60  0.00  0.08  0.22 274.1
 JAN 20040119  3.35  3.11  0.76  0.17  0.00 289.1
 JAN 20040120  3.70  3.24  0.48  0.34  0.09 267.6
 JAN 20040121  3.95  3.33  0.38  0.38  0.12 255.2
 JAN 20040122  4.00  3.23  0.23  0.44  0.20 255.5
 JAN 20040123  3.80  3.53  0.56  0.35  0.08 270.3
 JAN 20040124  4.06  2.28  0.04  0.18  0.28 258.2
 JAN 20040125  4.23  2.35  0.07  0.17  0.23 251.1
 JAN 20040126  4.09  3.50  0.35  0.38  0.20 261.8
 JAN 20040127  3.65  3.35  0.68  0.21  0.05 292.4
 JAN 20040128  3.49  3.34  0.62  0.36  0.03 307.1
 JAN 20040129  3.39  2.91  0.40  0.37  0.14 318.7
 JAN 20040130  3.38  1.61  0.15  0.03  0.10 322.3
 JAN 20040131  3.72  2.76  0.30  0.27  0.16 298.9
 JAN 20040201  4.20  2.62  0.10  0.26  0.22 273.3
 JAN 20040202  3.98  1.80  0.00  0.10  0.19 289.9
 JAN 20040203  4.15  3.94  0.70  0.25  0.04 283.8
 JAN 20040204  4.32  3.28  0.14  0.44  0.23 276.8
 JAN 20040205  4.75  1.75  0.04  0.00  0.06 258.9
 JAN 20040206  4.81  1.96  0.00  0.06  0.14 259.6
 JAN 20040207  4.60  4.18  0.65  0.23  0.05 272.6
 JAN 20040208  4.73  4.09  0.41  0.41  0.08 269.2
 JAN 20040209  4.74  3.13  0.13  0.26  0.26 272.1
 JAN 20040210  4.52  1.54  0.00  0.02  0.03 286.7
 JAN 20040211  4.57  1.66  0.00  0.01  0.10 287.8
 JAN 20040212  4.79  2.36  0.03  0.14  0.18 279.6
 JAN 20040213  5.28  3.57  0.08  0.35  0.25 261.1
 JAN 20040214  4.83  1.64  0.00  0.00  0.06 285.5
 JAN 20040215  4.11  2.25  0.34  0.00  0.00 331.3
 JAN 20040216  4.90  3.89  0.29  0.37  0.16 288.7
 JAN 20040217  4.00  3.03  0.40  0.21  0.12 348.5
 JAN 20040218  4.76  4.61  0.81  0.18  0.00 303.0
 JAN 20040219  5.72  5.16  0.46  0.39  0.12 262.8
 JAN 20040220  5.24  3.49  0.09  0.31  0.27 286.3
 JAN 20040221  5.25  4.80  0.45  0.40  0.15 289.2
 JAN 20040222  5.41  4.29  0.28  0.39  0.15 285.6
 JAN 20040223  5.21  3.08  0.04  0.26  0.24 298.6
 JAN 20040224  5.14  2.36  0.00  0.07  0.25 305.7
 JAN 20040225  4.82  1.75  0.07  0.00  0.00 327.0
 JAN 20040226  4.72  2.37  0.22  0.00  0.09 337.1
 JAN 20040227  5.17  4.89  0.77  0.18  0.01 315.2
 JAN 20040228  6.09  5.45  0.53  0.33  0.07 277.4
 JAN 20040301  6.18  3.41  0.00  0.20  0.29 280.5
 JAN 20040302  6.18  2.79  0.00  0.07  0.23 284.0
 JAN 20040303  6.48  3.58  0.00  0.21  0.28 275.8
 JAN 20040304  6.69  3.64  0.00  0.21  0.26 271.7
 JAN 20040305  7.02  3.66  0.01  0.20  0.20 264.2
 JAN 20040306  6.86  6.13  0.55  0.29  0.09 271.9
 JAN 20040307  6.84  6.24  0.48  0.37  0.14 275.4
 JAN 20040308  6.44  6.29  0.85  0.15  0.00 293.6
 JAN 20040309  5.92  5.51  0.66  0.25  0.06 318.7
 JAN 20040310  5.97  5.76  0.73  0.26  0.01 319.4
 JAN 20040311  6.55  5.00  0.27  0.33  0.18 298.2
 JAN 20040312  6.55  5.70  0.52  0.28  0.10 301.8
 JAN 20040313  6.66  4.44  0.12  0.28  0.26 300.1
 JAN 20040314  7.08  3.74  0.01  0.24  0.16 288.5
 JAN 20040315  7.01  3.84  0.05  0.25  0.13 293.9
 JAN 20040316  7.02  6.26  0.49  0.33  0.13 296.8
 JAN 20040317  5.99  5.15  0.41  0.33  0.18 342.0
 JAN 20040318  7.05  5.42  0.25  0.32  0.24 300.5
 JAN 20040319  6.94  5.16  0.22  0.32  0.23 308.1
 JAN 20040320  6.90  6.22  0.47  0.34  0.17 312.4
 JAN 20040321  7.35  7.01  0.70  0.24  0.06 298.6
 JAN 20040322  7.75  6.74  0.54  0.24  0.12 288.5
 JAN 20040323  7.61  6.76  0.46  0.36  0.13 295.5
 JAN 20040324  7.57  6.05  0.28  0.35  0.22 298.8
 JAN 20040325  7.24  4.54  0.07  0.25  0.29 313.6
 JAN 20040326  7.48  5.04  0.10  0.31  0.27 307.5
 JAN 20040327  7.91  5.60  0.04  0.41  0.31 295.6
 JAN 20040328  7.71  5.41  0.06  0.39  0.29 304.8
 JAN 20040329  7.47  4.66  0.07  0.25  0.28 315.6
 JAN 20040330  6.78  6.34  0.56  0.35  0.09 345.2
 JAN 20040331  6.92  6.22  0.60  0.24  0.09 342.0
 JAN 20040401  7.00  6.26  0.59  0.24  0.10 341.3
 JAN 20040402  7.38  6.69  0.39  0.55  0.02 328.4
 JAN 20040403  7.55  7.07  0.60  0.37  0.00 324.1
 JAN 20040404  7.45  7.13  0.70  0.29  0.00 330.3
 JAN 20040405  7.59  6.25  0.33  0.49  0.00 327.1
 JAN 20040406  7.73  6.61  0.26  0.57  0.08 324.1
 JAN 20040407  8.14  4.46  0.04  0.07  0.40 312.9
 JAN 20040408  7.70  6.40  0.14  0.57  0.22 329.7
 JAN 20040409  8.01  7.10  0.32  0.56  0.07 320.8
 JAN 20040410  8.57  6.62  0.23  0.37  0.21 305.5
 JAN 20040411  9.20  3.76  0.02  0.03  0.15 289.6
 JAN 20040412  7.30  3.89  0.00  0.00  0.53 352.9
 JAN 20040413  6.91  4.30  0.07  0.15  0.42 371.7
 JAN 20040414  7.19  6.85  0.59  0.41  0.00 361.4
 JAN 20040415  7.91  7.60  0.67  0.33  0.00 335.4
 JAN 20040416  8.17  7.53  0.33  0.64  0.03 327.9
 JAN 20040417  8.62  8.03  0.41  0.57  0.02 315.3
 JAN 20040418  9.31  8.35  0.53  0.32  0.09 297.0
 JAN 20040419  9.26  7.74  0.49  0.24  0.12 299.6
 JAN 20040420  9.30  6.12  0.03  0.37  0.26 300.2
 JAN 20040421  8.39  4.23  0.00  0.02  0.43 328.3
 JAN 20040422  9.10  5.83  0.00  0.27  0.41 308.2
 JAN 20040423  9.44  6.44  0.00  0.35  0.40 299.9
 JAN 20040424  9.38  6.67  0.00  0.42  0.37 302.7
 JAN 20040425  9.89  4.51  0.00  0.00  0.34 291.0
 JAN 20040426  9.52  6.53  0.03  0.39  0.30 301.5
 JAN 20040427  8.14  7.58  0.36  0.64  0.00 345.1
 JAN 20040428  8.59  7.93  0.44  0.50  0.05 331.1
 JAN 20040429  9.03  6.93  0.17  0.44  0.20 318.8
 JAN 20040430  9.72  6.47  0.00  0.30  0.43 300.6
 JAN 20040501 10.11  6.44  0.00  0.25  0.43 292.0
 JAN 20040502  9.77  7.62  0.15  0.42  0.29 301.1
 JAN 20040503  8.93  8.32  0.48  0.48  0.03 325.1
 JAN 20040504  8.56  7.74  0.27  0.65  0.07 338.2
 JAN 20040505  8.79  7.85  0.16  0.73  0.11 331.4
 JAN 20040506  8.84  8.42  0.64  0.33  0.03 330.9
 JAN 20040507  9.06  8.50  0.51  0.45  0.04 324.7
 JAN 20040508  9.07  8.27  0.25  0.70  0.05 325.3
 JAN 20040509  9.22  8.27  0.22  0.66  0.12 321.8
 JAN 20040510  9.10  7.07  0.00  0.54  0.36 326.0
 JAN 20040511  9.45  6.96  0.00  0.45  0.39 316.9
 JAN 20040512  9.87  7.07  0.00  0.40  0.41 305.9
 JAN 20040513 10.25  7.09  0.00  0.35  0.42 296.8
 JAN 20040514 10.25  7.09  0.00  0.35  0.42 297.2
 JAN 20040515  9.69  5.52  0.01  0.08  0.49 312.4
 JAN 20040516  9.81  6.82  0.01  0.36  0.40 309.8
 JAN 20040517 10.02  7.50  0.00  0.47  0.39 304.5
 JAN 20040518  9.66  6.98  0.00  0.41  0.41 314.6
 JAN 20040519  9.87  7.63  0.02  0.51  0.36 309.7
 JAN 20040520  9.56  7.96  0.06  0.63  0.27 318.4
 JAN 20040521  9.85  8.03  0.01  0.61  0.34 311.1
 JAN 20040522  9.79  8.24  0.06  0.66  0.25 313.0
 JAN 20040523 10.39  9.09  0.10  0.72  0.18 297.7
 JAN 20040524 10.48  8.93  0.07  0.68  0.23 296.2
 JAN 20040525 10.36  9.15  0.11  0.75  0.14 299.0
 JAN 20040526 11.04  9.83  0.19  0.67  0.14 284.3
 JAN 20040527 11.06  9.56  0.06  0.72  0.22 284.1
 JAN 20040528 11.01  8.08  0.00  0.48  0.34 285.5
 JAN 20040529 10.85  9.45  0.08  0.73  0.19 289.4
 JAN 20040530 11.26  7.81  0.00  0.36  0.41 280.5
 JAN 20040531 10.95  8.07  0.08  0.40  0.33 287.6
 JAN 20040601 10.25  8.49  0.05  0.62  0.29 303.7
 JAN 20040602  9.98  8.17  0.04  0.60  0.31 310.8
 JAN 20040603  9.71  8.43  0.15  0.60  0.25 318.1
 JAN 20040604  9.39  8.39  0.15  0.75  0.10 327.1
 JAN 20040605  9.99  8.68  0.08  0.69  0.24 311.1
 JAN 20040606 10.92  6.00  0.01  0.13  0.37 289.0
 JAN 20040607 10.03  8.64  0.06  0.70  0.24 310.2
 JAN 20040608 10.18  8.72  0.05  0.69  0.26 306.5
 JAN 20040609 10.42  8.90  0.04  0.69  0.27 300.3
 JAN 20040610 10.55  8.83  0.01  0.66  0.32 297.5
 JAN 20040611 10.33  8.44  0.00  0.61  0.36 302.8
 JAN 20040612 10.24  8.39  0.00  0.62  0.35 305.0
 JAN 20040613 10.35  7.64  0.00  0.46  0.38 302.3
 JAN 20040614 10.90  8.41  0.00  0.51  0.39 290.0
 JAN 20040615 10.46  7.54  0.00  0.38  0.45 299.7
 JAN 20040616 10.78  7.67  0.00  0.37  0.44 292.6
 JAN 20040617 11.25  8.87  0.00  0.54  0.39 282.5
 JAN 20040618 11.73  9.67  0.00  0.63  0.35 272.7
 JAN 20040619 11.03  8.84  0.00  0.59  0.35 287.3
 JAN 20040620 10.60  7.85  0.00  0.45  0.40 296.5
 JAN 20040621 10.28  8.30  0.00  0.60  0.35 304.0
 JAN 20040622 10.65  8.42  0.00  0.55  0.38 295.2
 JAN 20040623 11.15  6.83  0.00  0.18  0.47 284.4
 JAN 20040624 11.25  5.68  0.00  0.00  0.46 282.2
 JAN 20040625 10.93  5.21  0.00  0.15  0.18 289.0
 JAN 20040626 11.05  6.35  0.00  0.15  0.42 286.4
 JAN 20040627 10.79  6.53  0.00  0.23  0.38 292.0
 JAN 20040628 10.50  7.38  0.00  0.37  0.42 298.1
 JAN 20040629 11.01  8.32  0.02  0.46  0.39 287.1
 JAN 20040630 10.79  7.29  0.00  0.38  0.34 291.6
 JAN 20040701 10.68  6.71  0.00  0.27  0.38 293.9
 JAN 20040702 10.24  6.86  0.01  0.28  0.45 304.0
 JAN 20040703  9.93  7.89  0.00  0.57  0.36 311.8
 JAN 20040704  9.80  8.04  0.01  0.61  0.35 315.0
 JAN 20040705  9.80  8.21  0.00  0.66  0.34 315.0
 JAN 20040706  9.97  7.82  0.00  0.54  0.38 310.3
 JAN 20040707  9.75  7.93  0.00  0.61  0.35 315.8
 JAN 20040708  9.96  8.35  0.00  0.66  0.34 310.1
 JAN 20040709 10.04  8.45  0.00  0.66  0.35 307.8
 JAN 20040710  9.93  8.08  0.00  0.61  0.35 310.2
 JAN 20040711  9.99  8.42  0.01  0.67  0.32 308.4
 JAN 20040712 10.03  8.53  0.03  0.66  0.32 306.9
 JAN 20040713 10.25  8.72  0.04  0.67  0.29 300.8
 JAN 20040714 10.17  9.12  0.19  0.71  0.10 302.8
 JAN 20040715 10.81  9.48  0.16  0.64  0.20 287.7
 JAN 20040716 10.57  8.89  0.04  0.64  0.31 292.8
 JAN 20040717 10.89  8.71  0.02  0.57  0.34 285.2
 JAN 20040718 10.26  7.79  0.05  0.48  0.32 299.2
 JAN 20040719  9.56  8.51  0.14  0.72  0.15 317.0
 JAN 20040720  9.52  8.59  0.23  0.68  0.09 317.6
 JAN 20040721  9.76  8.59  0.10  0.75  0.15 310.6
 JAN 20040722 10.15  8.71  0.05  0.70  0.25 299.7
 JAN 20040723 10.14  8.61  0.03  0.68  0.29 299.5
 JAN 20040724 10.09  8.47  0.02  0.66  0.31 300.2
 JAN 20040725  9.89  8.39  0.03  0.67  0.30 304.9
 JAN 20040726 10.21  7.25  0.00  0.39  0.41 296.4
 JAN 20040727 10.25  7.34  0.01  0.41  0.38 295.0
 JAN 20040728 10.60  8.83  0.10  0.59  0.26 286.5
 JAN 20040729 10.55  8.52  0.02  0.59  0.33 287.2
 JAN 20040730 10.54  8.55  0.00  0.60  0.36 286.7
 JAN 20040731 10.24  7.59  0.00  0.45  0.40 292.7
 JAN 20040801 10.36  7.51  0.01  0.41  0.40 289.2
 JAN 20040802  9.56  8.19  0.09  0.68  0.21 308.5
 JAN 20040803  9.51  8.67  0.23  0.73  0.04 308.9
 JAN 20040804  9.83  8.80  0.13  0.77  0.11 299.3
 JAN 20040805  9.90  7.92  0.07  0.54  0.30 296.8
 JAN 20040806  9.83  8.74  0.18  0.68  0.14 297.9
 JAN 20040807  9.48  8.36  0.18  0.66  0.15 306.2
 JAN 20040808  9.44  7.00  0.01  0.46  0.37 306.5
 JAN 20040809  9.48  6.17  0.00  0.35  0.32 304.2
 JAN 20040810  9.72  7.17  0.03  0.43  0.37 296.8
 JAN 20040811  9.55  6.47  0.00  0.32  0.43 299.9
 JAN 20040812  9.50  7.08  0.01  0.46  0.38 300.2
 JAN 20040813  8.88  8.15  0.36  0.56  0.08 316.6
 JAN 20040814  9.32  8.69  0.46  0.47  0.08 302.9
 JAN 20040815  9.08  8.24  0.25  0.65  0.11 308.5
 JAN 20040816  9.20  7.91  0.22  0.59  0.13 303.9
 JAN 20040817  9.20  8.35  0.22  0.70  0.09 302.7
 JAN 20040818  9.02  8.07  0.13  0.76  0.12 306.5
 JAN 20040819  9.16  7.54  0.03  0.62  0.31 301.0
 JAN 20040820  9.58  6.77  0.00  0.39  0.40 288.9
 JAN 20040821 10.04  6.45  0.01  0.24  0.44 276.2
 JAN 20040822 10.21  7.87  0.00  0.53  0.36 271.2
 JAN 20040823  9.90  7.86  0.02  0.56  0.34 276.5
 JAN 20040824  9.71  7.85  0.03  0.58  0.33 279.9
 JAN 20040825  9.78  8.37  0.04  0.68  0.29 276.7
 JAN 20040826  9.49  7.89  0.04  0.63  0.30 282.6
 JAN 20040827  9.44  7.64  0.03  0.59  0.32 282.3
 JAN 20040828  9.25  7.01  0.02  0.49  0.35 285.6
 JAN 20040829  9.39  7.29  0.02  0.53  0.34 280.3
 JAN 20040830  9.25  7.22  0.06  0.52  0.30 282.0
 JAN 20040831  8.51  7.29  0.11  0.67  0.19 299.9
 JAN 20040901  8.72  7.24  0.07  0.62  0.26 292.4
 JAN 20040902  9.05  7.51  0.08  0.63  0.23 281.7
 JAN 20040903  9.20  6.92  0.01  0.50  0.34 275.6
 JAN 20040904  9.06  6.78  0.07  0.43  0.33 277.3
 JAN 20040905  8.81  7.26  0.07  0.59  0.29 282.3
 JAN 20040906  8.49  7.37  0.09  0.70  0.21 289.5
 JAN 20040907  8.86  6.02  0.09  0.31  0.30 277.0
 JAN 20040908  8.25  6.92  0.12  0.62  0.20 292.2
 JAN 20040909  8.07  6.73  0.12  0.64  0.16 295.0
 JAN 20040910  7.93  7.09  0.24  0.64  0.11 297.0
 JAN 20040911  8.10  7.19  0.16  0.72  0.11 289.7
 JAN 20040912  8.18  6.18  0.08  0.46  0.29 285.1
 JAN 20040913  8.10  5.55  0.07  0.30  0.36 285.2
 JAN 20040914  8.16  6.30  0.03  0.51  0.34 280.9
 JAN 20040915  8.49  6.00  0.03  0.37  0.38 269.7
 JAN 20040916  9.18  3.70  0.08  0.00  0.08 250.1
 JAN 20040917  7.91  7.01  0.25  0.62  0.10 281.1
 JAN 20040918  7.55  7.23  0.64  0.36  0.00 289.9
 JAN 20040919  7.51  7.01  0.55  0.41  0.02 288.4
 JAN 20040920  7.43  6.24  0.18  0.58  0.16 288.4
 JAN 20040921  7.09  5.98  0.20  0.57  0.15 296.8
 JAN 20040922  7.21  5.94  0.12  0.61  0.18 290.2
 JAN 20040923  7.31  5.51  0.05  0.47  0.32 284.2
 JAN 20040924  7.33  5.31  0.03  0.50  0.24 280.6
 JAN 20040925  7.65  5.72  0.05  0.53  0.22 268.1
 JAN 20040926  7.19  6.02  0.11  0.63  0.20 279.4
 JAN 20040927  6.79  5.66  0.10  0.62  0.22 290.4
 JAN 20040928  7.03  5.30  0.11  0.50  0.18 279.0
 JAN 20040929  6.89  5.26  0.05  0.50  0.30 280.8
 JAN 20040930  6.85  6.13  0.19  0.72  0.08 279.0
 JAN 20041001  6.88  5.84  0.15  0.66  0.12 274.9
 JAN 20041002  6.89  5.18  0.16  0.36  0.29 272.0
 JAN 20041003  6.86  6.05  0.36  0.42  0.19 269.9
 JAN 20041004  6.54  5.22  0.23  0.38  0.26 277.7
 JAN 20041005  6.40  4.57  0.20  0.29  0.23 279.7
 JAN 20041006  6.34  5.05  0.20  0.42  0.25 278.9
 JAN 20041007  6.48  4.28  0.04  0.30  0.35 270.6
 JAN 20041008  6.47  3.44  0.10  0.12  0.19 268.0
 JAN 20041009  6.29  2.58  0.04  0.03  0.12 271.5
 JAN 20041010  6.31  2.90  0.07  0.04  0.18 267.9
 JAN 20041011  5.98  3.56  0.12  0.18  0.23 276.7
 JAN 20041012  5.94  4.21  0.05  0.40  0.31 275.0
 JAN 20041013  5.71  4.38  0.27  0.31  0.22 281.4
 JAN 20041014  5.41  2.78  0.00  0.23  0.16 291.1
 JAN 20041015  4.79  4.34  0.42  0.40  0.18 318.7
 JAN 20041016  5.22  3.77  0.23  0.25  0.26 292.7
 JAN 20041017  5.27  4.17  0.19  0.40  0.28 286.7
 JAN 20041018  5.64  3.95  0.00  0.41  0.36 267.7
 JAN 20041019  5.66  3.29  0.00  0.24  0.31 263.8
 JAN 20041020  5.57  4.46  0.12  0.47  0.32 264.1
 JAN 20041021  5.40  4.53  0.18  0.48  0.30 267.9
 JAN 20041022  5.37  3.43  0.12  0.24  0.25 265.8
 JAN 20041023  5.38  2.90  0.00  0.18  0.29 262.1
 JAN 20041024  5.18  4.02  0.14  0.44  0.27 267.4
 JAN 20041025  5.22  3.83  0.17  0.31  0.30 262.1
 JAN 20041026  5.05  3.93  0.15  0.41  0.30 266.1
 JAN 20041027  4.81  3.57  0.12  0.37  0.32 273.2
 JAN 20041028  4.84  3.62  0.19  0.31  0.30 268.9
 JAN 20041029  4.93  3.77  0.15  0.38  0.31 262.0
 JAN 20041030  4.72  3.05  0.01  0.31  0.35 268.8
 JAN 20041031  4.80  3.16  0.00  0.35  0.34 261.9
 JAN 20041101  4.92  3.28  0.00  0.35  0.36 252.9
 JAN 20041102  4.87  2.79  0.05  0.18  0.29 252.1
 JAN 20041103  4.90  2.25  0.00  0.05  0.28 247.8
 JAN 20041104  4.79  3.58  0.24  0.33  0.19 249.2
 JAN 20041105  4.48  4.35  0.77  0.23  0.00 261.1
 JAN 20041106  4.20  4.10  0.78  0.22  0.01 272.1
 JAN 20041107  4.09  3.87  0.64  0.29  0.07 275.0
 JAN 20041108  4.03  3.76  0.66  0.25  0.06 275.8
 JAN 20041109  4.19  3.84  0.59  0.29  0.08 264.5
 JAN 20041110  4.13  2.96  0.06  0.42  0.28 264.7
 JAN 20041111  4.00  2.01  0.03  0.13  0.22 269.1
 JAN 20041112  3.83  2.21  0.09  0.21  0.19 275.7
 JAN 20041113  3.86  2.47  0.09  0.33  0.17 271.0
 JAN 20041114  3.75  2.09  0.03  0.24  0.20 274.6
 JAN 20041115  3.80  2.66  0.06  0.40  0.27 269.0
 JAN 20041116  3.85  2.73  0.20  0.28  0.23 262.5
 JAN 20041117  3.89  2.66  0.22  0.21  0.24 258.1
 JAN 20041118  3.83  2.09  0.10  0.18  0.14 259.1
 JAN 20041119  3.89  2.36  0.09  0.24  0.22 253.6
 JAN 20041120  3.89  2.04  0.07  0.10  0.25 250.8
 JAN 20041121  4.07  1.83  0.00  0.11  0.17 239.8
 JAN 20041122  4.05  1.80  0.01  0.13  0.11 238.8
 JAN 20041123  3.78  1.95  0.00  0.14  0.29 250.6
 JAN 20041124  3.59  2.75  0.21  0.35  0.26 260.0
 JAN 20041125  3.06  2.70  0.45  0.35  0.14 295.4
 JAN 20041126  3.24  2.92  0.49  0.36  0.11 278.4
 JAN 20041127  3.20  1.87  0.06  0.23  0.23 279.4
 JAN 20041128  3.51  3.20  0.43  0.43  0.14 257.0
 JAN 20041129  3.55  2.25  0.01  0.31  0.32 252.3
 JAN 20041130  3.67  1.65  0.00  0.07  0.23 244.2
 JAN 20041201  3.43  3.08  0.45  0.41  0.10 257.1
 JAN 20041202  3.54  2.68  0.23  0.34  0.22 248.4
 JAN 20041203  3.46  2.90  0.51  0.25  0.08 251.4
 JAN 20041204  3.13  2.94  0.56  0.37  0.08 273.3
 JAN 20041205  3.20  1.19  0.00  0.03  0.09 266.2
 JAN 20041206  3.36  1.65  0.00  0.11  0.27 252.9
 JAN 20041207  3.24  2.79  0.45  0.32  0.14 261.1
 JAN 20041208  3.19  2.63  0.40  0.30  0.15 263.4
 JAN 20041209  3.13  1.74  0.04  0.19  0.25 267.5
 JAN 20041210  2.78  2.39  0.53  0.25  0.10 295.8
 JAN 20041211  2.61  2.03  0.57  0.07  0.09 311.8
 JAN 20041212  3.25  2.98  0.53  0.31  0.15 255.8
 JAN 20041213  3.28  2.97  0.54  0.30  0.12 253.0
 JAN 20041214  3.09  2.98  0.74  0.25  0.01 266.4
 JAN 20041215  2.89  2.70  0.55  0.39  0.05 281.3
 JAN 20041216  2.89  2.27  0.30  0.35  0.15 280.3
 JAN 20041217  2.85  1.99  0.19  0.31  0.18 284.8
 JAN 20041218  2.62  2.10  0.28  0.37  0.20 306.0
 JAN 20041219  2.28  2.00  0.61  0.20  0.08 347.8
 JAN 20041220  2.71  2.55  0.66  0.27  0.06 297.7
 JAN 20041221  2.73  2.01  0.18  0.35  0.23 295.7
 JAN 20041223  2.64  1.77  0.00  0.44  0.24 305.3
 JAN 20041224  2.53  1.78  0.10  0.39  0.23 316.9
 JAN 20041225  2.26  1.87  0.35  0.36  0.16 352.5
 JAN 20041226  2.39  2.29  0.69  0.27  0.04 334.3
 JAN 20041227  2.66  2.33  0.57  0.26  0.06 304.3
 JAN 20041228  2.79  2.44  0.52  0.30  0.08 291.9
 JAN 20041229  2.85  2.26  0.28  0.35  0.20 286.6
 JAN 20041230  2.92  1.92  0.00  0.36  0.32 280.8
 JAN 20041231  2.88  1.53  0.00  0.19  0.26 285.2
