 MSY 20040101  4.54  3.17  0.13  0.36  0.21 218.3
 MSY 20040102  4.39  2.52  0.00  0.24  0.29 225.5
 MSY 20040103  4.44  2.79  0.00  0.32  0.31 224.7
 MSY 20040104  4.49  2.53  0.06  0.18  0.25 223.6
 MSY 20040105  4.49  1.87  0.00  0.04  0.19 224.8
 MSY 20040106  4.30  2.85  0.12  0.28  0.25 235.2
 MSY 20040107  3.91  3.36  0.55  0.24  0.08 256.6
 MSY 20040108  3.97  1.80  0.14  0.01  0.09 254.7
 MSY 20040109  3.94  2.96  0.40  0.20  0.12 257.7
 MSY 20040110  3.92  3.47  0.72  0.14  0.00 260.5
 MSY 20040111  4.31  3.87  0.59  0.28  0.05 241.7
 MSY 20040112  4.42  3.63  0.28  0.38  0.23 238.3
 MSY 20040113  4.46  2.61  0.07  0.22  0.23 238.5
 MSY 20040114  4.28  3.02  0.26  0.25  0.17 248.9
 MSY 20040115  4.12  2.88  0.19  0.29  0.21 259.8
 MSY 20040116  4.00  2.08  0.15  0.09  0.12 268.4
 MSY 20040117  4.08  1.60  0.00  0.04  0.13 266.2
 MSY 20040118  4.19  2.52  0.12  0.18  0.24 262.2
 MSY 20040119  4.12  3.56  0.52  0.28  0.08 267.9
 MSY 20040120  4.35  3.68  0.41  0.36  0.11 258.2
 MSY 20040121  4.58  3.55  0.45  0.23  0.05 248.5
 MSY 20040122  4.71  3.58  0.45  0.20  0.06 245.7
 MSY 20040123  4.54  3.91  0.53  0.28  0.06 256.1
 MSY 20040124  4.82  2.45  0.07  0.13  0.17 246.1
 MSY 20040125  4.75  2.41  0.02  0.13  0.25 251.1
 MSY 20040126  4.90  3.49  0.16  0.34  0.22 247.2
 MSY 20040127  4.40  3.95  0.64  0.22  0.05 273.6
 MSY 20040128  4.31  4.02  0.59  0.35  0.04 281.8
 MSY 20040129  4.16  3.18  0.17  0.39  0.26 293.1
 MSY 20040130  4.03  1.74  0.01  0.11  0.11 304.3
 MSY 20040131  4.29  2.34  0.00  0.22  0.25 291.0
 MSY 20040201  4.70  2.90  0.11  0.23  0.23 272.5
 MSY 20040202  4.65  3.19  0.13  0.31  0.25 277.9
 MSY 20040203  4.95  4.61  0.67  0.24  0.06 267.2
 MSY 20040204  5.09  3.58  0.12  0.33  0.28 263.8
 MSY 20040205  5.57  2.36  0.00  0.03  0.22 247.0
 MSY 20040206  5.88  2.58  0.00  0.12  0.13 238.9
 MSY 20040207  5.38  4.90  0.75  0.15  0.00 260.3
 MSY 20040208  5.63  4.93  0.39  0.44  0.10 253.0
 MSY 20040209  5.71  3.64  0.00  0.33  0.32 252.8
 MSY 20040210  5.75  2.01  0.00  0.00  0.08 253.8
 MSY 20040211  5.57  2.06  0.00  0.00  0.13 264.4
 MSY 20040212  5.80  2.23  0.00  0.04  0.11 258.7
 MSY 20040213  6.01  2.68  0.00  0.11  0.16 253.8
 MSY 20040214  5.76  2.22  0.00  0.00  0.17 266.2
 MSY 20040215  5.17  3.91  0.41  0.19  0.13 295.0
 MSY 20040216  6.14  5.02  0.15  0.52  0.24 258.3
 MSY 20040217  5.13  4.46  0.54  0.26  0.09 303.6
 MSY 20040218  5.58  5.44  0.87  0.12  0.00 286.1
 MSY 20040219  6.25  5.65  0.48  0.37  0.12 263.0
 MSY 20040220  6.19  4.81  0.22  0.37  0.24 267.9
 MSY 20040221  5.90  4.94  0.23  0.46  0.24 282.3
 MSY 20040222  6.06  4.50  0.23  0.36  0.15 278.9
 MSY 20040223  6.08  3.40  0.00  0.29  0.18 281.4
 MSY 20040224  5.91  2.92  0.00  0.13  0.25 291.7
 MSY 20040225  5.38  2.44  0.00  0.09  0.21 319.6
 MSY 20040226  5.52  3.56  0.25  0.14  0.19 315.8
 MSY 20040227  5.89  5.71  0.82  0.17  0.00 302.3
 MSY 20040228  6.86  6.19  0.45  0.40  0.12 268.8
 MSY 20040301  7.44  4.65  0.10  0.24  0.25 256.5
 MSY 20040302  7.12  4.23  0.00  0.26  0.31 269.1
 MSY 20040303  7.34  4.95  0.03  0.35  0.33 265.3
 MSY 20040304  7.59  4.17  0.00  0.17  0.33 260.6
 MSY 20040305  8.17  3.72  0.00  0.05  0.27 247.3
 MSY 20040306  7.96  6.81  0.52  0.26  0.09 255.5
 MSY 20040307  7.58  6.32  0.52  0.23  0.08 268.9
 MSY 20040308  7.42  7.28  0.89  0.11  0.00 276.2
 MSY 20040309  6.99  6.35  0.63  0.23  0.08 293.4
 MSY 20040310  6.68  6.54  0.81  0.20  0.00 308.0
 MSY 20040311  7.20  6.40  0.50  0.32  0.12 291.9
 MSY 20040312  7.61  5.84  0.23  0.34  0.24 281.2
 MSY 20040313  7.67  5.57  0.07  0.42  0.29 282.0
 MSY 20040314  8.04  4.52  0.01  0.25  0.23 273.5
 MSY 20040315  8.09  3.93  0.03  0.16  0.14 274.6
 MSY 20040316  7.65  6.42  0.36  0.37  0.16 290.6
 MSY 20040317  6.72  6.14  0.55  0.32  0.10 326.9
 MSY 20040318  7.38  6.15  0.39  0.33  0.15 304.6
 MSY 20040319  7.42  6.07  0.20  0.45  0.26 306.1
 MSY 20040320  7.38  6.57  0.31  0.48  0.21 310.4
 MSY 20040321  7.75  6.80  0.43  0.34  0.18 299.9
 MSY 20040322  8.07  7.38  0.56  0.31  0.10 292.8
 MSY 20040323  8.07  7.30  0.41  0.43  0.15 294.7
 MSY 20040324  8.01  6.34  0.13  0.45  0.31 298.7
 MSY 20040325  7.59  5.97  0.21  0.36  0.29 315.2
 MSY 20040326  7.94  6.27  0.22  0.37  0.27 305.8
 MSY 20040327  8.46  6.80  0.16  0.45  0.29 292.4
 MSY 20040328  8.42  6.58  0.08  0.49  0.31 295.5
 MSY 20040329  8.34  5.59  0.11  0.27  0.30 299.6
 MSY 20040330  8.04  7.68  0.80  0.17  0.00 311.8
 MSY 20040331  8.09  7.83  0.93  0.04  0.00 312.5
 MSY 20040401  8.03  7.59  0.77  0.16  0.04 316.5
 MSY 20040402  8.34  7.32  0.20  0.60  0.19 308.2
 MSY 20040403  8.40  7.38  0.24  0.57  0.17 308.3
 MSY 20040404  8.30  7.74  0.60  0.35  0.02 313.4
 MSY 20040405  8.16  6.64  0.27  0.46  0.12 319.8
 MSY 20040406  8.35  6.01  0.11  0.39  0.25 315.5
 MSY 20040407  8.42  5.70  0.05  0.26  0.43 315.3
 MSY 20040408  8.39  7.01  0.16  0.51  0.28 317.8
 MSY 20040409  8.79  7.65  0.23  0.56  0.18 307.7
 MSY 20040410  9.55  7.68  0.16  0.47  0.26 288.8
 MSY 20040411  9.78  5.37  0.00  0.14  0.37 284.5
 MSY 20040412  7.92  4.52  0.03  0.08  0.46 340.8
 MSY 20040413  7.43  5.39  0.19  0.23  0.36 361.1
 MSY 20040414  7.84  7.60  0.77  0.23  0.00 346.7
 MSY 20040415  8.54  7.95  0.53  0.38  0.09 324.1
 MSY 20040416  8.61  7.86  0.41  0.46  0.13 323.3
 MSY 20040417  9.22  8.36  0.30  0.59  0.11 306.9
 MSY 20040418  9.93  8.84  0.40  0.41  0.16 289.9
 MSY 20040419  9.78  8.55  0.37  0.39  0.20 294.7
 MSY 20040420 10.05  7.63  0.07  0.40  0.40 289.8
 MSY 20040421  8.67  5.72  0.00  0.24  0.50 328.3
 MSY 20040422  9.62  7.13  0.02  0.42  0.41 301.8
 MSY 20040423  9.63  7.10  0.00  0.45  0.39 302.7
 MSY 20040424  9.65  6.77  0.00  0.39  0.39 303.3
 MSY 20040425 10.13  6.02  0.00  0.14  0.48 292.5
 MSY 20040426 10.25  5.51  0.09  0.15  0.18 290.5
 MSY 20040427  9.22  8.71  0.58  0.38  0.04 318.3
 MSY 20040428  9.11  8.19  0.49  0.32  0.16 322.2
 MSY 20040429  9.74  6.30  0.04  0.27  0.36 305.9
 MSY 20040430 10.43  6.38  0.00  0.22  0.41 290.1
 MSY 20040501 10.55  6.91  0.00  0.28  0.43 287.9
 MSY 20040502 10.88  6.55  0.05  0.25  0.26 281.1
 MSY 20040503  9.06  8.69  0.66  0.34  0.00 328.1
 MSY 20040504  8.84  8.25  0.44  0.53  0.03 335.9
 MSY 20040505  9.22  8.40  0.36  0.53  0.11 324.7
 MSY 20040506  9.77  8.68  0.45  0.37  0.13 310.4
 MSY 20040507  9.72  8.66  0.26  0.61  0.11 312.4
 MSY 20040508  9.42  8.13  0.20  0.59  0.17 321.0
 MSY 20040509  9.34  7.85  0.09  0.63  0.24 323.9
 MSY 20040510  9.47  6.85  0.00  0.44  0.37 321.0
 MSY 20040511  9.64  5.98  0.00  0.17  0.50 316.9
 MSY 20040512  9.89  6.23  0.00  0.21  0.47 310.8
 MSY 20040513 10.28  6.70  0.00  0.24  0.48 300.8
 MSY 20040514 10.45  7.55  0.00  0.39  0.44 297.3
 MSY 20040515  9.84  6.60  0.00  0.35  0.37 313.2
 MSY 20040516  9.97  6.87  0.00  0.34  0.43 310.3
 MSY 20040517 10.19  6.72  0.00  0.26  0.47 304.9
 MSY 20040518  9.61  6.60  0.00  0.35  0.41 320.5
 MSY 20040519  9.84  7.73  0.00  0.57  0.34 315.0
 MSY 20040520  9.91  8.05  0.03  0.61  0.30 313.6
 MSY 20040521 10.05  8.34  0.05  0.65  0.25 310.0
 MSY 20040522 10.12  8.64  0.06  0.68  0.25 308.4
 MSY 20040523 10.45  8.53  0.05  0.60  0.29 300.3
 MSY 20040524 10.69  8.88  0.06  0.62  0.28 295.0
 MSY 20040525 10.79  9.37  0.06  0.72  0.23 292.9
 MSY 20040526 11.17  9.67  0.13  0.64  0.22 284.9
 MSY 20040527 11.07  9.60  0.18  0.55  0.27 287.4
 MSY 20040528 11.20  9.01  0.11  0.58  0.19 284.8
 MSY 20040529 10.82  8.74  0.07  0.54  0.32 293.2
 MSY 20040530 11.57  7.06  0.00  0.16  0.49 277.2
 MSY 20040531 11.45  7.60  0.00  0.31  0.41 279.8
 MSY 20040601 11.17  7.69  0.01  0.32  0.44 286.0
 MSY 20040602 10.52  8.06  0.00  0.48  0.42 300.3
 MSY 20040603 10.43  7.89  0.06  0.45  0.34 302.6
 MSY 20040604 10.22  9.08  0.19  0.66  0.15 308.2
 MSY 20040605 10.47  7.99  0.02  0.50  0.35 301.6
 MSY 20040606 10.55  8.18  0.09  0.44  0.35 299.7
 MSY 20040607 10.16  8.38  0.05  0.62  0.28 309.8
 MSY 20040608 10.51  8.52  0.02  0.61  0.31 300.9
 MSY 20040609 10.78  8.97  0.03  0.65  0.29 295.2
 MSY 20040610 10.59  8.56  0.02  0.62  0.29 299.2
 MSY 20040611 10.56  8.05  0.04  0.49  0.33 300.1
 MSY 20040612 10.29  8.34  0.04  0.58  0.32 306.7
 MSY 20040613 10.59  7.42  0.00  0.38  0.40 299.2
 MSY 20040614 11.18  7.26  0.00  0.25  0.46 286.6
 MSY 20040615 10.73  7.31  0.00  0.29  0.48 296.1
 MSY 20040616 10.89  7.43  0.00  0.32  0.44 292.8
 MSY 20040617 11.40  8.63  0.02  0.49  0.35 281.9
 MSY 20040618 11.86  9.14  0.02  0.52  0.34 272.5
 MSY 20040619 10.92  8.80  0.07  0.58  0.26 292.2
 MSY 20040620 10.71  7.58  0.00  0.40  0.39 296.6
 MSY 20040621 10.33  7.37  0.01  0.37  0.43 305.7
 MSY 20040622 10.46  8.23  0.03  0.53  0.35 302.2
 MSY 20040623 10.80  7.70  0.03  0.36  0.41 294.5
 MSY 20040624 11.34  7.12  0.00  0.22  0.45 283.0
 MSY 20040625 11.01  6.88  0.01  0.21  0.44 289.8
 MSY 20040626 10.97  7.43  0.02  0.33  0.38 290.6
 MSY 20040627 10.55  7.82  0.00  0.45  0.40 299.8
 MSY 20040628 10.73  8.26  0.03  0.50  0.35 295.7
 MSY 20040629 11.10  8.44  0.03  0.47  0.37 287.7
 MSY 20040630 11.30  8.63  0.00  0.51  0.37 283.3
 MSY 20040701 11.18  7.88  0.00  0.36  0.44 285.8
 MSY 20040702 10.74  6.94  0.00  0.28  0.41 295.1
 MSY 20040703 10.10  7.89  0.02  0.51  0.38 310.4
 MSY 20040704 10.00  8.14  0.01  0.60  0.35 313.0
 MSY 20040705  9.75  6.93  0.01  0.40  0.38 319.3
 MSY 20040706  9.80  7.37  0.00  0.49  0.37 318.0
 MSY 20040707 10.01  7.34  0.00  0.43  0.41 312.2
 MSY 20040708 10.12  7.89  0.01  0.54  0.35 309.4
 MSY 20040709 10.03  8.29  0.04  0.65  0.26 311.5
 MSY 20040710 10.00  8.54  0.02  0.70  0.29 312.1
 MSY 20040711 10.32  8.74  0.03  0.69  0.27 303.5
 MSY 20040712 10.16  8.54  0.08  0.62  0.27 307.2
 MSY 20040713 10.60  8.33  0.07  0.53  0.28 296.2
 MSY 20040714 10.61  9.04  0.09  0.65  0.24 295.8
 MSY 20040715 10.98  9.29  0.08  0.63  0.27 287.5
 MSY 20040716 10.67  8.92  0.02  0.64  0.33 293.9
 MSY 20040717 11.11  8.66  0.08  0.43  0.39 284.2
 MSY 20040718 10.95  7.38  0.06  0.25  0.42 287.4
 MSY 20040719 10.24  8.31  0.07  0.59  0.26 303.3
 MSY 20040720  9.65  8.39  0.08  0.72  0.20 318.2
 MSY 20040721 10.17  8.66  0.04  0.70  0.25 304.3
 MSY 20040722 10.46  8.91  0.04  0.68  0.28 296.8
 MSY 20040723 10.45  8.98  0.06  0.67  0.28 296.7
 MSY 20040724 10.51  8.35  0.09  0.53  0.27 294.9
 MSY 20040725 10.23  8.44  0.06  0.61  0.28 300.7
 MSY 20040726 10.30  7.15  0.01  0.35  0.41 298.8
 MSY 20040727  9.98  6.54  0.00  0.28  0.43 306.5
 MSY 20040728 10.73  8.17  0.00  0.52  0.35 288.4
 MSY 20040729 10.77  8.46  0.00  0.57  0.34 287.2
 MSY 20040730 10.58  8.16  0.00  0.53  0.36 290.7
 MSY 20040731 10.59  8.21  0.00  0.53  0.37 289.9
 MSY 20040801 10.97  8.34  0.01  0.50  0.36 280.7
 MSY 20040802 10.19  7.54  0.03  0.42  0.39 297.8
 MSY 20040803  9.55  8.40  0.12  0.69  0.20 313.7
 MSY 20040804  9.81  8.44  0.07  0.68  0.25 306.0
 MSY 20040805 10.00  8.58  0.10  0.62  0.28 300.2
 MSY 20040806 10.23  8.04  0.13  0.49  0.24 294.4
 MSY 20040807  9.55  7.51  0.12  0.53  0.20 310.9
 MSY 20040808  9.72  6.88  0.02  0.39  0.37 305.5
 MSY 20040809  9.89  6.72  0.00  0.33  0.42 299.9
 MSY 20040810 10.09  6.88  0.00  0.32  0.44 294.4
 MSY 20040811  9.79  6.57  0.00  0.28  0.47 300.6
 MSY 20040812  9.89  7.01  0.05  0.35  0.38 297.2
 MSY 20040813  9.63  8.90  0.47  0.45  0.07 302.8
 MSY 20040814  9.84  9.12  0.61  0.32  0.03 296.6
 MSY 20040815  9.61  8.76  0.47  0.43  0.07 301.5
 MSY 20040816  9.67  8.50  0.21  0.62  0.15 298.8
 MSY 20040817  9.86  8.70  0.22  0.60  0.17 293.4
 MSY 20040818  9.69  8.26  0.04  0.68  0.28 296.5
 MSY 20040819  9.92  7.22  0.00  0.42  0.41 289.9
 MSY 20040820  9.94  6.77  0.00  0.29  0.48 288.2
 MSY 20040821 10.16  7.74  0.03  0.43  0.43 281.6
 MSY 20040822 10.68  8.06  0.01  0.44  0.43 269.0
 MSY 20040823 10.56  7.93  0.01  0.47  0.38 270.3
 MSY 20040824 10.19  7.63  0.00  0.45  0.42 277.0
 MSY 20040825 10.34  8.45  0.00  0.63  0.33 272.4
 MSY 20040826 10.07  7.71  0.00  0.52  0.36 277.1
 MSY 20040827  9.89  7.10  0.00  0.41  0.40 280.3
 MSY 20040828  9.70  6.91  0.00  0.40  0.40 283.7
 MSY 20040829  9.93  7.36  0.00  0.45  0.40 276.2
 MSY 20040830  9.90  7.16  0.03  0.42  0.35 275.2
 MSY 20040831  9.50  6.71  0.02  0.41  0.34 283.9
 MSY 20040901  9.55  7.48  0.03  0.55  0.31 280.7
 MSY 20040902  9.74  7.32  0.00  0.51  0.34 274.2
 MSY 20040903  9.44  6.95  0.00  0.47  0.36 280.1
 MSY 20040904  9.53  7.34  0.02  0.52  0.34 276.2
 MSY 20040905  9.20  7.06  0.10  0.47  0.27 283.0
 MSY 20040906  8.95  7.55  0.17  0.57  0.20 287.9
 MSY 20040907  9.16  6.13  0.16  0.21  0.30 280.4
 MSY 20040908  8.98  7.65  0.08  0.66  0.24 283.3
 MSY 20040909  8.63  6.71  0.04  0.55  0.28 290.9
 MSY 20040910  8.42  6.67  0.09  0.54  0.25 294.9
 MSY 20040911  8.48  6.87  0.09  0.57  0.25 291.0
 MSY 20040912  8.93  5.37  0.00  0.16  0.47 276.3
 MSY 20040913  8.76  5.47  0.00  0.20  0.47 278.9
 MSY 20040914  8.60  5.74  0.03  0.28  0.41 281.3
 MSY 20040915  9.30  4.13  0.08  0.00  0.18 261.8
 MSY 20040916  9.59  4.58  0.10  0.00  0.23 252.8
 MSY 20040917  8.86  7.85  0.18  0.66  0.16 268.4
 MSY 20040918  8.19  7.60  0.47  0.45  0.08 284.2
 MSY 20040919  7.94  7.61  0.66  0.34  0.00 289.3
 MSY 20040920  7.94  6.76  0.20  0.59  0.14 286.6
 MSY 20040921  7.69  6.65  0.20  0.62  0.13 291.9
 MSY 20040922  7.66  5.17  0.10  0.29  0.30 290.3
 MSY 20040923  7.82  4.72  0.02  0.19  0.40 282.9
 MSY 20040924  8.05  5.98  0.03  0.46  0.34 273.3
 MSY 20040925  8.22  6.78  0.15  0.54  0.23 266.6
 MSY 20040926  7.63  6.42  0.22  0.55  0.14 280.9
 MSY 20040927  7.27  5.38  0.07  0.43  0.31 290.0
 MSY 20040928  7.58  5.89  0.05  0.58  0.22 276.9
 MSY 20040929  7.46  5.53  0.04  0.51  0.25 278.0
 MSY 20040930  7.55  6.60  0.11  0.70  0.19 272.6
 MSY 20041001  7.51  5.66  0.03  0.50  0.31 271.2
 MSY 20041002  7.45  5.64  0.15  0.38  0.29 270.5
 MSY 20041003  7.55  6.15  0.32  0.36  0.18 265.1
 MSY 20041004  7.31  5.04  0.20  0.27  0.20 269.4
 MSY 20041005  7.05  5.24  0.26  0.28  0.22 274.5
 MSY 20041006  7.04  5.30  0.19  0.34  0.27 272.1
 MSY 20041007  7.05  4.57  0.19  0.21  0.20 269.2
 MSY 20041008  7.07  3.47  0.14  0.04  0.14 265.8
 MSY 20041009  7.08  2.94  0.05  0.00  0.16 262.8
 MSY 20041010  6.90  3.81  0.02  0.20  0.26 265.9
 MSY 20041011  6.49  4.06  0.16  0.22  0.18 276.3
 MSY 20041012  6.68  5.19  0.28  0.35  0.17 267.4
 MSY 20041013  6.41  5.19  0.51  0.20  0.08 273.4
 MSY 20041014  6.18  2.55  0.04  0.05  0.10 278.9
 MSY 20041015  5.43  5.02  0.54  0.32  0.14 307.6
 MSY 20041016  5.82  5.04  0.41  0.35  0.17 287.0
 MSY 20041017  5.83  4.65  0.25  0.39  0.21 283.2
 MSY 20041018  6.37  4.84  0.07  0.48  0.29 260.3
 MSY 20041019  6.42  3.83  0.00  0.25  0.33 255.6
 MSY 20041020  6.31  4.40  0.15  0.30  0.26 256.6
 MSY 20041021  6.11  4.55  0.22  0.32  0.23 260.7
 MSY 20041022  5.89  4.17  0.26  0.21  0.23 265.7
 MSY 20041023  5.89  3.84  0.06  0.29  0.31 263.0
 MSY 20041024  5.98  3.89  0.11  0.25  0.28 256.4
 MSY 20041025  6.00  3.79  0.14  0.19  0.27 252.2
 MSY 20041026  5.64  4.58  0.31  0.36  0.19 263.2
 MSY 20041027  5.36  3.92  0.20  0.30  0.26 271.2
 MSY 20041028  5.22  4.32  0.26  0.40  0.25 274.1
 MSY 20041029  5.32  4.34  0.16  0.48  0.28 267.6
 MSY 20041030  5.31  3.96  0.11  0.40  0.30 264.9
 MSY 20041031  5.29  3.49  0.06  0.29  0.33 263.2
 MSY 20041101  5.29  3.55  0.07  0.29  0.34 260.2
 MSY 20041102  5.19  3.15  0.03  0.22  0.35 261.5
 MSY 20041103  5.33  2.69  0.05  0.16  0.15 252.4
 MSY 20041104  5.32  4.32  0.43  0.27  0.12 249.6
 MSY 20041105  4.99  4.86  0.82  0.18  0.00 261.1
 MSY 20041106  4.56  4.42  0.74  0.25  0.02 278.2
 MSY 20041107  4.63  4.46  0.73  0.26  0.01 272.1
 MSY 20041108  4.51  4.17  0.67  0.24  0.04 275.2
 MSY 20041109  4.67  4.20  0.59  0.26  0.08 265.1
 MSY 20041110  4.54  3.46  0.18  0.39  0.24 268.7
 MSY 20041111  4.44  2.89  0.00  0.33  0.35 271.0
 MSY 20041112  4.30  3.18  0.18  0.35  0.24 275.2
 MSY 20041113  4.33  3.34  0.19  0.42  0.20 271.0
 MSY 20041114  4.24  2.86  0.04  0.36  0.30 273.2
 MSY 20041115  4.30  2.90  0.22  0.22  0.20 267.3
 MSY 20041116  4.26  3.30  0.25  0.33  0.24 266.3
 MSY 20041117  4.21  2.98  0.25  0.20  0.26 266.9
 MSY 20041118  4.23  2.30  0.03  0.20  0.22 263.7
 MSY 20041119  4.43  2.51  0.00  0.20  0.33 250.9
 MSY 20041120  4.36  2.19  0.00  0.15  0.24 252.3
 MSY 20041121  4.60  2.52  0.00  0.20  0.28 239.6
 MSY 20041122  4.54  2.42  0.00  0.22  0.22 240.3
 MSY 20041123  4.35  2.39  0.00  0.19  0.30 246.5
 MSY 20041124  4.29  2.65  0.03  0.31  0.25 247.6
 MSY 20041125  3.84  3.34  0.58  0.23  0.07 270.0
 MSY 20041126  3.89  3.19  0.41  0.32  0.10 265.0
 MSY 20041127  3.78  2.91  0.25  0.35  0.20 270.1
 MSY 20041128  4.00  3.65  0.49  0.38  0.11 255.6
 MSY 20041129  4.12  2.40  0.00  0.25  0.30 247.5
 MSY 20041130  4.35  2.02  0.00  0.08  0.25 235.4
 MSY 20041201  4.05  3.33  0.31  0.40  0.16 248.1
 MSY 20041202  4.07  2.53  0.11  0.23  0.24 245.8
 MSY 20041203  3.85  3.00  0.32  0.31  0.16 256.4
 MSY 20041204  3.79  2.55  0.18  0.25  0.22 258.7
 MSY 20041205  3.64  1.32  0.00  0.01  0.10 266.4
 MSY 20041206  3.74  2.18  0.00  0.24  0.31 258.1
 MSY 20041207  3.71  2.59  0.23  0.26  0.18 259.4
 MSY 20041208  3.65  2.30  0.14  0.20  0.25 262.6
 MSY 20041209  3.67  1.99  0.00  0.22  0.24 260.5
 MSY 20041210  3.43  2.86  0.65  0.11  0.04 275.4
 MSY 20041211  3.16  2.79  0.82  0.02  0.00 294.8
 MSY 20041212  3.56  3.12  0.52  0.29  0.10 265.3
 MSY 20041213  3.71  2.80  0.33  0.25  0.17 255.0
 MSY 20041214  3.60  3.33  0.73  0.20  0.00 261.3
 MSY 20041215  3.49  3.18  0.53  0.37  0.06 268.0
 MSY 20041216  3.45  2.61  0.24  0.34  0.20 269.5
 MSY 20041217  3.42  2.10  0.09  0.22  0.27 271.5
 MSY 20041218  3.02  2.42  0.19  0.45  0.23 302.7
 MSY 20041219  2.73  2.34  0.68  0.13  0.02 332.3
 MSY 20041220  2.94  2.70  0.72  0.17  0.04 311.0
 MSY 20041221  3.06  2.30  0.25  0.31  0.21 300.0
 MSY 20041223  3.21  2.26  0.21  0.31  0.16 288.5
 MSY 20041224  3.09  1.75  0.03  0.24  0.22 298.7
 MSY 20041225  2.75  1.56  0.02  0.29  0.17 331.1
 MSY 20041226  2.79  2.67  0.78  0.20  0.00 327.1
 MSY 20041227  3.03  2.79  0.68  0.23  0.03 304.3
 MSY 20041228  3.19  2.77  0.42  0.37  0.13 291.3
 MSY 20041229  3.23  2.60  0.24  0.43  0.19 288.6
 MSY 20041230  3.41  2.64  0.08  0.50  0.28 275.1
 MSY 20041231  3.36  2.30  0.00  0.42  0.31 279.2
