 OMA 20040101  1.37  0.88  0.02  0.36  0.25 318.2
 OMA 20040102  1.50  1.25  0.24  0.44  0.23 294.5
 OMA 20040103  1.52  0.63  0.05  0.04  0.10 295.3
 OMA 20040104  1.37  0.52  0.01  0.00  0.14 329.3
 OMA 20040105  1.20  0.80  0.32  0.16  0.10 376.8
 OMA 20040106  1.13  1.07  0.62  0.30  0.09 403.2
 OMA 20040107  1.45  1.16  0.18  0.44  0.27 318.8
 OMA 20040108  1.55  0.77  0.07  0.11  0.17 300.9
 OMA 20040109  1.50  1.00  0.12  0.32  0.20 313.7
 OMA 20040110  1.52  1.22  0.26  0.41  0.18 311.8
 OMA 20040111  1.60  1.17  0.29  0.32  0.08 299.1
 OMA 20040112  1.64  1.24  0.45  0.20  0.05 296.9
 OMA 20040113  1.63  1.14  0.40  0.18  0.03 303.4
 OMA 20040114  1.55  1.06  0.27  0.23  0.13 322.0
 OMA 20040115  1.79  1.49  0.28  0.44  0.17 285.3
 OMA 20040116  1.87  1.05  0.00  0.28  0.21 278.7
 OMA 20040117  1.83  1.13  0.20  0.24  0.06 287.4
 OMA 20040118  1.70  1.47  0.35  0.41  0.17 310.6
 OMA 20040119  1.74  1.45  0.33  0.39  0.16 307.7
 OMA 20040120  1.76  1.02  0.13  0.13  0.25 309.2
 OMA 20040121  1.76  1.38  0.19  0.43  0.22 313.0
 OMA 20040122  1.66  1.49  0.41  0.41  0.16 335.8
 OMA 20040123  1.83  1.43  0.28  0.33  0.21 312.7
 OMA 20040124  2.14  1.13  0.10  0.18  0.10 275.1
 OMA 20040125  2.13  0.73  0.01  0.00  0.05 280.9
 OMA 20040126  1.79  0.73  0.00  0.06  0.14 335.1
 OMA 20040127  1.56  1.38  0.42  0.40  0.13 388.0
 OMA 20040128  1.66  1.01  0.18  0.18  0.17 370.7
 OMA 20040129  1.61  0.92  0.07  0.21  0.22 388.9
 OMA 20040130  1.82  1.17  0.26  0.17  0.13 348.5
 OMA 20040131  2.12  1.01  0.00  0.12  0.22 307.5
 OMA 20040201  1.97  0.72  0.00  0.01  0.10 335.4
 OMA 20040202  2.02  0.82  0.03  0.06  0.09 334.7
 OMA 20040203  2.02  1.66  0.31  0.39  0.17 340.3
 OMA 20040204  2.12  1.08  0.00  0.17  0.23 330.6
 OMA 20040205  1.95  0.70  0.00  0.00  0.11 365.0
 OMA 20040206  1.87  0.89  0.11  0.08  0.09 386.0
 OMA 20040207  1.82  1.54  0.50  0.27  0.09 402.4
 OMA 20040208  2.13  1.45  0.13  0.30  0.25 353.3
 OMA 20040209  1.98  1.60  0.31  0.37  0.17 384.9
 OMA 20040210  1.97  1.59  0.33  0.36  0.14 392.4
 OMA 20040211  2.06  1.31  0.06  0.32  0.23 383.4
 OMA 20040212  2.02  1.48  0.34  0.22  0.14 398.4
 OMA 20040213  2.33  2.16  0.48  0.42  0.11 355.9
 OMA 20040214  2.39  1.87  0.33  0.35  0.10 354.1
 OMA 20040215  2.85  2.51  0.56  0.27  0.07 307.2
 OMA 20040216  2.59  1.76  0.00  0.41  0.31 340.6
 OMA 20040217  2.40  2.07  0.59  0.24  0.02 370.5
 OMA 20040218  3.02  2.20  0.22  0.35  0.15 306.9
 OMA 20040219  3.02  1.54  0.00  0.18  0.22 312.3
 OMA 20040220  2.55  1.46  0.15  0.17  0.14 369.3
 OMA 20040221  2.89  2.21  0.46  0.21  0.04 335.8
 OMA 20040222  2.98  1.59  0.08  0.13  0.21 332.7
 OMA 20040223  2.99  1.96  0.35  0.15  0.04 337.9
 OMA 20040224  3.06  2.13  0.46  0.12  0.00 336.7
 OMA 20040225  3.24  2.47  0.49  0.19  0.01 325.5
 OMA 20040226  3.23  2.84  0.59  0.26  0.04 332.5
 OMA 20040227  3.45  2.91  0.42  0.36  0.09 318.9
 OMA 20040228  3.57  2.04  0.00  0.29  0.21 314.1
 OMA 20040301  2.91  1.43  0.16  0.04  0.11 389.7
 OMA 20040302  3.03  2.04  0.18  0.27  0.19 381.3
 OMA 20040303  3.41  1.36  0.02  0.05  0.10 349.3
 OMA 20040304  3.53  1.49  0.00  0.07  0.16 344.4
 OMA 20040305  3.84  2.22  0.01  0.25  0.27 324.6
 OMA 20040306  3.73  3.17  0.32  0.39  0.22 338.6
 OMA 20040307  2.93  2.74  0.59  0.30  0.11 426.7
 OMA 20040308  3.77  2.54  0.24  0.19  0.21 345.9
 OMA 20040309  3.82  3.35  0.50  0.36  0.04 347.5
 OMA 20040310  4.68  3.22  0.09  0.36  0.25 295.2
 OMA 20040311  3.41  3.02  0.50  0.30  0.14 395.1
 OMA 20040312  3.70  3.46  0.54  0.38  0.08 372.8
 OMA 20040313  4.03  2.62  0.21  0.21  0.17 351.4
 OMA 20040314  3.69  3.44  0.53  0.39  0.08 385.4
 OMA 20040315  3.99  1.74  0.05  0.07  0.11 365.0
 OMA 20040316  3.62  2.00  0.01  0.24  0.22 403.5
 OMA 20040317  3.84  2.59  0.19  0.22  0.25 387.6
 OMA 20040318  4.61  3.79  0.33  0.39  0.14 335.7
 OMA 20040319  4.96  3.81  0.32  0.33  0.11 319.3
 OMA 20040320  5.00  4.30  0.29  0.47  0.18 320.9
 OMA 20040321  5.34  4.50  0.27  0.44  0.22 307.5
 OMA 20040322  4.91  4.00  0.31  0.38  0.17 335.2
 OMA 20040323  5.85  3.25  0.04  0.23  0.19 291.6
 OMA 20040324  5.90  4.52  0.27  0.37  0.13 293.2
 OMA 20040325  5.54  3.40  0.12  0.26  0.16 313.2
 OMA 20040326  5.52  3.56  0.12  0.33  0.14 318.0
 OMA 20040327  5.72  2.10  0.04  0.00  0.06 311.9
 OMA 20040328  4.87  2.97  0.08  0.25  0.23 362.0
 OMA 20040329  4.52  3.83  0.30  0.41  0.22 391.1
 OMA 20040330  4.67  3.37  0.24  0.30  0.17 384.7
 OMA 20040331  5.24  4.38  0.48  0.28  0.08 351.5
 OMA 20040401  5.71  4.97  0.54  0.30  0.04 330.5
 OMA 20040402  5.97  5.64  0.75  0.21  0.00 321.4
 OMA 20040403  6.19  5.18  0.36  0.38  0.14 314.9
 OMA 20040404  5.20  4.89  0.52  0.45  0.03 369.1
 OMA 20040405  5.90  4.73  0.30  0.36  0.18 334.7
 OMA 20040406  5.95  5.05  0.43  0.31  0.15 335.4
 OMA 20040407  6.36  5.01  0.30  0.33  0.19 320.0
 OMA 20040408  6.08  5.52  0.60  0.28  0.06 335.9
 OMA 20040409  6.28  2.32  0.06  0.00  0.03 329.8
 OMA 20040410  5.78  3.53  0.00  0.31  0.28 357.5
 OMA 20040411  5.32  3.61  0.10  0.29  0.31 387.0
 OMA 20040412  5.22  3.37  0.07  0.24  0.35 396.9
 OMA 20040413  5.41  5.07  0.50  0.44  0.07 388.0
 OMA 20040414  6.07  5.62  0.67  0.25  0.03 354.1
 OMA 20040415  6.14  5.10  0.44  0.29  0.12 353.2
 OMA 20040416  6.82  6.06  0.48  0.40  0.04 325.6
 OMA 20040417  7.45  5.81  0.29  0.39  0.10 304.9
 OMA 20040418  7.77  4.96  0.04  0.27  0.34 296.7
 OMA 20040419  6.95  5.99  0.26  0.51  0.18 328.1
 OMA 20040420  6.97  2.85  0.00  0.02  0.20 330.0
 OMA 20040421  6.12  4.54  0.14  0.34  0.33 371.2
 OMA 20040422  6.37  2.35  0.00  0.00  0.13 361.1
 OMA 20040423  6.43  4.04  0.05  0.29  0.27 360.3
 OMA 20040424  7.31  2.64  0.00  0.00  0.11 325.0
 OMA 20040425  6.65  5.45  0.20  0.43  0.29 354.3
 OMA 20040426  5.56  5.22  0.59  0.33  0.08 415.7
 OMA 20040427  6.38  5.62  0.49  0.34  0.09 371.6
 OMA 20040428  6.60  6.21  0.75  0.19  0.02 363.6
 OMA 20040429  6.79  3.89  0.00  0.23  0.30 356.8
 OMA 20040430  6.50  3.26  0.00  0.08  0.34 372.4
 OMA 20040501  6.26  4.17  0.02  0.31  0.38 386.1
 OMA 20040502  5.50  4.52  0.26  0.39  0.25 433.8
 OMA 20040503  6.98  5.82  0.29  0.44  0.16 355.4
 OMA 20040504  7.51  5.46  0.19  0.29  0.28 336.1
 OMA 20040505  8.01  6.88  0.37  0.42  0.12 319.5
 OMA 20040506  8.23  7.74  0.54  0.44  0.01 314.1
 OMA 20040507  8.42  5.21  0.02  0.30  0.28 309.4
 OMA 20040508  8.50  7.25  0.34  0.43  0.14 308.3
 OMA 20040509  8.52  7.06  0.31  0.41  0.16 309.1
 OMA 20040510  8.43  5.14  0.10  0.24  0.21 313.2
 OMA 20040511  8.21  5.31  0.01  0.34  0.31 321.2
 OMA 20040512  8.10  6.45  0.15  0.49  0.23 325.6
 OMA 20040513  8.46  4.09  0.00  0.07  0.31 315.5
 OMA 20040514  8.04  6.94  0.26  0.50  0.20 330.1
 OMA 20040515  7.36  4.57  0.05  0.27  0.28 356.7
 OMA 20040516  7.78  4.75  0.00  0.31  0.28 341.6
 OMA 20040517  8.11  5.33  0.00  0.37  0.31 330.8
 OMA 20040518  8.24  4.80  0.00  0.22  0.34 327.4
 OMA 20040519  8.37  5.39  0.00  0.36  0.29 323.9
 OMA 20040520  8.73  5.83  0.08  0.33  0.26 314.1
 OMA 20040521  8.82  6.13  0.07  0.38  0.27 312.1
 OMA 20040522  8.64  6.72  0.17  0.45  0.21 318.1
 OMA 20040523  7.87  5.98  0.16  0.38  0.28 344.6
 OMA 20040524  7.84  5.80  0.16  0.41  0.19 346.4
 OMA 20040525  7.51  4.74  0.00  0.29  0.36 360.3
 OMA 20040526  7.28  4.13  0.00  0.23  0.29 370.9
 OMA 20040527  7.47  6.15  0.20  0.47  0.24 363.1
 OMA 20040528  7.88  6.78  0.35  0.46  0.10 347.8
 OMA 20040529  7.94  5.47  0.02  0.40  0.31 346.5
 OMA 20040530  7.40  4.13  0.05  0.24  0.17 368.5
 OMA 20040531  6.89  5.88  0.27  0.45  0.23 391.7
 OMA 20040601  7.22  5.59  0.20  0.40  0.22 376.7
 OMA 20040602  7.44  5.94  0.16  0.44  0.29 368.0
 OMA 20040603  7.88  6.65  0.22  0.52  0.19 350.6
 OMA 20040604  8.13  6.65  0.23  0.45  0.21 342.5
 OMA 20040605  8.95  5.52  0.00  0.27  0.35 316.3
 OMA 20040606  8.65  7.64  0.32  0.52  0.12 325.3
 OMA 20040607  8.95  7.93  0.32  0.51  0.14 317.0
 OMA 20040608  8.97  7.00  0.15  0.47  0.22 317.0
 OMA 20040609  9.16  6.17  0.00  0.39  0.32 311.9
 OMA 20040610  9.34  5.15  0.00  0.18  0.32 306.8
 OMA 20040611  9.07  7.76  0.44  0.31  0.15 314.5
 OMA 20040612  8.99  8.08  0.35  0.49  0.15 316.9
 OMA 20040613  8.75  6.86  0.20  0.39  0.26 324.1
 OMA 20040614  9.02  8.46  0.52  0.43  0.05 316.3
 OMA 20040615  9.13  6.67  0.11  0.41  0.25 313.3
 OMA 20040616  9.49  5.87  0.00  0.33  0.27 303.1
 OMA 20040617  9.96  5.87  0.00  0.28  0.27 291.6
 OMA 20040618 10.58  4.26  0.00  0.03  0.17 277.1
 OMA 20040619  9.15  5.79  0.00  0.32  0.32 313.2
 OMA 20040620  8.97  4.05  0.00  0.12  0.16 318.2
 OMA 20040621  9.02  5.94  0.00  0.35  0.34 316.7
 OMA 20040622  8.10  7.32  0.34  0.51  0.15 346.4
 OMA 20040623  8.09  7.39  0.35  0.53  0.13 346.2
 OMA 20040624  8.14  3.90  0.02  0.13  0.18 344.3
 OMA 20040625  8.23  7.18  0.28  0.52  0.16 341.3
 OMA 20040626  8.42  6.48  0.15  0.45  0.22 334.5
 OMA 20040627  8.26  4.95  0.00  0.27  0.31 340.0
 OMA 20040628  8.18  7.50  0.40  0.50  0.10 342.5
 OMA 20040629  8.39  7.38  0.26  0.55  0.17 335.4
 OMA 20040630  8.69  7.50  0.30  0.48  0.16 324.8
 OMA 20040701  9.10  6.43  0.08  0.39  0.27 312.5
 OMA 20040702  9.25  5.47  0.05  0.29  0.18 307.7
 OMA 20040703  9.49  7.09  0.07  0.45  0.30 300.4
 OMA 20040704  8.81  6.66  0.15  0.40  0.26 319.7
 OMA 20040705  8.74  6.01  0.06  0.38  0.27 321.4
 OMA 20040706  8.83  6.35  0.00  0.44  0.36 318.3
 OMA 20040707  8.69  7.70  0.24  0.57  0.19 322.2
 OMA 20040708  8.94  6.50  0.13  0.41  0.21 314.5
 OMA 20040709  9.26  7.76  0.24  0.50  0.17 304.8
 OMA 20040710  8.94  7.60  0.25  0.51  0.17 313.4
 OMA 20040711  9.39  6.69  0.09  0.38  0.28 299.6
 OMA 20040712  8.97  8.15  0.33  0.56  0.11 311.1
 OMA 20040713  9.18  8.56  0.45  0.51  0.04 304.3
 OMA 20040714  9.50  7.54  0.19  0.46  0.20 295.1
 OMA 20040715  9.44  8.12  0.30  0.49  0.14 296.1
 OMA 20040716  9.44  6.76  0.06  0.45  0.24 295.4
 OMA 20040717  8.82  7.42  0.14  0.58  0.23 312.1
 OMA 20040718  8.71  7.44  0.25  0.51  0.18 314.7
 OMA 20040719  8.89  7.65  0.32  0.46  0.15 308.7
 OMA 20040720  9.08  7.52  0.27  0.44  0.18 301.9
 OMA 20040721  9.32  7.42  0.21  0.42  0.23 294.8
 OMA 20040722  8.99  6.44  0.09  0.41  0.25 302.8
 OMA 20040723  9.05  4.07  0.00  0.16  0.10 300.2
 OMA 20040724  8.78  4.81  0.00  0.28  0.17 306.8
 OMA 20040725  8.33  5.70  0.00  0.38  0.36 319.6
 OMA 20040726  7.97  7.23  0.34  0.53  0.13 330.4
 OMA 20040727  8.14  7.20  0.39  0.44  0.12 323.5
 OMA 20040728  8.31  5.65  0.01  0.39  0.32 317.2
 OMA 20040729  8.36  6.57  0.14  0.47  0.25 314.8
 OMA 20040730  8.06  5.43  0.00  0.37  0.35 322.7
 OMA 20040731  7.95  6.94  0.33  0.47  0.15 325.1
 OMA 20040801  8.14  7.06  0.31  0.47  0.17 317.6
 OMA 20040802  8.51  7.86  0.42  0.50  0.08 304.2
 OMA 20040803  8.50  6.36  0.18  0.40  0.19 303.1
 OMA 20040804  8.09  4.04  0.00  0.14  0.25 314.9
 OMA 20040805  8.70  7.07  0.17  0.53  0.18 294.9
 OMA 20040806  8.22  6.11  0.10  0.45  0.24 307.7
 OMA 20040807  7.99  6.31  0.19  0.42  0.25 314.0
 OMA 20040808  7.72  5.44  0.08  0.38  0.28 321.4
 OMA 20040809  7.76  7.04  0.32  0.54  0.15 318.2
 OMA 20040810  7.51  5.36  0.04  0.42  0.31 324.8
 OMA 20040811  7.07  4.98  0.00  0.40  0.38 340.1
 OMA 20040812  6.81  5.27  0.21  0.37  0.25 348.9
 OMA 20040813  6.83  5.20  0.12  0.43  0.28 345.9
 OMA 20040814  7.06  6.19  0.30  0.49  0.18 334.3
 OMA 20040815  6.99  5.79  0.27  0.44  0.18 335.1
 OMA 20040816  7.06  5.34  0.17  0.37  0.27 330.1
 OMA 20040817  7.51  5.97  0.18  0.46  0.22 311.6
 OMA 20040818  7.76  5.65  0.18  0.33  0.24 300.7
 OMA 20040819  7.59  6.14  0.21  0.47  0.19 304.6
 OMA 20040820  7.12  5.22  0.16  0.35  0.26 319.2
 OMA 20040821  7.20  5.55  0.21  0.37  0.24 313.9
 OMA 20040822  7.34  5.96  0.27  0.40  0.20 306.3
 OMA 20040823  7.35  5.03  0.10  0.32  0.28 303.4
 OMA 20040824  7.30  5.71  0.25  0.37  0.20 302.7
 OMA 20040825  7.36  5.26  0.14  0.34  0.26 298.5
 OMA 20040826  7.43  5.62  0.22  0.37  0.19 294.1
 OMA 20040827  7.59  4.12  0.00  0.20  0.27 286.5
 OMA 20040828  7.37  3.80  0.00  0.16  0.26 291.2
 OMA 20040829  6.99  5.79  0.24  0.45  0.22 301.5
 OMA 20040830  6.94  6.32  0.41  0.47  0.11 300.6
 OMA 20040831  6.84  5.32  0.27  0.34  0.20 301.2
 OMA 20040901  6.87  5.88  0.35  0.41  0.16 297.4
 OMA 20040902  6.85  6.23  0.37  0.50  0.13 295.5
 OMA 20040903  6.80  5.72  0.26  0.49  0.16 294.6
 OMA 20040904  7.04  5.57  0.21  0.44  0.19 283.4
 OMA 20040905  7.38  4.41  0.00  0.30  0.26 269.5
 OMA 20040906  6.47  5.66  0.30  0.48  0.19 298.0
 OMA 20040907  6.66  5.81  0.48  0.33  0.10 288.1
 OMA 20040908  6.49  5.18  0.29  0.36  0.19 291.3
 OMA 20040909  6.29  5.60  0.41  0.42  0.13 295.4
 OMA 20040910  6.28  5.86  0.53  0.42  0.04 292.9
 OMA 20040911  6.04  5.46  0.41  0.45  0.12 298.7
 OMA 20040912  6.16  5.49  0.38  0.47  0.11 290.8
 OMA 20040913  6.32  4.64  0.18  0.35  0.23 281.3
 OMA 20040914  6.35  4.18  0.08  0.29  0.29 276.4
 OMA 20040915  6.20  2.87  0.00  0.04  0.30 278.9
 OMA 20040916  5.99  5.35  0.47  0.39  0.08 283.9
 OMA 20040917  5.81  5.00  0.40  0.41  0.09 288.1
 OMA 20040918  5.92  4.95  0.34  0.41  0.13 279.6
 OMA 20040919  6.06  5.55  0.41  0.48  0.11 270.8
 OMA 20040920  6.44  4.41  0.29  0.24  0.08 253.9
 OMA 20040921  6.09  3.10  0.15  0.08  0.11 263.1
 OMA 20040922  5.54  3.63  0.20  0.21  0.20 280.9
 OMA 20040923  5.37  2.45  0.01  0.06  0.24 284.7
 OMA 20040924  5.25  4.73  0.40  0.43  0.16 286.1
 OMA 20040925  5.10  4.41  0.37  0.38  0.19 289.3
 OMA 20040926  4.86  4.46  0.44  0.44  0.12 296.8
 OMA 20040927  5.05  3.50  0.14  0.29  0.28 283.4
 OMA 20040928  4.98  3.14  0.22  0.11  0.25 282.8
 OMA 20040929  4.98  4.62  0.65  0.26  0.05 278.4
 OMA 20040930  4.98  3.70  0.21  0.33  0.23 274.4
 OMA 20041001  4.59  1.97  0.01  0.03  0.22 290.4
 OMA 20041002  4.22  4.09  0.72  0.28  0.01 307.2
 OMA 20041003  4.11  3.62  0.54  0.29  0.08 309.6
 OMA 20041004  4.15  3.59  0.46  0.36  0.07 301.4
 OMA 20041005  4.08  3.48  0.53  0.26  0.07 301.5
 OMA 20041006  4.13  3.12  0.23  0.38  0.16 294.0
 OMA 20041007  3.96  1.80  0.08  0.08  0.09 299.1
 OMA 20041008  3.92  3.02  0.37  0.26  0.13 297.3
 OMA 20041009  3.95  3.46  0.57  0.28  0.03 291.2
 OMA 20041010  4.10  3.16  0.40  0.27  0.07 277.2
 OMA 20041011  4.25  2.70  0.00  0.36  0.27 264.8
 OMA 20041012  4.14  2.50  0.07  0.26  0.22 266.3
 OMA 20041013  3.90  1.64  0.00  0.08  0.14 275.7
 OMA 20041014  3.30  2.29  0.12  0.35  0.23 314.3
 OMA 20041015  3.36  2.59  0.26  0.34  0.20 303.2
 OMA 20041016  3.20  2.71  0.34  0.40  0.17 311.3
 OMA 20041017  3.34  2.33  0.27  0.27  0.10 294.1
 OMA 20041018  3.31  1.38  0.00  0.06  0.16 291.9
 OMA 20041019  3.29  2.17  0.15  0.31  0.15 289.1
 OMA 20041020  3.31  1.91  0.09  0.23  0.16 282.9
 OMA 20041021  3.41  1.77  0.00  0.26  0.13 270.8
 OMA 20041022  3.39  2.05  0.00  0.32  0.25 268.0
 OMA 20041023  2.94  2.38  0.32  0.38  0.14 298.2
 OMA 20041024  3.21  2.83  0.43  0.41  0.09 270.9
 OMA 20041025  3.04  2.35  0.40  0.25  0.10 279.3
 OMA 20041026  3.02  1.40  0.09  0.04  0.16 275.7
 OMA 20041027  2.92  1.52  0.17  0.11  0.06 278.2
 OMA 20041028  3.21  1.51  0.02  0.16  0.12 252.8
 OMA 20041029  3.25  2.33  0.25  0.28  0.17 246.3
 OMA 20041030  2.88  2.21  0.28  0.32  0.19 269.1
 OMA 20041031  2.74  2.31  0.46  0.28  0.13 275.8
 OMA 20041101  2.82  0.96  0.00  0.00  0.06 265.4
 OMA 20041102  2.66  1.73  0.18  0.25  0.16 273.9
 OMA 20041103  2.70  1.92  0.16  0.37  0.17 265.9
 OMA 20041104  2.87  2.50  0.43  0.40  0.08 247.9
 OMA 20041105  2.71  2.60  0.68  0.31  0.01 255.9
 OMA 20041106  2.59  2.21  0.46  0.31  0.11 261.8
 OMA 20041107  2.51  2.10  0.36  0.39  0.12 265.1
 OMA 20041108  2.55  2.07  0.38  0.34  0.10 257.6
 OMA 20041109  2.54  1.78  0.21  0.32  0.14 254.2
 OMA 20041110  2.38  0.97  0.00  0.03  0.18 265.5
 OMA 20041111  2.27  2.06  0.64  0.27  0.01 272.9
 OMA 20041112  2.07  1.65  0.27  0.40  0.16 291.9
 OMA 20041113  2.08  1.84  0.50  0.36  0.05 286.3
 OMA 20041114  2.03  1.52  0.26  0.34  0.15 288.3
 OMA 20041115  1.92  1.12  0.14  0.23  0.09 297.5
 OMA 20041116  1.91  1.41  0.22  0.36  0.16 293.8
 OMA 20041117  1.92  1.15  0.00  0.30  0.26 289.3
 OMA 20041118  1.96  0.74  0.00  0.03  0.10 279.5
 OMA 20041119  1.92  0.67  0.00  0.00  0.08 282.1
 OMA 20041120  1.87  1.25  0.17  0.31  0.14 286.0
 OMA 20041121  1.87  1.22  0.09  0.30  0.25 282.1
 OMA 20041122  1.71  1.36  0.43  0.25  0.10 301.9
 OMA 20041123  1.63  1.28  0.24  0.41  0.17 311.0
 OMA 20041124  1.51  1.30  0.54  0.25  0.09 330.2
 OMA 20041125  1.49  1.11  0.24  0.32  0.21 330.4
 OMA 20041126  1.65  1.01  0.00  0.30  0.30 295.5
 OMA 20041127  1.57  1.19  0.35  0.25  0.15 306.8
 OMA 20041128  1.64  0.88  0.00  0.22  0.23 291.8
 OMA 20041129  1.68  0.68  0.00  0.07  0.12 283.6
 OMA 20041130  1.50  0.98  0.17  0.23  0.21 311.7
 OMA 20041201  1.59  1.34  0.31  0.43  0.17 293.3
 OMA 20041202  1.42  1.16  0.44  0.26  0.13 323.0
 OMA 20041203  1.38  1.04  0.31  0.26  0.19 328.8
 OMA 20041204  1.47  1.22  0.43  0.30  0.12 305.0
 OMA 20041205  1.53  0.81  0.00  0.21  0.23 291.9
 OMA 20041206  1.55  1.07  0.08  0.40  0.21 285.7
 OMA 20041207  1.42  1.13  0.45  0.24  0.09 308.4
 OMA 20041208  1.41  0.98  0.02  0.40  0.32 310.0
 OMA 20041209  1.35  0.81  0.00  0.26  0.33 321.9
 OMA 20041210  1.38  0.80  0.28  0.06  0.10 314.0
 OMA 20041211  1.66  1.15  0.17  0.30  0.22 263.5
 OMA 20041212  1.63  1.50  0.45  0.43  0.12 266.5
 OMA 20041213  1.45  1.33  0.63  0.26  0.05 295.6
 OMA 20041214  1.39  1.34  0.70  0.30  0.01 306.6
 OMA 20041215  1.35  0.85  0.00  0.35  0.28 313.3
 OMA 20041216  1.20  0.83  0.26  0.29  0.08 349.1
 OMA 20041217  1.20  0.87  0.31  0.24  0.15 349.1
 OMA 20041218  1.16  0.67  0.12  0.16  0.22 361.7
 OMA 20041219  1.22  0.99  0.26  0.39  0.22 344.4
 OMA 20041220  1.43  1.12  0.24  0.41  0.17 296.4
 OMA 20041221  1.27  1.01  0.36  0.26  0.21 331.0
 OMA 20041223  1.09  0.83  0.24  0.31  0.24 385.4
 OMA 20041224  1.11  0.92  0.28  0.40  0.23 380.1
 OMA 20041225  1.36  0.87  0.28  0.15  0.12 312.3
 OMA 20041226  1.40  0.76  0.10  0.20  0.11 302.3
 OMA 20041227  1.48  0.82  0.03  0.27  0.15 288.3
 OMA 20041228  1.50  0.85  0.00  0.29  0.21 286.2
 OMA 20041229  1.55  1.33  0.44  0.37  0.08 278.4
 OMA 20041230  1.56  1.27  0.31  0.40  0.15 277.2
 OMA 20041231  1.60  1.44  0.40  0.43  0.16 270.7
