 RDU 20040101  2.74  2.46  0.56  0.33  0.03 245.2
 RDU 20040102  2.59  1.78  0.17  0.31  0.19 259.7
 RDU 20040103  2.58  1.78  0.15  0.32  0.21 262.2
 RDU 20040104  2.81  2.04  0.13  0.39  0.24 245.1
 RDU 20040105  2.99  1.47  0.00  0.14  0.23 234.2
 RDU 20040106  2.77  2.18  0.21  0.44  0.18 251.2
 RDU 20040107  2.23  2.15  0.72  0.28  0.00 307.4
 RDU 20040108  2.29  1.56  0.17  0.27  0.23 300.9
 RDU 20040109  2.48  0.90  0.06  0.00  0.02 283.2
 RDU 20040110  2.23  1.83  0.33  0.38  0.15 313.7
 RDU 20040111  2.32  2.12  0.58  0.33  0.03 303.5
 RDU 20040112  2.46  2.02  0.29  0.40  0.19 291.8
 RDU 20040113  2.51  2.05  0.26  0.41  0.21 290.3
 RDU 20040114  2.33  1.69  0.18  0.37  0.18 313.9
 RDU 20040115  2.20  1.87  0.40  0.33  0.17 333.7
 RDU 20040116  2.48  1.94  0.41  0.24  0.12 302.7
 RDU 20040117  2.64  1.66  0.13  0.23  0.22 289.1
 RDU 20040118  2.71  1.21  0.03  0.11  0.11 285.6
 RDU 20040119  2.55  2.23  0.44  0.36  0.12 303.9
 RDU 20040120  2.51  2.14  0.37  0.39  0.14 311.3
 RDU 20040121  2.76  1.99  0.19  0.32  0.22 289.6
 RDU 20040122  2.72  2.18  0.24  0.39  0.23 296.5
 RDU 20040123  2.29  1.83  0.43  0.24  0.13 351.8
 RDU 20040124  2.66  1.85  0.15  0.30  0.26 311.6
 RDU 20040125  3.12  1.06  0.00  0.00  0.06 273.4
 RDU 20040126  3.33  1.18  0.00  0.00  0.09 261.7
 RDU 20040127  3.38  1.56  0.00  0.13  0.17 262.1
 RDU 20040128  2.40  2.18  0.46  0.35  0.19 359.2
 RDU 20040129  2.53  2.19  0.34  0.43  0.17 347.1
 RDU 20040130  2.38  1.60  0.06  0.32  0.32 370.8
 RDU 20040131  2.70  2.59  0.69  0.31  0.00 335.5
 RDU 20040201  3.45  3.00  0.34  0.47  0.13 273.6
 RDU 20040202  3.41  2.31  0.22  0.24  0.18 280.7
 RDU 20040203  3.13  1.40  0.06  0.08  0.11 307.4
 RDU 20040204  3.44  2.80  0.14  0.51  0.26 286.7
 RDU 20040205  3.80  2.36  0.06  0.30  0.22 266.6
 RDU 20040206  4.20  1.74  0.00  0.03  0.20 248.2
 RDU 20040207  4.01  3.09  0.14  0.40  0.31 261.8
 RDU 20040208  3.04  2.95  0.71  0.30  0.00 338.1
 RDU 20040209  4.09  2.98  0.10  0.41  0.26 264.2
 RDU 20040210  3.42  1.90  0.00  0.20  0.30 312.9
 RDU 20040211  3.51  3.09  0.49  0.33  0.10 310.2
 RDU 20040212  4.04  1.28  0.00  0.00  0.00 279.1
 RDU 20040213  4.18  3.93  0.59  0.36  0.04 274.9
 RDU 20040214  4.20  2.70  0.06  0.29  0.29 277.8
 RDU 20040215  3.83  1.74  0.00  0.06  0.25 305.0
 RDU 20040216  3.96  3.36  0.46  0.33  0.07 300.1
 RDU 20040217  4.25  2.25  0.00  0.14  0.32 286.7
 RDU 20040218  3.08  2.85  0.55  0.31  0.14 386.1
 RDU 20040219  3.69  3.35  0.42  0.41  0.17 332.9
 RDU 20040220  4.36  3.97  0.50  0.39  0.07 291.8
 RDU 20040221  3.91  3.41  0.29  0.45  0.24 325.4
 RDU 20040222  4.27  3.98  0.53  0.38  0.09 305.9
 RDU 20040223  4.25  2.85  0.12  0.31  0.23 312.1
 RDU 20040224  4.54  1.43  0.00  0.00  0.00 298.8
 RDU 20040225  4.30  3.70  0.47  0.33  0.09 317.9
 RDU 20040226  4.29  1.88  0.00  0.07  0.20 322.3
 RDU 20040227  4.14  2.63  0.21  0.20  0.15 337.2
 RDU 20040228  4.02  3.88  0.73  0.27  0.00 350.9
 RDU 20040301  5.30  4.18  0.22  0.41  0.21 284.0
 RDU 20040302  5.25  3.44  0.04  0.32  0.31 289.9
 RDU 20040303  5.40  3.82  0.14  0.35  0.23 287.0
 RDU 20040304  5.66  4.20  0.09  0.44  0.27 279.2
 RDU 20040305  5.79  4.03  0.04  0.41  0.28 277.4
 RDU 20040306  6.28  3.60  0.06  0.26  0.16 263.0
 RDU 20040307  5.89  4.18  0.13  0.37  0.22 280.5
 RDU 20040308  4.19  3.65  0.36  0.34  0.28 381.3
 RDU 20040309  4.27  2.33  0.05  0.17  0.24 379.8
 RDU 20040310  3.85  2.56  0.16  0.26  0.22 420.7
 RDU 20040311  5.35  4.84  0.56  0.32  0.06 319.8
 RDU 20040312  5.27  4.95  0.54  0.39  0.08 328.0
 RDU 20040313  5.51  5.29  0.68  0.32  0.00 319.5
 RDU 20040314  5.49  3.60  0.16  0.25  0.21 323.6
 RDU 20040315  5.66  4.16  0.22  0.33  0.19 319.3
 RDU 20040316  5.98  2.11  0.00  0.00  0.09 308.6
 RDU 20040317  4.90  3.52  0.07  0.37  0.34 369.9
 RDU 20040318  5.77  2.72  0.05  0.11  0.14 324.7
 RDU 20040319  5.69  5.34  0.54  0.41  0.05 332.7
 RDU 20040320  6.05  4.71  0.31  0.33  0.15 318.8
 RDU 20040321  6.20  5.72  0.50  0.38  0.12 316.1
 RDU 20040322  5.80  4.91  0.26  0.44  0.24 338.0
 RDU 20040323  5.40  5.18  0.71  0.28  0.00 363.0
 RDU 20040324  6.26  5.10  0.36  0.34  0.14 322.8
 RDU 20040325  6.61  4.86  0.19  0.33  0.24 311.5
 RDU 20040326  6.22  4.75  0.20  0.37  0.24 331.3
 RDU 20040327  6.44  4.48  0.15  0.31  0.24 324.2
 RDU 20040328  6.35  5.15  0.39  0.30  0.14 331.8
 RDU 20040329  6.46  5.11  0.39  0.28  0.12 330.0
 RDU 20040330  6.85  4.29  0.12  0.26  0.19 317.0
 RDU 20040331  6.11  3.16  0.00  0.12  0.32 352.2
 RDU 20040401  5.60  3.65  0.05  0.25  0.38 382.5
 RDU 20040402  5.58  2.59  0.09  0.01  0.20 387.3
 RDU 20040403  5.89  4.52  0.09  0.41  0.37 372.2
 RDU 20040404  5.86  4.79  0.14  0.39  0.44 377.6
 RDU 20040405  5.47  5.20  0.58  0.41  0.01 403.4
 RDU 20040406  6.24  5.89  0.56  0.43  0.00 363.4
 RDU 20040407  6.86  6.05  0.23  0.58  0.18 337.9
 RDU 20040408  7.14  3.83  0.13  0.18  0.07 329.1
 RDU 20040409  6.78  6.16  0.30  0.60  0.10 346.4
 RDU 20040410  7.32  4.80  0.00  0.36  0.32 326.8
 RDU 20040411  8.06  2.83  0.04  0.00  0.02 303.6
 RDU 20040412  8.52  3.12  0.03  0.03  0.03 292.0
 RDU 20040413  8.39  4.09  0.00  0.14  0.22 297.5
 RDU 20040414  6.72  4.51  0.00  0.28  0.47 361.1
 RDU 20040415  6.92  6.59  0.59  0.41  0.00 354.3
 RDU 20040416  7.22  6.31  0.46  0.39  0.05 344.1
 RDU 20040417  7.03  6.33  0.26  0.62  0.12 353.7
 RDU 20040418  7.71  6.82  0.20  0.62  0.18 329.2
 RDU 20040419  8.28  7.46  0.24  0.63  0.14 312.3
 RDU 20040420  8.35  6.01  0.07  0.41  0.29 312.1
 RDU 20040421  8.75  6.41  0.00  0.47  0.35 301.1
 RDU 20040422  8.48  5.90  0.00  0.40  0.36 311.0
 RDU 20040423  8.80  6.30  0.04  0.41  0.33 302.7
 RDU 20040424  8.97  6.85  0.13  0.50  0.17 299.1
 RDU 20040425  9.32  5.61  0.00  0.26  0.33 291.6
 RDU 20040426  9.26  5.35  0.00  0.21  0.34 294.4
 RDU 20040427  8.15  7.16  0.34  0.39  0.26 329.1
 RDU 20040428  7.34  6.97  0.57  0.43  0.00 361.2
 RDU 20040429  8.22  7.12  0.37  0.44  0.11 329.7
 RDU 20040430  8.86  6.28  0.07  0.37  0.32 311.4
 RDU 20040501  9.43  4.50  0.07  0.14  0.08 296.3
 RDU 20040502  9.45  6.73  0.00  0.45  0.33 296.8
 RDU 20040503  9.08  4.67  0.05  0.10  0.26 308.2
 RDU 20040504  7.91  6.86  0.39  0.39  0.15 346.6
 RDU 20040505  8.25  7.09  0.16  0.56  0.27 336.1
 RDU 20040506  8.42  7.58  0.25  0.63  0.12 331.3
 RDU 20040507  9.02  8.06  0.22  0.64  0.14 314.0
 RDU 20040508  8.83  6.20  0.06  0.44  0.22 320.7
 RDU 20040509  8.58  7.26  0.15  0.57  0.24 329.4
 RDU 20040510  8.78  7.76  0.19  0.63  0.18 324.1
 RDU 20040511  9.18  7.97  0.14  0.62  0.24 313.3
 RDU 20040512  9.38  6.56  0.03  0.35  0.39 308.3
 RDU 20040513  9.34  6.85  0.01  0.46  0.35 310.1
 RDU 20040514  9.33  7.61  0.08  0.57  0.28 311.1
 RDU 20040515  8.99  7.47  0.10  0.58  0.27 321.5
 RDU 20040516  9.38  6.89  0.07  0.40  0.34 311.2
 RDU 20040517  9.65  7.28  0.02  0.50  0.33 304.4
 RDU 20040518  9.95  7.90  0.10  0.51  0.28 297.3
 RDU 20040519  9.43  6.16  0.11  0.29  0.23 311.9
 RDU 20040520  9.08  7.72  0.10  0.62  0.26 322.2
 RDU 20040521  8.88  7.63  0.10  0.63  0.27 328.8
 RDU 20040522  9.18  7.83  0.11  0.62  0.25 320.4
 RDU 20040523  9.47  7.91  0.05  0.61  0.32 312.8
 RDU 20040524  9.35  8.12  0.13  0.64  0.23 316.7
 RDU 20040525  8.97  7.64  0.08  0.61  0.31 327.8
 RDU 20040526  9.58  7.82  0.05  0.55  0.36 311.2
 RDU 20040527 10.05  6.53  0.04  0.19  0.48 299.0
 RDU 20040528 10.63  6.77  0.00  0.20  0.50 286.3
 RDU 20040529  9.03  6.81  0.11  0.50  0.18 328.0
 RDU 20040530  9.46  3.74  0.00  0.08  0.08 316.2
 RDU 20040531  9.62  6.45  0.01  0.33  0.38 312.1
 RDU 20040601  9.01  8.15  0.40  0.47  0.11 329.6
 RDU 20040602  8.99  7.20  0.29  0.35  0.21 330.4
 RDU 20040603  8.41  6.92  0.12  0.55  0.26 349.5
 RDU 20040604  9.55  3.82  0.00  0.04  0.15 315.0
 RDU 20040605  9.08  6.91  0.00  0.50  0.38 328.5
 RDU 20040606  9.45  7.63  0.07  0.56  0.29 317.9
 RDU 20040607  9.52  7.15  0.01  0.52  0.31 316.5
 RDU 20040608  9.05  6.66  0.00  0.49  0.33 330.1
 RDU 20040609  9.47  7.67  0.03  0.57  0.35 318.2
 RDU 20040610  9.88  8.47  0.09  0.63  0.28 307.2
 RDU 20040611 10.31  6.91  0.04  0.36  0.29 296.5
 RDU 20040612 10.22  6.35  0.00  0.35  0.25 298.6
 RDU 20040613  9.84  7.08  0.05  0.46  0.25 308.4
 RDU 20040614  9.91  5.85  0.12  0.22  0.16 306.6
 RDU 20040615 10.33  5.65  0.08  0.20  0.15 296.2
 RDU 20040616 10.95  6.72  0.09  0.33  0.11 282.3
 RDU 20040617 11.17  7.85  0.05  0.34  0.38 277.6
 RDU 20040618 11.24  8.83  0.00  0.57  0.34 276.0
 RDU 20040619 10.61  8.15  0.02  0.55  0.29 290.0
 RDU 20040620 10.17  8.11  0.17  0.54  0.13 299.8
 RDU 20040621  9.84  7.08  0.04  0.50  0.21 308.5
 RDU 20040622 10.18  6.64  0.03  0.29  0.36 299.5
 RDU 20040623 10.61  5.99  0.04  0.19  0.27 289.6
 RDU 20040624 10.58  7.37  0.04  0.39  0.31 290.3
 RDU 20040625 10.88  7.06  0.00  0.32  0.36 283.6
 RDU 20040626 11.22  8.58  0.08  0.49  0.27 275.9
 RDU 20040627 10.37  7.57  0.07  0.47  0.23 294.8
 RDU 20040628 10.63  6.11  0.00  0.15  0.42 288.9
 RDU 20040629  9.85  7.72  0.13  0.50  0.22 307.4
 RDU 20040630  9.84  7.04  0.01  0.45  0.32 307.4
 RDU 20040701  9.74  6.77  0.09  0.35  0.28 309.8
 RDU 20040702  9.82  6.78  0.05  0.34  0.35 307.5
 RDU 20040703  9.72  6.70  0.10  0.35  0.25 309.7
 RDU 20040704  9.84  7.08  0.01  0.38  0.43 306.3
 RDU 20040705  9.82  8.30  0.06  0.63  0.30 306.6
 RDU 20040706  9.74  8.64  0.18  0.67  0.15 308.6
 RDU 20040707  9.68  8.44  0.12  0.67  0.21 309.9
 RDU 20040708  9.66  8.44  0.14  0.65  0.21 310.2
 RDU 20040709  9.80  8.64  0.18  0.66  0.15 306.1
 RDU 20040710 10.20  8.31  0.09  0.60  0.22 295.6
 RDU 20040711 10.16  7.12  0.04  0.39  0.32 296.0
 RDU 20040712 10.38  7.19  0.02  0.40  0.32 290.6
 RDU 20040713 10.12  8.02  0.03  0.54  0.35 296.2
 RDU 20040714  9.76  8.35  0.09  0.62  0.29 304.8
 RDU 20040715  9.30  8.15  0.16  0.63  0.21 316.8
 RDU 20040716  8.90  7.91  0.21  0.63  0.16 327.8
 RDU 20040717  9.29  6.13  0.00  0.31  0.40 316.3
 RDU 20040718  9.61  7.52  0.03  0.53  0.34 307.1
 RDU 20040719  9.30  7.14  0.00  0.51  0.38 315.2
 RDU 20040720  9.17  7.21  0.03  0.55  0.32 318.1
 RDU 20040721  9.39  7.86  0.11  0.60  0.24 311.1
 RDU 20040722  9.98  8.10  0.07  0.59  0.26 295.0
 RDU 20040723  9.64  5.39  0.00  0.20  0.31 302.8
 RDU 20040724  9.53  5.00  0.03  0.17  0.22 305.2
 RDU 20040725  9.67  5.32  0.04  0.16  0.28 300.4
 RDU 20040726  9.87  5.39  0.00  0.05  0.49 295.0
 RDU 20040727  9.84  5.69  0.00  0.22  0.33 295.1
 RDU 20040728  9.91  5.64  0.00  0.09  0.49 292.7
 RDU 20040729  9.52  4.87  0.00  0.09  0.35 301.6
 RDU 20040730  9.88  6.59  0.00  0.40  0.29 291.8
 RDU 20040731  9.68  7.25  0.01  0.53  0.29 295.7
 RDU 20040801  9.99  7.08  0.00  0.45  0.32 287.2
 RDU 20040802  9.82  4.84  0.01  0.11  0.26 290.5
 RDU 20040803  9.30  4.78  0.03  0.20  0.15 302.5
 RDU 20040804  9.04  8.03  0.17  0.66  0.18 308.9
 RDU 20040805  9.47  7.16  0.03  0.54  0.26 296.2
 RDU 20040806  8.33  7.03  0.14  0.55  0.28 328.4
 RDU 20040807  8.23  7.37  0.25  0.60  0.15 330.4
 RDU 20040808  8.63  7.09  0.08  0.58  0.28 316.7
 RDU 20040809  8.94  7.81  0.19  0.62  0.17 306.2
 RDU 20040810  8.90  6.52  0.00  0.47  0.35 305.8
 RDU 20040811  8.78  6.05  0.00  0.39  0.36 308.2
 RDU 20040812  8.95  4.77  0.00  0.02  0.50 301.5
 RDU 20040813  9.05  4.81  0.00  0.13  0.34 297.3
 RDU 20040814  9.84  4.07  0.00  0.02  0.21 275.9
 RDU 20040815  8.94  6.36  0.02  0.46  0.28 297.6
 RDU 20040816  8.63  6.30  0.02  0.47  0.31 305.1
 RDU 20040817  8.64  6.33  0.05  0.47  0.27 303.5
 RDU 20040818  8.44  6.62  0.02  0.55  0.33 308.0
 RDU 20040819  8.79  7.60  0.11  0.64  0.25 296.0
 RDU 20040820  8.49  7.20  0.08  0.64  0.26 302.7
 RDU 20040821  9.19  5.42  0.04  0.27  0.22 281.9
 RDU 20040822  9.18  7.10  0.10  0.53  0.20 280.6
 RDU 20040823  8.48  6.16  0.04  0.47  0.27 297.8
 RDU 20040824  8.30  6.23  0.02  0.52  0.29 301.1
 RDU 20040825  8.49  6.51  0.07  0.54  0.22 294.0
 RDU 20040826  8.13  6.05  0.09  0.47  0.23 302.7
 RDU 20040827  8.39  6.50  0.07  0.54  0.24 293.3
 RDU 20040828  7.86  5.78  0.03  0.49  0.28 307.7
 RDU 20040829  8.67  5.88  0.00  0.37  0.36 281.6
 RDU 20040830  9.04  4.94  0.01  0.18  0.29 269.8
 RDU 20040831  8.70  6.07  0.01  0.40  0.35 276.3
 RDU 20040901  8.54  5.33  0.06  0.32  0.20 278.8
 RDU 20040902  8.25  5.53  0.00  0.40  0.30 284.8
 RDU 20040903  8.16  5.94  0.04  0.48  0.26 285.2
 RDU 20040904  8.07  4.79  0.00  0.21  0.38 285.5
 RDU 20040905  7.83  5.40  0.02  0.43  0.27 290.5
 RDU 20040906  7.45  4.37  0.00  0.22  0.35 300.1
 RDU 20040907  7.64  3.75  0.01  0.10  0.27 291.9
 RDU 20040908  8.01  3.74  0.00  0.02  0.34 277.7
 RDU 20040909  7.48  5.62  0.00  0.49  0.37 291.8
 RDU 20040910  7.19  5.19  0.07  0.42  0.28 298.4
 RDU 20040911  7.57  4.69  0.00  0.36  0.23 283.6
 RDU 20040912  7.84  6.30  0.13  0.54  0.21 272.5
 RDU 20040913  7.56  6.18  0.13  0.58  0.19 278.6
 RDU 20040914  7.40  4.05  0.00  0.18  0.31 281.0
 RDU 20040915  7.13  3.43  0.00  0.10  0.26 287.2
 RDU 20040916  7.56  4.14  0.04  0.07  0.40 270.6
 RDU 20040917  7.57  4.69  0.00  0.27  0.36 268.0
 RDU 20040918  7.00  3.53  0.00  0.10  0.32 283.1
 RDU 20040919  6.43  6.01  0.39  0.61  0.00 300.0
 RDU 20040920  6.61  6.17  0.38  0.62  0.00 290.6
 RDU 20040921  6.57  6.22  0.53  0.47  0.00 289.2
 RDU 20040922  6.63  6.23  0.46  0.54  0.00 283.7
 RDU 20040923  6.34  5.92  0.39  0.61  0.00 291.2
 RDU 20040924  6.57  5.37  0.14  0.61  0.13 279.6
 RDU 20040925  6.37  5.73  0.31  0.60  0.06 283.5
 RDU 20040926  6.33  4.95  0.12  0.55  0.16 281.8
 RDU 20040927  6.49  3.43  0.00  0.07  0.42 272.7
 RDU 20040928  6.31  2.89  0.00  0.11  0.19 275.5
 RDU 20040929  6.04  4.04  0.00  0.39  0.31 283.2
 RDU 20040930  6.11  4.40  0.01  0.46  0.32 276.6
 RDU 20041001  5.79  3.80  0.00  0.34  0.35 286.3
 RDU 20041002  5.94  3.65  0.00  0.29  0.32 276.4
 RDU 20041003  5.70  3.43  0.00  0.28  0.30 283.3
 RDU 20041004  5.44  4.29  0.22  0.41  0.21 291.0
 RDU 20041005  5.35  4.06  0.19  0.40  0.20 291.0
 RDU 20041006  5.23  4.66  0.48  0.37  0.09 292.9
 RDU 20041007  5.29  5.03  0.67  0.30  0.02 286.2
 RDU 20041008  5.20  5.02  0.71  0.29  0.00 286.8
 RDU 20041009  5.27  4.33  0.27  0.43  0.18 279.8
 RDU 20041010  5.14  4.08  0.28  0.37  0.18 282.2
 RDU 20041011  5.12  4.72  0.62  0.31  0.02 279.5
 RDU 20041012  4.91  4.26  0.42  0.37  0.13 286.0
 RDU 20041013  4.69  2.60  0.00  0.17  0.34 293.1
 RDU 20041014  4.45  3.28  0.10  0.40  0.30 302.5
 RDU 20041015  4.31  2.52  0.00  0.23  0.33 306.5
 RDU 20041016  4.39  3.07  0.11  0.33  0.29 297.4
 RDU 20041017  4.28  4.00  0.51  0.40  0.10 299.2
 RDU 20041018  4.48  2.68  0.06  0.22  0.28 284.4
 RDU 20041019  4.53  2.90  0.02  0.31  0.32 277.9
 RDU 20041020  4.43  2.38  0.07  0.13  0.24 279.2
 RDU 20041021  4.14  2.41  0.16  0.14  0.19 292.4
 RDU 20041022  3.96  2.89  0.27  0.27  0.18 299.2
 RDU 20041023  4.22  3.66  0.38  0.42  0.12 278.9
 RDU 20041024  4.20  2.28  0.10  0.12  0.22 276.0
 RDU 20041025  4.18  3.31  0.38  0.29  0.12 272.9
 RDU 20041026  4.13  3.70  0.40  0.45  0.12 271.8
 RDU 20041027  4.10  2.38  0.05  0.22  0.25 269.8
 RDU 20041028  3.89  2.95  0.31  0.31  0.13 278.6
 RDU 20041029  3.98  2.34  0.11  0.20  0.20 269.3
 RDU 20041030  4.03  2.84  0.04  0.41  0.30 263.4
 RDU 20041031  4.07  3.69  0.40  0.46  0.13 257.8
 RDU 20041101  4.40  3.44  0.20  0.43  0.20 238.1
 RDU 20041102  4.27  3.23  0.14  0.44  0.22 240.7
 RDU 20041103  4.42  2.49  0.15  0.16  0.13 230.3
 RDU 20041104  4.23  1.75  0.00  0.05  0.17 236.2
 RDU 20041105  3.66  3.44  0.59  0.34  0.07 263.6
 RDU 20041106  3.62  3.41  0.57  0.39  0.04 262.1
 RDU 20041107  3.39  3.08  0.37  0.49  0.14 273.3
 RDU 20041108  3.26  2.95  0.55  0.34  0.05 279.7
 RDU 20041109  3.14  2.96  0.57  0.39  0.04 286.1
 RDU 20041110  3.26  2.86  0.41  0.43  0.09 273.1
 RDU 20041111  3.20  2.06  0.06  0.31  0.26 274.0
 RDU 20041112  3.11  1.26  0.00  0.04  0.16 277.6
 RDU 20041113  3.02  2.46  0.29  0.39  0.19 281.3
 RDU 20041114  2.89  2.74  0.73  0.24  0.00 288.7
 RDU 20041115  2.94  2.84  0.68  0.31  0.02 279.8
 RDU 20041116  2.83  2.31  0.23  0.42  0.25 286.4
 RDU 20041117  2.72  2.45  0.45  0.39  0.13 292.7
 RDU 20041118  2.62  1.96  0.34  0.21  0.20 299.6
 RDU 20041119  2.76  1.32  0.10  0.08  0.12 283.6
 RDU 20041120  2.92  1.83  0.01  0.32  0.29 267.0
 RDU 20041121  3.04  1.63  0.00  0.19  0.27 254.7
 RDU 20041122  3.08  1.44  0.08  0.05  0.17 249.5
 RDU 20041123  2.94  1.13  0.03  0.02  0.09 257.4
 RDU 20041124  2.79  1.15  0.00  0.05  0.16 266.5
 RDU 20041125  2.57  1.67  0.00  0.32  0.36 283.6
 RDU 20041126  2.50  2.08  0.30  0.41  0.18 287.1
 RDU 20041127  2.54  1.64  0.13  0.26  0.22 281.4
 RDU 20041128  2.60  2.31  0.27  0.53  0.20 273.7
 RDU 20041129  2.88  2.21  0.18  0.44  0.18 248.0
 RDU 20041130  2.91  2.32  0.21  0.47  0.16 244.4
 RDU 20041201  2.82  2.44  0.29  0.45  0.22 249.0
 RDU 20041202  2.75  2.59  0.56  0.40  0.04 253.1
 RDU 20041203  2.66  2.48  0.55  0.36  0.09 258.9
 RDU 20041204  2.29  2.10  0.46  0.39  0.15 292.9
 RDU 20041205  2.30  2.09  0.50  0.37  0.10 290.0
 RDU 20041206  2.48  0.98  0.08  0.01  0.05 269.3
 RDU 20041207  2.61  1.47  0.00  0.21  0.30 255.9
 RDU 20041208  2.46  2.30  0.51  0.42  0.07 268.7
 RDU 20041209  2.57  0.92  0.00  0.00  0.10 258.0
 RDU 20041210  2.36  1.08  0.00  0.11  0.19 277.0
 RDU 20041211  2.14  1.30  0.00  0.21  0.41 300.9
 RDU 20041212  2.08  1.76  0.28  0.43  0.22 308.1
 RDU 20041213  2.56  2.12  0.21  0.47  0.24 255.4
 RDU 20041214  2.37  1.86  0.14  0.40  0.35 272.8
 RDU 20041215  2.09  2.01  0.72  0.24  0.04 303.0
 RDU 20041216  2.18  2.07  0.58  0.40  0.02 291.5
 RDU 20041217  2.25  1.98  0.27  0.49  0.24 284.5
 RDU 20041218  2.11  1.63  0.21  0.38  0.23 300.3
 RDU 20041219  1.93  1.23  0.00  0.29  0.37 326.0
 RDU 20041220  1.60  1.55  0.77  0.22  0.01 390.2
 RDU 20041221  2.16  1.98  0.48  0.41  0.09 294.7
 RDU 20041223  2.26  0.82  0.00  0.00  0.12 284.4
 RDU 20041224  2.11  1.37  0.00  0.38  0.28 302.1
 RDU 20041225  1.89  1.51  0.28  0.39  0.16 334.5
 RDU 20041226  1.80  1.16  0.03  0.35  0.26 350.9
 RDU 20041227  1.89  1.81  0.70  0.27  0.03 335.3
 RDU 20041228  2.05  1.86  0.43  0.44  0.10 310.4
 RDU 20041229  2.07  1.84  0.28  0.51  0.21 308.2
 RDU 20041230  2.13  1.76  0.24  0.46  0.20 300.9
 RDU 20041231  2.13  1.77  0.21  0.49  0.22 300.8
