 BWI 20120102  1.55  1.39 98.00 62.50 91.50 365.2
 BWI 20120103  1.28  1.08 92.10 62.40 91.50 444.2
 BWI 20120104  1.55  0.86 60.30 62.30 91.50 369.0
 BWI 20120105  1.63  1.49100.00 62.20 91.50 355.8
 BWI 20120106  1.99  1.82 99.50 62.10 91.50 297.1
 BWI 20120107  2.03  1.85 99.50 62.00 91.50 294.7
 BWI 20120108  1.78  1.63100.00 61.80 91.50 335.7
 BWI 20120109  1.74  1.46 91.70 61.70 91.50 345.8
 BWI 20120110  1.95  1.78100.00 61.60 91.50 314.2
 BWI 20120111  2.03  1.54 83.30 61.40 91.50 306.2
 BWI 20120112  1.92  1.70 96.90 61.30 91.60 325.4
 BWI 20120113  1.68  1.46 94.90 61.10 91.60 371.4
 BWI 20120114  1.72  1.58100.00 60.90 91.60 366.5
 BWI 20120115  1.74  1.59100.00 60.80 91.60 367.9
 BWI 20120116  2.01  1.84100.00 60.60 91.60 324.9
 BWI 20120117  2.25  0.51 24.50 60.40 91.60 296.7
 BWI 20120118  2.14  1.96100.00 60.20 91.60 314.4
 BWI 20120119  1.80  1.64 99.60 60.00 91.60 372.7
 BWI 20120120  2.10  1.85 96.60 59.80 91.60 328.2
 BWI 20120121  2.10  1.29 52.40 59.60 91.60 331.8
 BWI 20120122  2.27  2.79 98.50 59.40 91.60 313.5
 BWI 20120123  2.41  0.93 42.30 59.10 91.60 302.0
 BWI 20120124  2.29  2.08 99.30 58.90 91.60 320.5
 BWI 20120125  2.47  2.18 96.10 58.70 91.60 303.8
 BWI 20120126  2.59  1.36 57.20 58.40 91.60 295.8
 BWI 20120127  2.38  1.61 74.00 58.20 91.60 323.7
 BWI 20120128  2.76  2.53100.00 58.00 91.60 288.3
 BWI 20120129  2.17  1.99100.00 57.70 91.60 362.7
 BWI 20120130  2.24  2.05100.00 57.40 91.70 358.4
 BWI 20120131  2.34  2.13 99.30 57.20 91.70 349.0
 BWI 20120201  2.49  2.19 95.60 56.90 91.70 334.9
 BWI 20120202  2.37  2.14 98.30 56.60 91.70 355.3
 BWI 20120203  2.46  2.25100.00 56.30 91.70 349.6
 BWI 20120204  2.71  2.36 95.30 56.10 91.70 325.2
 BWI 20120205  2.46  1.75 77.70 55.80 91.70 360.2
 BWI 20120206  2.57  2.36100.00 55.50 91.70 350.7
 BWI 20120207  2.85  2.61100.00 55.20 91.70 325.1
 BWI 20120209  2.59  2.37100.00 54.60 91.70 366.4
 BWI 20120210  2.83  2.57 98.80 54.20 91.70 343.1
 BWI 20120211  2.82  2.38 92.00 53.90 91.70 350.2
 BWI 20120212  2.34  2.55 97.60 53.60 91.80 423.3
 BWI 20120213  2.86  2.63100.00 53.30 91.80 357.6
 BWI 20120214  3.02  2.54 91.80 53.00 91.80 346.6
 BWI 20120215  3.46  3.17100.00 52.60 91.80 312.6
 BWI 20120216  3.91  1.21 33.70 52.30 91.80 285.9
 BWI 20120217  3.93  3.61100.00 51.90 91.80 288.8
 BWI 20120218  3.73  3.42100.00 51.60 91.80 307.2
 BWI 20120219  3.85  2.15 61.00 51.20 91.80 302.8
 BWI 20120220  3.28  2.98 99.00 50.90 91.80 353.6
 BWI 20120221  3.28  2.70 89.60 50.50 91.80 359.4
 BWI 20120222  3.14  2.89100.00 50.20 91.80 378.5
 BWI 20120223  3.36  2.84 91.90 49.80 91.90 362.7
 BWI 20120224  3.91  3.08 85.80 49.50 91.90 322.7
 BWI 20120225  3.12  2.53 88.50 49.10 91.90 400.8
 BWI 20120226  4.15  3.82100.00 48.70 91.90 316.2
 BWI 20120227  4.34  3.99100.00 48.30 91.90 309.7
 BWI 20120228  4.34  3.99100.00 48.00 91.90 314.3
 BWI 20120229  5.00  0.56 12.30 47.60 91.90 283.0
 BWI 20120302  4.29  3.93100.00 46.80 91.60 332.0
 BWI 20120303  4.55  1.41 34.20 46.40 91.60 320.3
 BWI 20120304  4.00  2.88 78.60 46.10 91.60 362.5
 BWI 20120305  3.99  3.19 87.20 45.70 91.60 368.6
 BWI 20120306  5.00  4.58100.00 45.30 91.60 308.3
 BWI 20120307  5.47  5.01100.00 44.90 91.60 289.7
 BWI 20120308  5.48  4.89 97.50 44.50 91.60 293.4
 BWI 20120309  4.92  4.13 91.60 44.10 91.60 325.6
 BWI 20120310  4.91  4.50100.00 43.70 91.70 330.6
 BWI 20120313  5.50  4.97 98.70 42.50 91.70 312.9
 BWI 20120314  4.94  4.53100.00 42.10 91.70 346.8
 BWI 20120315  4.94  4.53100.00 41.70 91.70 351.6
 BWI 20120316  5.48  5.01 99.60 41.30 91.70 325.7
 BWI 20120317  5.62  5.16100.00 40.90 91.70 322.7
 BWI 20120318  5.64  3.03 58.50 40.50 91.70 325.8
 BWI 20120319  6.22  5.64 99.00 40.10 91.70 303.9
 BWI 20120320  6.48  3.08 51.70 39.70 91.70 297.0
 BWI 20120321  6.55  3.38 56.20 39.30 91.70 297.8
 BWI 20120322  6.96  5.05 79.10 38.90 91.80 286.4
 BWI 20120323  7.63  6.98 99.60 38.50 91.80 268.5
 BWI 20120324  7.24  2.93 44.10 38.10 91.80 283.6
 BWI 20120325  6.94  3.62 56.90 37.70 91.80 296.9
 BWI 20120326  6.79  6.23100.00 37.30 91.80 305.7
 BWI 20120327  6.90  6.34100.00 36.90 91.80 304.7
 BWI 20120328  6.68  4.65 75.80 36.50 91.80 316.4
 BWI 20120329  6.08  4.55 81.50 36.10 91.80 345.9
 BWI 20120330  6.46  5.88 99.10 35.70 91.80 332.0
 BWI 20120331  6.67  3.44 56.00 35.30 91.80 326.6
 BWI 20120401  6.31  4.99 85.90 34.90 91.80 345.3
 BWI 20120402  6.71  6.16100.00 34.50 91.80 331.4
 BWI 20120403  7.29  6.70100.00 34.10 91.80 311.9
 BWI 20120404  7.24  5.25 79.10 33.70 91.80 316.5
 BWI 20120405  7.41  6.81100.00 33.30 91.90 313.2
 BWI 20120406  6.24  5.73100.00 33.00 91.90 364.5
 BWI 20120407  6.59  6.06100.00 32.60 91.90 351.3
 BWI 20120408  6.62  6.08100.00 32.20 91.90 353.2
 BWI 20120409  5.95  5.46100.00 31.80 91.90 389.7
 BWI 20120410  5.74  4.78 90.80 31.40 91.90 405.0
 BWI 20120411  6.22  5.46 95.50 31.10 91.90 381.1
 BWI 20120412  5.91  5.32 98.00 30.70 91.90 401.1
 BWI 20120413  6.18  5.68100.00 30.30 91.90 389.4
 BWI 20120414  7.47  6.78 98.70 29.90 91.90 334.5
 BWI 20120415  8.21  5.63 74.50 29.60 91.90 311.6
 BWI 20120416  8.56  7.82 99.30 29.20 91.90 302.9
 BWI 20120417  8.45  7.23 93.10 28.90 91.90 308.5
 BWI 20120418  8.08  4.86 65.40 28.50 91.90 321.8
 BWI 20120419  7.89  6.10 84.00 28.10 91.90 330.6
 BWI 20120420  8.55  7.67 97.60 27.80 91.90 311.4
 BWI 20120421  8.33  7.34 95.70 27.50 91.90 319.7
 BWI 20120422  8.08  1.19 16.10 27.10 91.90 330.2
 BWI 20120423  6.87  2.79 44.20 26.80 92.00 379.8
 BWI 20120424  7.43  5.32 77.90 26.40 92.00 357.8
 BWI 20120425  6.94  6.38100.00 26.10 92.00 381.0
 BWI 20120426  7.78  1.57 22.00 25.80 92.00 348.6
 BWI 20120427  7.56  6.23 89.70 25.50 92.00 358.7
 BWI 20120428  8.47  6.24 80.00 25.10 92.00 328.3
 BWI 20120429  7.99  7.35100.00 24.80 92.00 346.2
 BWI 20120430  8.53  6.97 88.90 24.50 92.00 329.5
 BWI 20120501  8.17  6.98 92.80 24.20 92.00 342.7
 BWI 20120502  8.56  6.38 81.20 23.90 91.70 331.3
 BWI 20120503  9.04  7.29 87.90 23.60 91.70 318.1
 BWI 20120504  9.03  8.26 99.70 23.30 91.70 319.4
 BWI 20120505  8.51  7.15 91.60 23.00 91.70 336.9
 BWI 20120506  8.89  4.10 50.20 22.80 91.70 326.3
 BWI 20120507  9.55  2.33 26.60 22.50 91.70 308.9
 BWI 20120508  9.68  7.68 86.40 22.20 91.70 306.5
 BWI 20120509  9.64  8.03 90.80 22.00 91.70 308.8
 BWI 20120510  7.68  4.38 62.10 21.70 91.70 373.9
 BWI 20120511  7.46  6.84100.00 21.40 91.70 384.3
 BWI 20120512  8.48  7.78100.00 21.20 91.70 346.6
 BWI 20120513  9.04  8.17 98.50 20.90 91.70 330.1
 BWI 20120514  8.89  1.51 18.50 20.70 91.70 335.5
 BWI 20120515  8.85  5.61 69.00 20.50 91.70 337.7
 BWI 20120516  8.46  7.74 99.70 20.20 91.70 351.7
 BWI 20120517  8.70  7.68 96.20 20.00 91.70 344.6
 BWI 20120518  8.62  7.91100.00 19.80 91.80 348.0
 BWI 20120519  8.76  8.03100.00 19.60 91.80 344.3
 BWI 20120520  8.84  8.10 99.80 19.40 91.80 342.1
 BWI 20120521  9.20  5.39 63.80 19.20 91.80 332.0
 BWI 20120522  9.68  8.22 92.50 19.00 91.80 318.6
 BWI 20120523 10.17  7.28 78.00 18.80 91.80 306.9
 BWI 20120524  9.58  8.10 92.10 18.60 91.80 322.6
 BWI 20120525  9.39  7.89 91.70 18.50 91.80 328.9
 BWI 20120526 10.06  9.23100.00 18.30 91.80 311.4
 BWI 20120527 10.70  9.73 99.10 18.10 91.80 296.3
 BWI 20120528 10.64  9.75 99.90 18.00 91.80 298.1
 BWI 20120529 10.66  9.78 99.90 17.80 91.80 297.9
 BWI 20120530 10.95  4.29 42.80 17.70 91.80 292.2
 BWI 20120531 10.33  9.48100.00 17.60 91.80 306.6
 BWI 20120601 10.83  9.79 98.50 17.40 91.80 295.3
 BWI 20120602  9.44  8.58 99.10 17.30 91.80 331.2
 BWI 20120603  9.16  8.34 99.20 17.20 91.80 339.5
 BWI 20120604  8.53  7.83100.00 17.10 91.80 360.4
 BWI 20120605  8.54  7.84100.00 17.00 91.80 360.5
 BWI 20120606  8.31  7.62100.00 16.90 91.80 369.4
 BWI 20120607  8.38  7.69100.00 16.80 91.80 367.0
 BWI 20120608  8.71  7.98 99.80 16.70 91.80 355.6
 BWI 20120609  9.22  8.41 99.30 16.60 91.80 339.4
 BWI 20120610  9.91  9.07 99.70 16.60 91.80 320.0
 BWI 20120611 10.46  9.50 98.90 16.50 91.80 306.5
 BWI 20120612 10.40  1.32 13.90 16.50 91.80 308.2
 BWI 20120613  9.17  8.29 98.50 16.40 91.80 341.7
 BWI 20120614  8.99  6.70 81.20 16.40 91.80 347.7
 BWI 20120615  9.36  8.59100.00 16.30 91.80 336.3
 BWI 20120616 10.12  9.28100.00 16.30 91.80 315.5
 BWI 20120617 10.50  9.55 99.10 16.30 91.80 306.2
 BWI 20120618  9.97  3.87 42.30 16.30 91.80 319.2
 BWI 20120619 10.40  9.03 94.60 16.30 91.80 308.5
 BWI 20120620 11.17 10.21 99.60 16.30 91.80 290.9
 BWI 20120621 10.58  9.71100.00 16.30 91.80 304.1
 BWI 20120622 10.23  9.37 99.70 16.30 91.80 312.5
 BWI 20120623  8.89  8.16100.00 16.30 91.80 350.6
 BWI 20120624  9.40  8.58 99.50 16.30 91.80 334.8
 BWI 20120625  8.35  7.62 99.50 16.40 91.80 369.1
 BWI 20120626  8.69  7.93 99.50 16.40 91.80 356.7
 BWI 20120627  8.92  8.19100.00 16.50 91.80 349.0
 BWI 20120628 10.21  9.28 99.00 16.50 91.80 312.1
 BWI 20120629 10.57  9.66 99.70 16.60 91.80 303.1
 BWI 20120630 10.70  7.64 77.80 16.60 91.80 299.7
 BWI 20120701 10.25  9.38 99.70 16.70 91.80 310.4
 BWI 20120702  9.57  8.73 99.50 16.80 91.80 328.1
 BWI 20120703  9.91  9.01 99.00 16.90 91.80 318.2
 BWI 20120704  9.78  8.64 96.30 17.00 91.80 321.3
 BWI 20120705 10.28  9.39 99.50 17.10 91.80 308.2
 BWI 20120706 10.07  9.25100.00 17.20 91.80 313.0
 BWI 20120707 10.93  8.45 84.20 17.30 91.80 292.5
 BWI 20120708 10.46  9.34 97.30 17.40 91.80 302.6
 BWI 20120709 10.24  7.09 75.50 17.60 91.80 307.7
 BWI 20120710 10.40  9.16 96.00 17.70 91.80 303.1
 BWI 20120711 10.39  9.04 94.80 17.80 91.80 302.8
 BWI 20120712  9.81  8.85 98.30 18.00 91.80 317.0
 BWI 20120713 10.36  4.21 44.30 18.10 91.80 302.5
 BWI 20120714 10.57  3.97 41.10 18.30 91.80 297.2
 BWI 20120715 10.66  9.69 99.00 18.50 91.80 294.5
 BWI 20120716  9.67  8.88100.00 18.60 91.80 318.2
 BWI 20120717 10.58  9.71100.00 18.80 91.80 295.3
 BWI 20120718 10.04  9.21100.00 19.00 91.80 307.6
 BWI 20120719 10.37  9.24 97.10 19.20 91.80 298.8
 BWI 20120720 10.51  4.94 51.20 19.40 91.80 294.9
 BWI 20120721  9.96  8.39 91.90 19.60 91.80 307.5
 BWI 20120722 10.03  6.59 71.70 19.80 91.80 305.1
 BWI 20120723 10.12  7.76 83.70 20.00 91.70 302.0
 BWI 20120724 10.02  9.03 98.30 20.20 91.70 303.6
 BWI 20120725  9.97  9.15100.00 20.50 91.70 303.8
 BWI 20120726 10.25  9.41100.00 20.70 91.70 296.0
 BWI 20120727 10.31  9.24 97.70 20.90 91.70 293.8
 BWI 20120728  9.91  9.09100.00 21.20 91.70 302.3
 BWI 20120729  9.35  8.57100.00 21.40 91.70 316.1
 BWI 20120730  9.68  8.82 99.30 21.70 91.70 306.1
 BWI 20120731  9.31  7.36 86.20 22.00 91.70 314.8
 BWI 20120801  9.66  6.30 71.10 22.20 91.70 304.3
 BWI 20120802  9.61  8.81100.00 22.50 91.70 304.5
 BWI 20120803  9.96  9.08 99.40 22.80 91.70 294.6
 BWI 20120804  9.75  8.94100.00 23.00 91.70 298.5
 BWI 20120805 10.15  8.90 95.60 23.30 91.70 287.7
 BWI 20120806  9.58  8.61 98.00 23.60 91.70 300.0
 BWI 20120807  9.24  6.80 80.30 23.90 91.70 308.1
 BWI 20120808  8.77  7.03 87.40 24.20 91.70 319.8
 BWI 20120809  9.25  8.48100.00 24.50 91.70 305.0
 BWI 20120810  9.30  5.32 62.40 24.80 91.70 302.0
 BWI 20120811  9.35  7.86 91.80 25.10 91.70 299.2
 BWI 20120812  9.20  8.31 98.50 25.50 91.70 301.6
 BWI 20120813  9.53  8.39 95.90 25.80 91.70 291.6
 BWI 20120815  8.86  7.59 93.40 26.40 91.70 306.0
 BWI 20120816  8.62  7.90100.00 26.80 91.70 311.3
 BWI 20120817  9.13  8.36 99.90 27.10 91.70 295.2
 BWI 20120818  8.73  7.87 98.40 27.50 91.70 304.3
 BWI 20120819  8.37  7.60 99.00 27.80 91.70 313.1
 BWI 20120820  8.58  7.28 92.60 28.10 91.60 304.6
 BWI 20120825  8.75  2.37 29.60 29.90 91.60 290.2
 BWI 20120826  8.42  7.60 98.50 30.30 91.60 297.1
 BWI 20120827  8.49  7.59 97.60 30.70 91.60 292.8
 BWI 20120828  8.15  7.01 93.90 31.10 91.60 300.3
 BWI 20120831  8.21  7.52100.00 32.20 91.60 291.5
 BWI 20120901  8.10  6.92 93.30 32.60 91.60 292.2
 BWI 20120902  8.14  4.08 54.60 33.00 91.90 288.6
 BWI 20120903  8.32  4.77 62.60 33.30 91.90 280.6
 BWI 20120905  8.33  6.41 83.90 34.10 91.80 275.5
 BWI 20120906  7.79  7.11 99.40 34.50 91.80 288.7
 BWI 20120907  7.40  6.78 99.80 34.90 91.80 298.1
 BWI 20120908  7.51  6.87 99.60 35.30 91.80 291.8
 BWI 20120909  6.96  6.39100.00 35.70 91.80 307.6
 BWI 20120910  6.83  6.27100.00 36.10 91.80 309.3
 BWI 20120911  7.22  6.63100.00 36.50 91.80 292.5
 BWI 20120912  6.92  6.35100.00 36.90 91.80 299.5
 BWI 20120913  7.16  6.57100.00 37.30 91.80 288.6
 BWI 20120914  7.23  6.39 96.20 37.70 91.80 282.8
 BWI 20120915  6.86  6.30100.00 38.10 91.80 292.3
 BWI 20120916  6.54  5.95 99.20 38.50 91.80 300.5
 BWI 20120917  6.46  5.84 98.50 38.90 91.80 300.1
 BWI 20120919  6.70  6.14100.00 39.70 91.70 285.0
 BWI 20120920  6.69  6.14100.00 40.10 91.70 281.5
 BWI 20120922  6.65  6.09 99.80 40.90 91.70 276.5
 BWI 20120923  6.10  5.59100.00 41.30 91.70 293.8
 BWI 20120924  5.48  5.02100.00 41.70 91.70 317.2
 BWI 20120925  5.82  5.33100.00 42.10 91.70 297.7
 BWI 20120926  6.17  4.10 72.30 42.50 91.70 279.8
 BWI 20120927  5.91  4.22 77.90 42.90 91.70 286.3
 BWI 20120928  5.95  4.79 87.80 43.30 91.70 280.9
 BWI 20120929  5.23  4.69 97.80 43.70 91.70 309.3
 BWI 20120930  5.04  4.29 92.80 44.10 91.60 314.7
 BWI 20121001  5.78  4.09 77.50 44.50 91.60 276.4
 BWI 20121002  5.95  1.91 34.90 45.30 91.60 262.2
 BWI 20121003  6.12  3.38 60.20 45.70 91.60 252.9
 BWI 20121004  5.98  1.90 34.60 46.10 91.60 254.3
 BWI 20121005  5.52  5.05100.00 46.40 91.60 268.2
 BWI 20121006  5.39  4.41 89.20 46.80 91.60 269.5
 BWI 20121007  4.97  1.30 28.70 47.20 91.60 284.3
 BWI 20121008  4.76  1.97 45.00 47.60 91.60 290.9
 BWI 20121009  4.50  1.44 34.80 48.00 91.60 299.9
 BWI 20121010  4.43  3.62 89.30 48.30 91.50 299.5
 BWI 20121012  4.25  3.86 99.10 49.10 91.50 301.0
 BWI 20121013  4.30  3.94100.00 49.50 91.50 293.4
 BWI 20121014  4.63  4.22 99.60 49.80 91.50 271.6
 BWI 20121015  4.50  0.63 15.20 50.20 91.50 273.7
 BWI 20121016  4.01  3.67100.00 50.50 91.50 297.6
 BWI 20121017  4.12  3.54 93.90 50.90 91.50 286.3
 BWI 20121018  4.23  3.58 92.50 51.20 91.50 276.1
 BWI 20121019  4.19  2.09 54.50 51.60 91.50 274.1
 BWI 20121020  3.91  3.58100.00 51.90 91.50 286.1
 BWI 20121021  3.82  3.49100.00 52.30 91.40 287.9
 BWI 20121022  3.99  3.64100.00 52.60 91.40 273.2
 BWI 20121023  3.96  3.61 99.70 53.00 91.40 270.5
 BWI 20121024  3.84  3.51100.00 53.30 91.40 273.1
 BWI 20121025  4.07  2.38 63.80 53.60 91.40 255.8
 BWI 20121026  4.06  2.44 65.90 53.90 91.40 252.7
 BWI 20121027  4.05  3.01 81.30 54.20 91.40 248.8
 BWI 20121028  3.94  1.21 33.50 54.60 91.40 250.6
 BWI 20121029  3.88  0.17  4.80 54.90 91.40 249.8
 BWI 20121030  3.65  0.47 14.20 55.20 91.40 258.7
 BWI 20121031  3.48  2.57 80.70 55.50 91.40 266.0
 BWI 20121101  3.07  2.04 72.60 55.80 91.40 292.5
 BWI 20121102  2.76  2.33 91.90 55.80 91.70 320.8
 BWI 20121103  2.80  1.65 64.10 56.10 91.70 312.2
 BWI 20121104  2.88  2.64100.00 56.30 91.70 299.6
 BWI 20121105  2.66  2.44100.00 56.60 91.70 316.9
 BWI 20121106  2.45  2.25100.00 56.90 91.70 335.8
 BWI 20121107  2.36  0.62 28.40 57.20 91.70 342.8
 BWI 20121108  2.42  2.18 98.40 57.40 91.70 330.6
 BWI 20121109  2.83  2.59100.00 57.70 91.60 283.1
 BWI 20121110  3.05  2.76 98.50 58.00 91.60 261.2
 BWI 20121111  3.18  2.91100.00 58.20 91.60 249.1
 BWI 20121112  3.22  2.74 92.90 58.40 91.60 243.1
 BWI 20121113  2.84  1.24 48.40 58.70 91.60 266.4
 BWI 20121114  2.64  2.42100.00 58.90 91.60 280.1
 BWI 20121115  2.58  2.23 94.60 59.10 91.60 282.0
 BWI 20121116  2.39  2.19100.00 59.40 91.60 297.5
 BWI 20121117  2.33  2.13100.00 59.60 91.60 300.0
 BWI 20121118  2.51  2.28 99.30 59.80 91.60 277.0
 BWI 20121119  2.69  2.47100.00 60.00 91.60 257.3
 BWI 20121120  2.66  2.25 92.50 60.20 91.60 256.7
 BWI 20121121  2.25  2.06100.00 60.40 91.60 294.7
 BWI 20121122  2.37  2.17100.00 60.60 91.60 278.4
 BWI 20121123  2.56  2.30 98.10 60.80 91.60 257.2
 BWI 20121124  1.91  1.53 87.60 60.90 91.60 331.7
 BWI 20121125  2.08  1.75 91.60 61.10 91.60 302.6
 BWI 20121126  2.14  1.96100.00 61.30 91.60 292.3
 BWI 20121127  2.04  0.53 28.70 61.40 91.50 302.4
 BWI 20121128  1.86  1.82100.00 61.60 91.50 325.2
 BWI 20121129  2.15  1.96 99.60 61.70 91.50 283.7
 BWI 20121130  2.15  1.92 97.70 61.80 91.50 280.9
 BWI 20121201  2.07  1.70 89.20 62.00 91.50 287.8
 BWI 20121202  2.02  1.57 85.10 62.10 91.50 292.7
 BWI 20121203  1.97  1.80100.00 62.20 91.50 296.5
 BWI 20121204  1.95  1.64 91.60 62.30 91.50 296.7
 BWI 20121205  2.06  1.87 99.20 62.40 91.50 280.7
 BWI 20121206  2.04  1.86 99.60 62.50 91.50 281.4
 BWI 20121207  2.23  0.96 46.50 62.60 91.50 259.0
 BWI 20121208  1.87  1.70 99.40 62.70 91.50 301.6
 BWI 20121209  1.72  0.25 15.90 62.80 91.50 323.4
 BWI 20121210  1.86  0.68 40.20 62.80 91.50 300.3
 BWI 20121211  1.96  1.67 92.80 62.90 91.50 284.3
 BWI 20121212  1.96  1.42 79.40 62.90 91.50 283.7
 BWI 20121213  1.90  1.69 97.50 63.00 91.50 290.9
 BWI 20121214  1.93  1.76100.00 63.00 91.50 286.5
 BWI 20121215  1.94  1.67 94.10 63.10 91.50 283.9
 BWI 20121216  1.91  0.89 51.10 63.10 91.50 288.1
 BWI 20121217  1.88  1.24 72.20 63.10 91.50 291.6
 BWI 20121218  1.69  1.45 93.50 63.10 91.50 319.7
 BWI 20121219  1.90  1.70 97.80 63.10 91.50 287.4
 BWI 20121220  2.02  1.37 74.20 63.10 91.50 272.8
 BWI 20121221  1.76  1.40 86.60 63.10 91.50 309.3
 BWI 20121222  1.61  1.23 83.20 63.10 91.50 335.3
 BWI 20121223  1.80  1.64100.00 63.10 91.50 304.2
 BWI 20121224  1.78  1.50 92.10 63.10 91.50 307.5
 BWI 20121225  1.80  1.64100.00 63.00 91.50 305.4
 BWI 20121226  1.78  0.41 25.20 63.00 91.50 308.6
 BWI 20121227  1.62  1.49 97.70 62.90 91.50 339.0
 BWI 20121228  1.87  1.67 97.50 62.90 91.50 297.1
 BWI 20121229  1.73  0.38 21.30 62.80 91.50 322.0
 BWI 20121230  1.56  1.66100.00 62.80 91.50 356.8
 BWI 20121231  1.85  1.61 91.60 62.70 91.50 305.6
 BWI 20130101  1.92  0.98 55.90 62.60 91.50 296.2
