 ELP 20120102  3.49  3.30100.00 55.10 94.50 290.7
 ELP 20120103  3.60  3.40100.00 55.00 94.50 284.4
 ELP 20120104  3.28  3.10100.00 54.90 94.50 310.2
 ELP 20120105  3.53  3.34100.00 54.80 94.50 292.4
 ELP 20120106  3.66  3.46100.00 54.70 94.50 285.5
 ELP 20120107  3.89  3.66 99.60 54.60 94.50 272.8
 ELP 20120108  3.48  2.80 85.30 54.50 94.50 302.4
 ELP 20120109  3.24  2.93 95.90 54.30 94.50 324.4
 ELP 20120110  3.49  3.30100.00 54.20 94.50 305.6
 ELP 20120111  3.88  3.64 99.10 54.00 94.50 281.0
 ELP 20120112  3.70  3.38 96.70 53.90 94.50 295.6
 ELP 20120113  3.53  3.33100.00 53.70 94.50 310.4
 ELP 20120114  3.94  3.72100.00 53.50 94.50 284.7
 ELP 20120115  4.15  3.83 97.60 53.40 94.50 274.7
 ELP 20120116  4.45  1.56 36.90 53.20 94.50 261.1
 ELP 20120117  4.75  4.49100.00 53.00 94.50 249.6
 ELP 20120118  4.51  4.26100.00 52.80 94.50 263.2
 ELP 20120119  4.69  4.38 98.80 52.60 94.50 256.9
 ELP 20120120  4.68  4.38 99.10 52.40 94.50 259.8
 ELP 20120121  4.84  4.55 99.50 52.20 94.50 255.2
 ELP 20120122  4.62  4.37100.00 52.00 94.50 267.8
 ELP 20120123  4.61  4.36100.00 51.80 94.50 270.9
 ELP 20120124  3.84  3.62 99.70 51.50 94.50 319.7
 ELP 20120125  4.34  4.10 99.90 51.30 94.50 291.2
 ELP 20120126  4.89  4.62100.00 51.10 94.50 265.7
 ELP 20120127  5.02  4.74100.00 50.80 94.50 262.8
 ELP 20120128  4.25  3.96 98.60 50.60 94.50 305.6
 ELP 20120129  4.27  4.04100.00 50.30 94.50 308.0
 ELP 20120130  4.40  4.16100.00 50.10 94.60 303.6
 ELP 20120131  4.53  4.28100.00 49.80 94.60 299.2
 ELP 20120201  4.85  4.58100.00 49.50 94.60 286.0
 ELP 20120202  4.80  4.54100.00 49.20 94.60 291.8
 ELP 20120203  4.92  4.66100.00 49.00 94.60 289.2
 ELP 20120204  5.21  4.76 96.70 48.70 94.60 278.8
 ELP 20120205  5.59  5.28 99.80 48.40 94.60 266.0
 ELP 20120206  5.68  5.36 99.70 48.10 94.60 265.7
 ELP 20120207  5.66  5.35 99.80 47.80 94.60 269.7
 ELP 20120209  4.29  2.68 65.70 47.20 94.60 349.6
 ELP 20120210  5.35  5.06100.00 46.90 94.60 293.0
 ELP 20120211  5.94  5.62100.00 46.50 94.60 271.6
 ELP 20120212  5.53  2.64 50.60 46.20 94.60 292.0
 ELP 20120213  5.38  5.09100.00 45.90 94.60 301.8
 ELP 20120214  5.51  4.17 79.90 45.60 94.60 299.5
 ELP 20120215  5.49  5.19100.00 45.20 94.60 304.3
 ELP 20120216  5.39  4.99 97.80 44.90 94.60 312.4
 ELP 20120217  5.14  4.39 90.30 44.60 94.60 329.6
 ELP 20120218  5.51  5.21 99.80 44.20 94.60 314.3
 ELP 20120219  5.45  5.16100.00 43.90 94.60 321.4
 ELP 20120220  4.87  4.61100.00 43.50 94.70 357.7
 ELP 20120221  4.87  4.60100.00 43.20 94.70 362.9
 ELP 20120222  5.31  5.03100.00 42.80 94.70 340.3
 ELP 20120223  6.19  5.85 99.90 42.40 94.70 302.6
 ELP 20120224  6.64  6.29100.00 42.10 94.70 288.9
 ELP 20120225  6.63  6.27100.00 41.70 94.70 292.8
 ELP 20120226  6.61  6.26100.00 41.30 94.70 296.5
 ELP 20120227  6.69  6.34100.00 41.00 94.70 296.9
 ELP 20120228  7.02  6.64100.00 40.60 94.70 289.0
 ELP 20120229  7.16  6.78100.00 40.20 94.70 287.3
 ELP 20120302  6.96  6.54100.00 39.40 94.00 301.0
 ELP 20120303  6.23  5.86100.00 39.10 94.10 333.6
 ELP 20120304  6.80  6.40100.00 38.70 94.10 313.5
 ELP 20120305  7.80  7.32 99.70 38.30 94.10 282.5
 ELP 20120306  7.97  7.49100.00 37.90 94.10 280.6
 ELP 20120307  8.57  8.06100.00 37.50 94.10 267.4
 ELP 20120308  7.26  6.61 96.80 37.10 94.10 309.7
 ELP 20120309  7.76  7.29 99.80 36.70 94.10 296.3
 ELP 20120310  6.92  3.44 52.80 36.30 94.10 329.2
 ELP 20120313  9.06  8.52 99.90 35.10 94.10 271.4
 ELP 20120314  8.59  7.85 97.10 34.70 94.10 286.3
 ELP 20120315  9.03  7.42 87.50 34.30 94.10 277.2
 ELP 20120316  8.61  8.11100.00 33.90 94.10 291.1
 ELP 20120317  9.12  8.59100.00 33.50 94.10 279.9
 ELP 20120318  8.49  6.85 85.50 33.10 94.10 299.7
 ELP 20120319  6.91  4.76 73.20 32.70 94.10 359.3
 ELP 20120320  6.79  6.10 95.50 32.30 94.10 368.1
 ELP 20120321  8.43  7.94100.00 31.90 94.10 310.0
 ELP 20120322  9.35  8.80100.00 31.50 94.10 287.0
 ELP 20120323  9.85  9.28100.00 31.10 94.10 277.1
 ELP 20120324 10.54  9.93100.00 30.70 94.20 264.4
 ELP 20120325 10.70 10.08100.00 30.30 94.20 263.3
 ELP 20120326  9.16  8.63100.00 29.90 94.20 301.6
 ELP 20120327 10.19  9.60100.00 29.50 94.20 278.4
 ELP 20120328 10.53  9.91100.00 29.10 94.20 273.3
 ELP 20120329 10.55  9.94100.00 28.70 94.20 274.7
 ELP 20120330  9.64  9.08100.00 28.30 94.20 298.0
 ELP 20120331 10.06  9.48100.00 27.90 94.20 289.9
 ELP 20120401 10.10  9.51100.00 27.50 94.20 291.1
 ELP 20120402  9.10  8.52 99.40 27.10 94.20 319.4
 ELP 20120403  9.50  8.92 99.70 26.70 94.20 310.3
 ELP 20120404 10.70 10.08100.00 26.30 94.20 283.2
 ELP 20120405 11.12 10.39 99.30 26.00 94.20 276.3
 ELP 20120406 11.03 10.40100.00 25.60 94.20 279.6
 ELP 20120407 11.48  7.79 72.10 25.20 94.20 272.8
 ELP 20120408 11.70 11.01 99.90 24.80 94.20 270.2
 ELP 20120409 11.77 10.90 98.30 24.40 94.20 270.3
 ELP 20120410 11.75 10.89 98.40 24.00 94.20 272.2
 ELP 20120411 11.02  9.34 90.00 23.70 94.20 288.4
 ELP 20120412 10.43  9.78 99.50 23.30 94.20 303.1
 ELP 20120413 10.38  9.75 99.70 22.90 94.20 306.0
 ELP 20120414  9.70  9.14100.00 22.60 94.20 325.1
 ELP 20120415  8.50  8.01100.00 22.20 94.20 364.6
 ELP 20120416  8.80  8.30100.00 21.80 94.20 355.8
 ELP 20120417 10.11  9.53100.00 21.50 94.20 318.7
 ELP 20120418 10.56  9.95100.00 21.10 94.20 309.4
 ELP 20120419 10.15  9.56 99.90 20.80 94.20 320.7
 ELP 20120420 10.35  9.76100.00 20.40 94.20 317.1
 ELP 20120421 10.69 10.08100.00 20.10 94.20 310.4
 ELP 20120422 10.78 10.15 99.90 19.70 94.30 309.6
 ELP 20120423 11.19 10.55100.00 19.40 94.30 300.9
 ELP 20120424 11.92 11.23100.00 19.10 94.30 287.1
 ELP 20120425 12.93 12.11 99.40 18.70 94.30 269.4
 ELP 20120426 12.47  9.75 83.00 18.40 94.30 278.2
 ELP 20120427 11.51 10.85100.00 18.10 94.30 298.1
 ELP 20120428 11.27 10.63100.00 17.80 94.30 304.4
 ELP 20120429 11.22 10.58100.00 17.50 94.30 306.5
 ELP 20120430 11.40 10.74100.00 17.10 94.30 303.6
 ELP 20120501 11.42 10.77100.00 16.80 94.30 304.1
 ELP 20120502 11.52 10.78100.00 16.50 93.60 302.8
 ELP 20120503 11.56 10.81 99.90 16.20 93.60 302.7
 ELP 20120504 11.85 11.09100.00 16.00 93.60 297.5
 ELP 20120505 12.01 11.02 98.00 15.70 93.60 295.0
 ELP 20120506 11.78 11.03100.00 15.40 93.60 300.4
 ELP 20120507 10.98 10.04 97.70 15.10 93.60 319.3
 ELP 20120508 10.17  9.40 98.80 14.80 93.60 340.8
 ELP 20120509 10.36  8.33 85.90 14.60 93.60 336.1
 ELP 20120510 10.55  8.16 82.60 14.30 93.60 331.9
 ELP 20120511 10.99 10.29100.00 14.10 93.60 321.4
 ELP 20120512 11.39 10.66100.00 13.80 93.60 312.8
 ELP 20120513 11.34 10.61100.00 13.60 93.60 314.5
 ELP 20120514 10.28  9.60 99.70 13.30 93.60 341.1
 ELP 20120515 11.93 11.17100.00 13.10 93.60 302.4
 ELP 20120516 12.04 11.27100.00 12.90 93.60 300.6
 ELP 20120517 11.69 10.95100.00 12.60 93.60 308.5
 ELP 20120518 12.38 11.59100.00 12.40 93.60 294.8
 ELP 20120519 12.22 11.44100.00 12.20 93.60 298.2
 ELP 20120520 12.39 11.60100.00 12.00 93.60 295.3
 ELP 20120521 12.55 11.76100.00 11.80 93.60 292.6
 ELP 20120522 11.74 11.00100.00 11.60 93.60 309.4
 ELP 20120523 12.64 11.84100.00 11.40 93.70 291.7
 ELP 20120524 11.98 11.22100.00 11.30 93.70 305.0
 ELP 20120525 12.78 11.96 99.90 11.10 93.70 289.7
 ELP 20120526 13.40 11.71 93.30 10.90 93.70 278.7
 ELP 20120527 12.93 12.11100.00 10.80 93.70 287.6
 ELP 20120528 12.96 12.13100.00 10.60 93.70 287.3
 ELP 20120529 12.97 12.15100.00 10.50 93.70 287.2
 ELP 20120530 12.47 11.67100.00 10.30 93.70 296.9
 ELP 20120531 11.79 10.74 97.30 10.20 93.70 311.2
 ELP 20120601 12.09 11.32100.00 10.10 93.70 304.9
 ELP 20120602 11.98 11.22100.00  9.90 93.70 307.5
 ELP 20120603 12.10 11.06 97.60  9.80 93.70 305.1
 ELP 20120604 12.03 11.13 98.80  9.70 93.70 306.5
 ELP 20120605 12.08 10.83 95.80  9.60 93.70 305.7
 ELP 20120606 11.71 10.97100.00  9.50 93.70 313.6
 ELP 20120607 12.11 11.34100.00  9.40 93.70 305.2
 ELP 20120608 12.00 11.24100.00  9.30 93.70 307.5
 ELP 20120609 12.17 11.40100.00  9.30 93.70 304.0
 ELP 20120610 12.89 12.07100.00  9.20 93.70 290.2
 ELP 20120611 13.26 12.41 99.90  9.10 93.70 283.5
 ELP 20120612 13.43 12.54 99.70  9.10 93.70 280.3
 ELP 20120613 13.00 11.85 97.30  9.00 93.70 288.3
 ELP 20120614 12.81 12.00100.00  9.00 93.70 291.8
 ELP 20120615 12.45 11.66100.00  9.00 93.70 298.5
 ELP 20120616 12.68 11.83 99.60  8.90 93.70 294.2
 ELP 20120617 13.08 12.25100.00  8.90 93.70 286.8
 ELP 20120618 12.59 11.79100.00  8.90 93.70 295.8
 ELP 20120619 12.31 11.53100.00  8.90 93.70 301.1
 ELP 20120620 12.31 11.53100.00  8.90 93.70 301.1
 ELP 20120621 13.09 12.25 99.90  8.90 93.70 286.5
 ELP 20120622 12.74 11.94100.00  8.90 93.70 292.8
 ELP 20120623 12.54 11.75100.00  8.90 93.70 296.5
 ELP 20120624 12.96 12.13100.00  9.00 93.70 288.8
 ELP 20120625 12.67 11.86100.00  9.00 93.70 294.0
 ELP 20120626 12.72 11.92100.00  9.00 93.70 292.9
 ELP 20120627 12.62 11.82100.00  9.10 93.70 294.8
 ELP 20120628 13.11 12.25 99.80  9.10 93.70 285.6
 ELP 20120629 12.93 12.09 99.80  9.20 93.70 288.7
 ELP 20120630 13.22 12.38100.00  9.30 93.70 283.3
 ELP 20120701 12.91 12.10100.00  9.30 93.70 288.9
 ELP 20120702 12.70 11.90100.00  9.40 93.70 292.7
 ELP 20120703 12.82 11.40 95.00  9.50 93.70 290.5
 ELP 20120704 13.06 11.68 95.40  9.60 93.70 285.8
 ELP 20120705 12.50 11.47 98.00  9.70 93.70 296.1
 ELP 20120706 12.24 11.47100.00  9.80 93.70 300.7
 ELP 20120707 12.02 11.26100.00  9.90 93.70 305.3
 ELP 20120708 12.03 11.27100.00 10.10 93.70 304.8
 ELP 20120709 12.10 10.69 94.30 10.20 93.70 303.1
 ELP 20120710 12.70  4.56 38.30 10.30 93.70 291.2
 ELP 20120711 12.64 11.65 98.40 10.50 93.70 292.0
 ELP 20120712 12.52 11.73100.00 10.60 93.70 293.9
 ELP 20120713 12.29 11.39 99.00 10.80 93.70 297.9
 ELP 20120714 12.29 11.48 99.80 10.90 93.70 297.6
 ELP 20120715 12.52 11.73100.00 11.10 93.70 292.9
 ELP 20120716 12.56 11.74 99.80 11.30 93.70 291.7
 ELP 20120717 12.89 11.92 98.70 11.40 93.70 285.2
 ELP 20120718 12.33 11.10 96.20 11.60 93.60 295.4
 ELP 20120719 12.22 11.45100.00 11.80 93.60 297.0
 ELP 20120720 12.71 11.89100.00 12.00 93.60 287.4
 ELP 20120721 12.37 11.58100.00 12.20 93.60 293.4
 ELP 20120722 12.06 10.09 89.50 12.40 93.60 298.8
 ELP 20120723 11.88 10.70 96.20 12.60 93.60 302.1
 ELP 20120724 12.43 11.37 97.70 12.90 93.60 290.9
 ELP 20120725 12.57 11.73 99.60 13.10 93.60 287.7
 ELP 20120726 12.40 11.33 97.60 13.30 93.60 290.4
 ELP 20120727 12.67 11.05 93.30 13.60 93.60 284.8
 ELP 20120728 12.48 11.69100.00 13.80 93.60 287.8
 ELP 20120729 12.52 11.73100.00 14.10 93.60 286.4
 ELP 20120730 12.63 11.83100.00 14.30 93.60 283.8
 ELP 20120731 12.12 11.35100.00 14.60 93.60 293.1
 ELP 20120801 12.37 11.55 99.80 14.80 93.60 287.7
 ELP 20120802 12.24 11.46100.00 15.10 93.60 289.5
 ELP 20120803 12.00 11.23 99.90 15.40 93.60 293.4
 ELP 20120804 11.71 10.95 99.90 15.70 93.60 298.4
 ELP 20120805 11.59 10.84 99.90 16.00 93.60 299.7
 ELP 20120806 12.03 11.26100.00 16.20 93.60 290.3
 ELP 20120807 12.05 11.28 99.90 16.50 93.60 288.9
 ELP 20120808 12.04 11.27100.00 16.80 93.60 288.2
 ELP 20120809 12.41 11.62100.00 17.10 93.60 279.9
 ELP 20120810 12.02 11.25100.00 17.50 93.60 286.8
 ELP 20120811 11.86 11.10100.00 17.80 93.60 289.1
 ELP 20120812 11.82 11.06 99.90 18.10 93.60 288.8
 ELP 20120813 11.88 10.96 98.60 18.40 93.60 286.6
 ELP 20120815 11.93  9.46 84.80 19.10 93.60 283.5
 ELP 20120816 12.13  9.77 86.20 19.40 93.60 278.5
 ELP 20120817 12.04  7.67 68.10 19.70 93.60 279.1
 ELP 20120818 11.96 11.19100.00 20.10 93.60 279.6
 ELP 20120819 11.71 10.96100.00 20.40 93.60 283.3
 ELP 20120820 11.65 10.91100.00 20.80 93.60 283.1
 ELP 20120825 11.07 10.36100.00 22.60 93.60 288.3
 ELP 20120826 11.20 10.46 99.80 22.90 93.60 283.9
 ELP 20120827 11.32 10.59100.00 23.30 93.60 279.6
 ELP 20120828 11.17 10.46100.00 23.70 93.60 281.2
 ELP 20120831 11.13 10.41100.00 24.80 93.60 277.6
 ELP 20120901 11.20 10.48100.00 25.20 93.50 274.6
 ELP 20120902 10.78 10.15100.00 25.60 94.20 281.4
 ELP 20120903 11.26 10.60100.00 26.00 94.20 270.0
 ELP 20120905 11.01 10.29 99.20 26.70 94.20 271.2
 ELP 20120906 10.72 10.09100.00 27.10 94.20 275.3
 ELP 20120907 10.55  9.93100.00 27.50 94.20 276.9
 ELP 20120908 10.19  9.53 99.20 27.90 94.20 282.7
 ELP 20120909 10.08  9.25 97.50 28.30 94.20 283.4
 ELP 20120910 10.00  9.41100.00 28.70 94.20 283.1
 ELP 20120911 10.07  9.05 95.50 29.10 94.20 279.3
 ELP 20120912 10.20  9.59 99.80 29.50 94.20 274.4
 ELP 20120913  9.72  8.94 97.70 29.90 94.20 283.2
 ELP 20120914  9.23  8.69100.00 30.30 94.20 293.4
 ELP 20120915  9.13  8.59100.00 30.70 94.20 293.7
 ELP 20120916  9.44  8.89100.00 31.10 94.10 283.0
 ELP 20120917  9.30  8.76100.00 31.50 94.10 284.2
 ELP 20120919  9.01  8.48100.00 32.30 94.10 286.7
 ELP 20120920  8.92  8.40100.00 32.70 94.10 286.5
 ELP 20120922  8.63  8.12100.00 33.50 94.10 289.3
 ELP 20120923  8.78  8.26100.00 33.90 94.10 282.4
 ELP 20120924  8.85  8.28 99.50 34.30 94.10 277.9
 ELP 20120925  8.48  7.98100.00 34.70 94.10 285.2
 ELP 20120926  8.71  7.85 95.80 35.10 94.10 276.2
 ELP 20120927  8.84  4.91 59.20 35.50 94.10 270.4
 ELP 20120928  8.86  6.97 83.70 35.90 94.10 267.1
 ELP 20120929  8.63  8.12100.00 36.30 94.10 270.3
 ELP 20120930  8.24  7.75100.00 36.70 94.10 277.7
 ELP 20121001  7.95  7.48100.00 37.10 94.10 283.1
 ELP 20121002  7.49  7.04100.00 37.90 94.10 291.5
 ELP 20121003  7.73  7.27100.00 38.30 94.10 280.7
 ELP 20121004  7.68  7.22100.00 38.70 94.10 279.1
 ELP 20121005  7.77  7.31100.00 39.10 94.10 273.6
 ELP 20121006  7.88  7.41100.00 39.40 94.00 267.4
 ELP 20121007  7.89  6.94 93.60 39.80 94.00 264.3
 ELP 20121008  7.62  7.17100.00 40.20 94.00 269.0
 ELP 20121009  7.45  7.00 99.90 40.60 94.00 271.2
 ELP 20121010  7.58  7.12100.00 41.00 94.00 264.3
 ELP 20121012  7.73  7.27100.00 41.70 94.00 254.2
 ELP 20121013  7.31  6.87100.00 42.10 94.00 263.0
 ELP 20121014  7.33  6.89100.00 42.40 94.00 259.2
 ELP 20121015  7.46  6.53 93.20 42.80 94.00 253.0
 ELP 20121016  6.93  6.00 92.30 43.20 94.00 265.5
 ELP 20121017  7.06  6.58 99.10 43.50 94.00 258.1
 ELP 20121018  7.21  6.77100.00 43.90 94.00 251.1
 ELP 20121019  7.27  6.83100.00 44.20 94.00 246.3
 ELP 20121020  7.35  4.75 68.80 44.60 94.00 240.7
 ELP 20121021  7.40  6.95100.00 44.90 94.00 237.0
 ELP 20121022  7.22  6.79100.00 45.20 94.00 238.7
 ELP 20121023  6.84  6.36 98.90 45.60 93.90 247.0
 ELP 20121024  6.66  6.01 96.00 45.90 93.90 249.6
 ELP 20121025  6.52  6.12100.00 46.20 93.90 251.3
 ELP 20121026  6.16  5.78100.00 46.50 93.90 260.2
 ELP 20121027  6.12  5.72 99.60 46.90 93.90 258.6
 ELP 20121028  5.45  5.12100.00 47.20 93.90 281.2
 ELP 20121029  5.52  5.18100.00 47.50 93.90 275.5
 ELP 20121030  5.71  5.36100.00 47.80 93.90 264.6
 ELP 20121031  5.66  5.31100.00 48.10 93.90 263.4
 ELP 20121101  5.19  4.87100.00 48.40 93.90 279.6
 ELP 20121102  5.33  5.04100.00 48.40 94.60 274.0
 ELP 20121103  5.05  4.70 98.50 48.70 94.60 283.3
 ELP 20121104  4.82  4.55100.00 49.00 94.60 291.4
 ELP 20121105  4.93  4.66100.00 49.20 94.60 282.3
 ELP 20121106  4.86  4.60100.00 49.50 94.60 282.1
 ELP 20121107  4.93  4.66100.00 49.80 94.60 275.8
 ELP 20121108  4.88  3.66 79.20 50.10 94.60 274.9
 ELP 20121109  4.92  4.56 98.20 50.30 94.50 270.6
 ELP 20121110  4.70  2.56 57.70 50.60 94.50 278.0
 ELP 20121111  4.58  4.33100.00 50.80 94.50 281.2
 ELP 20121112  4.87  4.60 99.90 51.10 94.50 264.4
 ELP 20121113  4.78  4.52100.00 51.30 94.50 265.7
 ELP 20121114  4.96  4.64 99.00 51.50 94.50 255.2
 ELP 20121115  5.07  4.14 86.40 51.80 94.50 248.2
 ELP 20121116  4.93  3.07 65.90 52.00 94.50 251.4
 ELP 20121117  4.89  2.81 61.10 52.20 94.50 251.0
 ELP 20121118  4.83  4.18 91.50 52.40 94.50 251.1
 ELP 20121119  4.91  4.28 92.10 52.60 94.50 245.2
 ELP 20121120  4.81  4.49 99.00 52.80 94.50 247.6
 ELP 20121121  4.72  3.46 77.80 53.00 94.50 249.1
 ELP 20121122  4.37  4.13100.00 53.20 94.50 263.4
 ELP 20121123  4.18  3.95100.00 53.40 94.50 271.5
 ELP 20121124  4.00  3.78100.00 53.50 94.50 279.0
 ELP 20121125  4.13  3.90100.00 53.70 94.50 269.8
 ELP 20121126  4.20  3.97100.00 53.90 94.50 263.2
 ELP 20121127  4.21  3.98100.00 54.00 94.50 260.8
 ELP 20121128  4.26  4.02 99.70 54.20 94.50 256.3
 ELP 20121129  4.25  4.02100.00 54.30 94.50 254.9
 ELP 20121130  4.22  3.98100.00 54.50 94.50 255.1
 ELP 20121201  4.05  3.77 98.50 54.60 94.50 262.0
 ELP 20121202  3.96  3.73 99.50 54.70 94.50 265.3
 ELP 20121203  3.93  3.63 97.90 54.80 94.50 265.8
 ELP 20121204  3.98  3.70 98.30 54.90 94.50 261.0
 ELP 20121205  4.28  4.04100.00 55.00 94.50 244.6
 ELP 20121206  4.12  3.87 99.30 55.10 94.50 251.6
 ELP 20121207  4.04  3.81100.00 55.20 94.50 254.8
 ELP 20121208  3.90  3.68100.00 55.30 94.50 261.1
 ELP 20121209  3.56  3.35 99.60 55.40 94.50 281.7
 ELP 20121210  3.05  2.88100.00 55.40 94.50 321.3
 ELP 20121211  3.10  2.93100.00 55.50 94.50 315.6
 ELP 20121212  3.40  3.21100.00 55.60 94.50 290.8
 ELP 20121213  3.58  3.37 99.90 55.60 94.50 277.3
 ELP 20121214  3.47  1.91 58.50 55.70 94.50 283.9
 ELP 20121215  3.76  2.56 72.20 55.70 94.50 265.1
 ELP 20121216  3.35  2.27 72.30 55.70 94.50 292.4
 ELP 20121217  3.82  3.61100.00 55.70 94.50 260.6
 ELP 20121218  3.80  3.58 99.60 55.70 94.50 261.3
 ELP 20121219  3.62  2.09 61.30 55.80 94.50 272.6
 ELP 20121220  3.83  3.62100.00 55.80 94.50 259.9
 ELP 20121221  4.04  3.80 99.60 55.70 94.50 248.8
 ELP 20121222  4.11  3.61 92.90 55.70 94.50 244.9
 ELP 20121223  3.90  3.60 97.80 55.70 94.50 256.4
 ELP 20121224  3.33  2.50 79.40 55.70 94.50 294.5
 ELP 20121225  3.24  3.06100.00 55.70 94.50 301.7
 ELP 20121226  3.39  3.05 95.30 55.60 94.50 291.3
 ELP 20121227  3.25  3.07100.00 55.60 94.50 302.8
 ELP 20121228  3.42  3.23100.00 55.50 94.50 290.5
 ELP 20121229  3.58  3.38100.00 55.40 94.50 279.6
 ELP 20121230  3.58  2.17 64.10 55.40 94.50 280.6
 ELP 20121231  3.36  1.88 58.90 55.30 94.50 297.9
 ELP 20130101  3.44  3.23 99.50 55.20 94.50 293.3
