 HOU 20120102  3.71  3.50100.00 53.20 94.30 287.4
 HOU 20120103  3.39  3.20100.00 53.10 94.30 312.4
 HOU 20120104  3.74  2.17 61.70 53.00 94.30 288.7
 HOU 20120105  3.47  2.84 86.70 52.90 94.30 309.3
 HOU 20120106  3.55  2.81 84.00 52.80 94.30 304.4
 HOU 20120107  3.84  2.97 81.70 52.60 94.30 286.3
 HOU 20120108  4.12  3.77 96.80 52.50 94.30 271.5
 HOU 20120109  4.14  2.35 60.10 52.40 94.30 272.3
 HOU 20120110  4.09  2.79 72.10 52.20 94.30 277.1
 HOU 20120111  3.91  3.69100.00 52.10 94.30 289.9
 HOU 20120112  3.93  3.71100.00 51.90 94.30 290.3
 HOU 20120113  4.20  3.93 99.10 51.80 94.30 276.3
 HOU 20120114  4.37  4.12100.00 51.60 94.30 269.6
 HOU 20120115  4.73  4.47100.00 51.40 94.30 253.8
 HOU 20120116  5.00  2.31 48.90 51.20 94.30 244.2
 HOU 20120117  5.23  1.28 26.30 51.10 94.30 237.2
 HOU 20120118  5.11  4.82100.00 50.90 94.40 243.6
 HOU 20120119  4.93  3.25 70.10 50.70 94.40 253.4
 HOU 20120120  5.31  1.69 33.80 50.50 94.40 240.0
 HOU 20120121  5.08  4.26 88.70 50.30 94.40 251.5
 HOU 20120122  5.10  1.76 36.50 50.00 94.40 252.7
 HOU 20120123  4.88  4.45 96.70 49.80 94.40 265.0
 HOU 20120124  4.92  2.00 43.00 49.60 94.40 265.7
 HOU 20120125  5.28  2.44 49.00 49.40 94.40 252.9
 HOU 20120126  4.46  2.99 70.80 49.10 94.40 294.6
 HOU 20120127  5.14  4.86100.00 48.90 94.40 263.6
 HOU 20120128  5.50  5.19100.00 48.60 94.40 252.0
 HOU 20120129  4.46  4.21100.00 48.40 94.40 304.0
 HOU 20120130  4.67  4.41100.00 48.10 94.40 295.2
 HOU 20120131  4.75  4.20 93.70 47.90 94.40 294.2
 HOU 20120201  5.25  3.51 70.60 47.60 94.40 273.4
 HOU 20120202  5.52  5.21100.00 47.30 94.40 264.8
 HOU 20120203  5.70  5.21 96.90 47.00 94.40 260.4
 HOU 20120204  5.93  3.41 60.60 46.70 94.40 255.0
 HOU 20120205  6.20  1.28 22.00 46.50 94.40 248.3
 HOU 20120206  5.92  5.52 98.80 46.20 94.40 260.6
 HOU 20120207  5.61  5.03 95.00 45.90 94.40 275.6
 HOU 20120209  5.26  4.96 99.80 45.30 94.40 297.1
 HOU 20120210  4.64  2.08 47.70 44.90 94.40 334.2
 HOU 20120211  5.32  5.02100.00 44.60 94.50 301.0
 HOU 20120212  6.02  4.50 79.20 44.30 94.50 274.7
 HOU 20120213  5.97  1.04 18.50 44.00 94.50 279.4
 HOU 20120214  6.15  5.81100.00 43.60 94.50 276.0
 HOU 20120215  6.51  2.54 41.30 43.30 94.50 266.4
 HOU 20120216  6.75  6.00 94.00 43.00 94.50 260.9
 HOU 20120217  6.78  1.60 25.00 42.60 94.50 263.2
 HOU 20120218  6.59  2.17 34.60 42.30 94.50 272.6
 HOU 20120219  6.54  6.18100.00 42.00 94.50 277.4
 HOU 20120220  7.00  4.60 69.70 41.60 94.50 265.0
 HOU 20120221  6.47  5.91 96.50 41.30 94.50 285.9
 HOU 20120222  6.32  2.57 43.00 40.90 94.50 295.0
 HOU 20120223  6.27  5.83 98.40 40.50 94.50 299.9
 HOU 20120224  6.57  4.32 69.60 40.20 94.50 291.8
 HOU 20120225  5.81  3.61 65.70 39.80 94.50 326.6
 HOU 20120226  6.85  6.08 93.90 39.40 94.50 287.9
 HOU 20120227  7.30  1.17 17.00 39.10 94.50 276.1
 HOU 20120228  7.89  4.52 60.50 38.70 94.50 261.4
 HOU 20120229  7.79  3.28 44.60 38.30 94.50 267.3
 HOU 20120302  7.71  4.63 63.50 37.60 94.40 275.1
 HOU 20120303  7.46  7.05100.00 37.20 94.40 285.5
 HOU 20120304  6.47  6.11100.00 36.80 94.40 324.7
 HOU 20120305  7.07  6.67100.00 36.40 94.40 304.6
 HOU 20120306  7.38  6.84 98.20 36.00 94.40 296.7
 HOU 20120307  7.91  4.31 57.60 35.60 94.40 283.1
 HOU 20120308  8.44  4.32 54.20 35.20 94.40 271.2
 HOU 20120309  8.72  5.27 64.00 34.90 94.40 266.6
 HOU 20120310  8.59  4.55 56.00 34.50 94.40 272.4
 HOU 20120313  9.03  4.19 49.10 33.30 94.40 268.6
 HOU 20120314  8.62  7.05 86.60 32.90 94.40 281.4
 HOU 20120315  8.27  7.58 97.00 32.50 94.40 293.9
 HOU 20120316  8.79  8.16 98.40 32.10 94.40 281.8
 HOU 20120317  9.50  8.26 92.00 31.70 94.40 266.9
 HOU 20120318  9.43  6.97 78.30 31.30 94.50 270.8
 HOU 20120319  8.80  5.12 61.60 30.90 94.50 289.1
 HOU 20120320  8.61  2.05 25.20 30.50 94.50 296.7
 HOU 20120321  7.78  2.35 32.10 30.10 94.50 325.2
 HOU 20120322  7.85  7.42100.00 29.70 94.50 325.3
 HOU 20120323  9.15  8.64100.00 29.30 94.50 289.0
 HOU 20120324  9.43  8.91100.00 28.90 94.50 283.7
 HOU 20120325  9.63  9.10100.00 28.50 94.50 280.8
 HOU 20120326  9.65  9.11100.00 28.10 94.50 282.5
 HOU 20120327 10.04  9.33 98.40 27.70 94.50 275.5
 HOU 20120328 10.41  9.62 97.80 27.30 94.50 269.5
 HOU 20120329 10.24  9.22 95.30 26.90 94.50 274.9
 HOU 20120330  9.74  9.15 99.40 26.50 94.50 288.5
 HOU 20120331  8.92  8.12 96.30 26.10 94.50 312.2
 HOU 20120401  8.81  8.31 99.80 25.80 94.50 317.3
 HOU 20120402  9.58  9.02 99.60 25.40 94.50 298.0
 HOU 20120403  9.67  9.06 99.20 25.00 94.50 297.7
 HOU 20120404  9.38  8.56 96.60 24.60 94.50 307.1
 HOU 20120405 10.10  9.55100.00 24.20 94.50 290.5
 HOU 20120406 10.31  9.63 98.80 23.80 94.50 287.3
 HOU 20120407 10.41  9.84100.00 23.50 94.50 286.7
 HOU 20120408 10.94 10.27 99.30 23.10 94.50 276.4
 HOU 20120409 10.66 10.05 99.80 22.70 94.50 284.0
 HOU 20120410 10.43  9.58 97.10 22.30 94.50 290.6
 HOU 20120411 10.24  9.68100.00 22.00 94.50 296.5
 HOU 20120412  9.89  6.66 71.20 21.60 94.50 306.7
 HOU 20120413  9.63  6.92 76.00 21.20 94.50 314.9
 HOU 20120414 10.03  7.29 76.80 20.90 94.50 305.9
 HOU 20120415 10.19  9.63100.00 20.50 94.60 303.4
 HOU 20120416 10.44  5.47 55.40 20.20 94.60 298.8
 HOU 20120417  9.40  8.82 99.20 19.80 94.60 327.0
 HOU 20120418 10.33  9.77100.00 19.50 94.60 303.8
 HOU 20120419 10.35  9.79100.00 19.10 94.60 304.4
 HOU 20120420  9.57  8.06 89.00 18.80 94.60 325.7
 HOU 20120421  9.16  8.66100.00 18.40 94.60 338.9
 HOU 20120422  9.37  8.86100.00 18.10 94.60 334.0
 HOU 20120423  9.31  8.81100.00 17.80 94.60 336.6
 HOU 20120424  9.61  9.09100.00 17.50 94.60 329.2
 HOU 20120425 10.05  9.48 99.80 17.10 94.60 318.2
 HOU 20120426 10.80 10.20 99.80 16.80 94.60 300.7
 HOU 20120427 10.26  7.74 79.70 16.50 94.60 314.9
 HOU 20120428 10.51  4.16 41.80 16.20 94.60 309.8
 HOU 20120429 11.08 10.17 97.00 15.90 94.60 297.4
 HOU 20120430 11.31  9.97 93.20 15.60 94.60 293.4
 HOU 20120501 11.10  8.61 82.00 15.30 94.60 298.5
 HOU 20120502 11.24 10.52 99.10 15.00 94.40 296.4
 HOU 20120503 11.49 10.85100.00 14.70 94.40 291.8
 HOU 20120504 11.61 10.13 92.40 14.50 94.40 290.0
 HOU 20120505 11.21 10.50 99.10 14.20 94.50 298.7
 HOU 20120506 10.97 10.34 99.80 13.90 94.50 304.8
 HOU 20120507 11.14 10.42 99.00 13.70 94.50 301.2
 HOU 20120508 11.26  8.33 78.30 13.40 94.50 299.2
 HOU 20120509 10.35  9.76 99.80 13.10 94.50 321.1
 HOU 20120510 11.10  9.37 89.40 12.90 94.50 303.8
 HOU 20120511 11.00  8.69 83.70 12.70 94.50 306.7
 HOU 20120512 10.45  9.86 99.80 12.40 94.50 320.1
 HOU 20120513 10.82 10.23100.00 12.20 94.50 311.7
 HOU 20120514 10.32  9.75100.00 12.00 94.50 324.4
 HOU 20120515 10.27  7.94 81.80 11.80 94.50 326.2
 HOU 20120516  9.79  9.25100.00 11.50 94.50 339.7
 HOU 20120517 10.56  9.97100.00 11.30 94.50 319.6
 HOU 20120518 11.06 10.44100.00 11.10 94.50 308.4
 HOU 20120519 11.75 11.10100.00 10.90 94.50 293.7
 HOU 20120520 11.18 10.56100.00 10.70 94.50 306.2
 HOU 20120521 10.88 10.28100.00 10.60 94.50 313.6
 HOU 20120522 10.38  9.81100.00 10.40 94.50 326.0
 HOU 20120523 10.75 10.16100.00 10.20 94.50 317.2
 HOU 20120524 10.88 10.26 99.80 10.10 94.50 314.5
 HOU 20120525 11.61  5.17 47.10  9.90 94.50 298.1
 HOU 20120526 12.35 11.63 99.70  9.70 94.50 283.7
 HOU 20120527 12.23 11.52 99.70  9.60 94.50 286.2
 HOU 20120528 11.53 10.80 99.10  9.50 94.50 300.1
 HOU 20120529 11.47 10.52 97.10  9.30 94.50 301.7
 HOU 20120530 11.31 10.51 98.30  9.20 94.50 305.4
 HOU 20120531 10.83  9.52 93.00  9.10 94.50 316.5
 HOU 20120601 10.15  9.59100.00  9.00 94.50 333.9
 HOU 20120602 10.39  9.73 99.10  8.90 94.50 327.7
 HOU 20120603 11.12 10.42 99.20  8.80 94.50 310.2
 HOU 20120604 11.22  8.85 83.50  8.70 94.50 307.9
 HOU 20120605 10.88 10.27 99.90  8.60 94.50 315.8
 HOU 20120606 11.14 10.49 99.70  8.50 94.50 310.0
 HOU 20120607 11.48 10.84100.00  8.40 94.50 302.2
 HOU 20120608 11.80 11.11 99.60  8.30 94.50 295.5
 HOU 20120609 11.75 11.10100.00  8.30 94.50 296.6
 HOU 20120610 11.58 10.94100.00  8.20 94.50 300.0
 HOU 20120611 11.63 10.96 99.70  8.20 94.50 299.0
 HOU 20120612 12.18 11.11 96.50  8.10 94.50 288.2
 HOU 20120613 11.96 10.56 93.50  8.10 94.50 292.6
 HOU 20120614 11.54  8.53 78.30  8.00 94.50 301.0
 HOU 20120615 11.29 10.56 98.90  8.00 94.50 306.6
 HOU 20120616 11.66 10.98 99.60  8.00 94.50 298.4
 HOU 20120617 11.54 10.91100.00  8.00 94.50 300.9
 HOU 20120618 11.15 10.51 99.80  8.00 94.50 309.8
 HOU 20120619 11.25 10.03 94.40  7.90 94.50 307.6
 HOU 20120620 10.92 10.27 99.60  7.90 94.50 315.1
 HOU 20120621 11.34 10.59 98.80  8.00 94.50 305.4
 HOU 20120622 11.18 10.48 99.30  8.00 94.50 309.1
 HOU 20120623 10.86 10.26100.00  8.00 94.50 316.2
 HOU 20120624 11.01 10.41100.00  8.00 94.50 312.7
 HOU 20120625 11.23 10.61100.00  8.00 94.50 307.6
 HOU 20120626 11.41 10.78100.00  8.10 94.50 303.5
 HOU 20120627 11.55 10.91100.00  8.10 94.50 300.1
 HOU 20120628 11.92 11.26100.00  8.20 94.50 292.8
 HOU 20120629 11.86 11.20100.00  8.20 94.50 293.9
 HOU 20120630 12.19  9.68 84.00  8.30 94.50 287.2
 HOU 20120701 12.38  9.85 84.20  8.30 94.50 283.5
 HOU 20120702 11.78  6.88 61.80  8.40 94.50 295.2
 HOU 20120703 11.90 10.94 97.30  8.50 94.50 292.7
 HOU 20120704 11.43 10.68 98.90  8.60 94.50 302.2
 HOU 20120705 11.52 10.89100.00  8.70 94.50 299.9
 HOU 20120706 11.02 10.33 99.20  8.80 94.50 311.3
 HOU 20120707 11.46 10.50 97.00  8.90 94.50 300.9
 HOU 20120708 11.47 10.58 97.70  9.00 94.50 300.7
 HOU 20120709 11.36  3.43 32.00  9.10 94.50 303.1
 HOU 20120710 11.40 10.73 99.60  9.20 94.50 301.9
 HOU 20120711 11.55  3.28 30.10  9.30 94.50 298.4
 HOU 20120712 11.36  4.07 37.90  9.50 94.50 302.3
 HOU 20120713 11.13  9.74 92.70  9.60 94.50 307.5
 HOU 20120714 11.35 10.72100.00  9.70 94.50 302.2
 HOU 20120715 11.82 11.17100.00  9.90 94.50 292.4
 HOU 20120716 12.29 11.61100.00 10.10 94.50 282.8
 HOU 20120717 11.97 11.25 99.50 10.20 94.50 288.8
 HOU 20120718 11.51 10.87100.00 10.40 94.50 297.6
 HOU 20120719 11.78 11.13100.00 10.60 94.50 291.9
 HOU 20120720 11.65 11.00100.00 10.70 94.50 294.1
 HOU 20120721 11.70  4.38 39.70 10.90 94.50 292.7
 HOU 20120722 11.62 10.88 99.20 11.10 94.50 294.0
 HOU 20120723 11.70 10.72 96.90 11.30 94.50 291.8
 HOU 20120724 11.45 10.79 99.80 11.50 94.50 296.6
 HOU 20120725 11.57 10.89 99.60 11.80 94.50 293.6
 HOU 20120726 11.53 10.63 97.60 12.00 94.50 294.0
 HOU 20120727 11.49  9.64 88.90 12.20 94.50 294.5
 HOU 20120728 11.79 11.01 98.80 12.40 94.50 287.8
 HOU 20120729 11.34 10.71100.00 12.70 94.50 296.5
 HOU 20120730 11.43 10.80100.00 12.90 94.50 294.1
 HOU 20120731 11.17 10.37 98.40 13.10 94.50 299.0
 HOU 20120801 11.16 10.54100.00 13.40 94.50 298.6
 HOU 20120802 11.18 10.48 99.20 13.70 94.50 297.7
 HOU 20120803 11.12 10.51100.00 13.90 94.50 298.3
 HOU 20120804 11.19 10.33 97.70 14.20 94.50 296.5
 HOU 20120805 11.24 10.59 99.70 14.50 94.40 294.8
 HOU 20120806 11.34 10.71100.00 14.70 94.40 292.0
 HOU 20120807 11.23 10.54 99.40 15.00 94.40 293.8
 HOU 20120808 10.81 10.21100.00 15.30 94.40 302.1
 HOU 20120809 11.14 10.39 98.80 15.60 94.40 294.1
 HOU 20120810 10.92 10.32100.00 15.90 94.40 297.7
 HOU 20120811 10.91 10.29 99.80 16.20 94.40 297.0
 HOU 20120812 11.28 10.65100.00 16.50 94.40 288.3
 HOU 20120813 11.32 10.43 97.60 16.80 94.40 286.5
 HOU 20120815 11.22  8.65 81.60 17.50 94.40 286.6
 HOU 20120816 10.99 10.38100.00 17.80 94.40 290.7
 HOU 20120817 11.22 10.31 97.30 18.10 94.40 284.7
 HOU 20120818 11.03  9.95 95.60 18.40 94.40 287.7
 HOU 20120819 10.88 10.10 98.30 18.80 94.40 289.9
 HOU 20120820 10.75 10.15100.00 19.10 94.40 291.8
 HOU 20120825 10.91 10.20 99.00 20.90 94.40 282.0
 HOU 20120826 11.06 10.26 98.30 21.20 94.40 277.5
 HOU 20120827 10.86 10.25100.00 21.60 94.40 280.1
 HOU 20120828 11.20 10.53 99.60 22.00 94.40 272.1
 HOU 20120831 10.34  9.76100.00 23.10 94.40 285.8
 HOU 20120901 10.64 10.04100.00 23.50 94.40 277.7
 HOU 20120902 10.30  9.43 96.80 23.80 94.50 283.6
 HOU 20120903 10.17  9.60 99.90 24.20 94.50 285.1
 HOU 20120905 10.27  9.70100.00 25.00 94.50 279.4
 HOU 20120906 10.10  9.54100.00 25.40 94.50 281.5
 HOU 20120907  9.99  9.45100.00 25.80 94.50 282.1
 HOU 20120908  9.56  8.33 92.10 26.10 94.50 290.8
 HOU 20120909  9.40  8.88100.00 26.50 94.50 293.0
 HOU 20120910  9.38  8.86100.00 26.90 94.50 291.5
 HOU 20120911  9.40  8.88100.00 27.30 94.50 288.9
 HOU 20120912  9.29  8.69 98.90 27.70 94.50 289.6
 HOU 20120913  9.39  8.87100.00 28.10 94.50 285.0
 HOU 20120914  9.40  8.35 93.90 28.50 94.50 282.6
 HOU 20120915  9.58  8.52 94.10 28.90 94.50 276.2
 HOU 20120916  9.50  8.28 92.20 29.30 94.50 276.0
 HOU 20120917  8.59  7.43 91.40 29.70 94.50 297.7
 HOU 20120919  8.01  7.57100.00 30.50 94.50 310.5
 HOU 20120920  8.44  7.97100.00 30.90 94.50 294.9
 HOU 20120922  8.22  7.76100.00 31.70 94.40 296.2
 HOU 20120923  8.47  8.00100.00 32.10 94.40 286.5
 HOU 20120924  8.38  7.92100.00 32.50 94.40 286.6
 HOU 20120925  8.45  7.94 99.50 32.90 94.40 281.9
 HOU 20120926  8.58  7.98 98.40 33.30 94.40 276.0
 HOU 20120927  8.90  8.40100.00 33.70 94.40 265.6
 HOU 20120928  8.93  8.05 95.50 34.10 94.40 262.3
 HOU 20120929  8.74  3.57 43.30 34.50 94.40 264.8
 HOU 20120930  8.13  3.43 44.70 34.90 94.40 278.3
 HOU 20121001  7.49  7.07100.00 35.20 94.40 294.9
 HOU 20121002  7.10  6.70 99.90 36.00 94.40 301.9
 HOU 20121003  7.11  6.71100.00 36.40 94.40 298.6
 HOU 20121004  7.66  7.23100.00 36.80 94.40 278.1
 HOU 20121005  8.01  7.56100.00 37.20 94.40 265.5
 HOU 20121006  7.90  7.46100.00 37.60 94.40 265.8
 HOU 20121007  7.77  7.24 98.80 37.90 94.40 266.9
 HOU 20121008  7.26  6.85100.00 38.30 94.40 279.1
 HOU 20121009  7.39  6.94 99.40 38.70 94.40 272.3
 HOU 20121010  7.64  4.47 62.10 39.10 94.40 261.9
 HOU 20121012  8.01  6.35 84.10 39.80 94.30 246.8
 HOU 20121013  7.91  5.26 70.40 40.20 94.30 246.9
 HOU 20121014  7.82  5.17 70.10 40.50 94.30 246.5
 HOU 20121015  7.47  6.54 92.80 40.90 94.30 253.3
 HOU 20121016  7.27  6.04 87.90 41.30 94.30 256.2
 HOU 20121017  7.08  6.42 96.10 41.60 94.30 258.9
 HOU 20121018  7.24  2.23 32.90 42.00 94.30 251.6
 HOU 20121019  7.13  6.73100.00 42.30 94.30 252.1
 HOU 20121020  7.10  6.69100.00 42.60 94.30 250.3
 HOU 20121021  7.26  6.82 99.60 43.00 94.30 242.7
 HOU 20121022  6.88  6.49100.00 43.30 94.30 251.3
 HOU 20121023  6.70  5.96 94.40 43.60 94.30 253.9
 HOU 20121024  6.70  5.79 91.70 44.00 94.30 251.3
 HOU 20121025  6.80  5.85 91.30 44.30 94.30 245.2
 HOU 20121026  6.57  3.11 50.10 44.60 94.30 249.8
 HOU 20121027  5.89  5.55100.00 44.90 94.30 270.5
 HOU 20121028  5.54  5.22100.00 45.30 94.30 281.3
 HOU 20121029  5.17  4.87100.00 45.60 94.30 295.0
 HOU 20121030  5.12  4.82100.00 45.90 94.30 294.3
 HOU 20121031  5.33  5.02100.00 46.20 94.30 281.4
 HOU 20121101  5.24  4.94100.00 46.50 94.20 282.5
 HOU 20121102  5.09  4.81100.00 46.50 94.40 289.5
 HOU 20121103  5.38  5.08100.00 46.70 94.40 273.8
 HOU 20121104  5.32  5.02100.00 47.00 94.40 273.4
 HOU 20121105  4.86  4.57 99.60 47.30 94.40 291.9
 HOU 20121106  4.79  4.52100.00 47.60 94.40 292.4
 HOU 20121107  4.65  4.39100.00 47.90 94.40 296.3
 HOU 20121108  4.92  4.64100.00 48.10 94.40 279.5
 HOU 20121109  5.02  4.73100.00 48.40 94.40 272.5
 HOU 20121110  5.24  2.19 44.40 48.60 94.40 259.8
 HOU 20121111  5.31  2.09 41.90 48.90 94.40 254.5
 HOU 20121112  5.05  4.76100.00 49.10 94.40 262.7
 HOU 20121113  5.12  4.68 96.90 49.40 94.40 257.1
 HOU 20121114  4.81  4.53100.00 49.60 94.40 268.7
 HOU 20121115  4.78  4.51100.00 49.80 94.40 267.2
 HOU 20121116  4.66  4.36 99.00 50.00 94.40 270.4
 HOU 20121117  4.64  4.23 96.60 50.30 94.40 269.1
 HOU 20121118  4.75  4.49100.00 50.50 94.40 261.1
 HOU 20121119  4.78  4.51100.00 50.70 94.40 257.7
 HOU 20121120  4.70  4.43100.00 50.90 94.40 259.4
 HOU 20121121  4.79  4.50 99.70 51.10 94.30 253.6
 HOU 20121122  4.68  4.20 95.10 51.20 94.30 256.5
 HOU 20121123  4.58  2.19 50.50 51.40 94.30 259.1
 HOU 20121124  4.08  3.85100.00 51.60 94.30 283.5
 HOU 20121125  4.03  3.80100.00 51.80 94.30 284.7
 HOU 20121126  4.14  2.37 60.70 51.90 94.30 276.0
 HOU 20121127  3.91  3.14 85.00 52.10 94.30 288.2
 HOU 20121128  3.82  3.60100.00 52.20 94.30 292.0
 HOU 20121129  3.95  3.69 99.10 52.40 94.30 281.6
 HOU 20121130  3.97  2.52 67.30 52.50 94.30 278.8
 HOU 20121201  4.01  3.32 87.80 52.60 94.30 275.1
 HOU 20121202  4.00  3.61 95.70 52.80 94.30 274.0
 HOU 20121203  4.04  2.87 75.20 52.90 94.30 270.3
 HOU 20121204  3.80  3.52 98.10 53.00 94.30 283.1
 HOU 20121205  3.72  3.06 86.90 53.10 94.30 287.0
 HOU 20121206  3.86  3.64100.00 53.20 94.30 276.7
 HOU 20121207  4.10  2.31 59.60 53.30 94.30 261.9
 HOU 20121208  4.08  3.42 89.00 53.30 94.30 262.2
 HOU 20121209  4.34  3.42 83.40 53.40 94.30 247.9
 HOU 20121210  4.16  3.79 96.60 53.50 94.30 256.2
 HOU 20121211  3.81  3.59100.00 53.50 94.30 275.4
 HOU 20121212  3.82  3.60100.00 53.60 94.30 274.0
 HOU 20121213  3.89  3.67100.00 53.70 94.30 269.0
 HOU 20121214  4.27  1.19 29.50 53.70 94.30 248.4
 HOU 20121215  4.59  1.89 43.60 53.70 94.30 233.3
 HOU 20121216  4.65  0.70 15.90 53.80 94.30 230.5
 HOU 20121217  4.02  3.67 96.90 53.80 94.30 259.7
 HOU 20121218  4.25  4.01100.00 53.80 94.30 248.3
 HOU 20121219  4.27  1.16 28.70 53.80 94.30 247.2
 HOU 20121220  4.09  3.78 97.90 53.80 94.30 256.0
 HOU 20121221  4.06  3.82100.00 53.80 94.30 258.0
 HOU 20121222  4.28  4.02 99.70 53.80 94.30 247.2
 HOU 20121223  4.30  0.89 22.10 53.80 94.30 246.4
 HOU 20121224  4.09  3.68 95.50 53.70 94.30 257.3
 HOU 20121225  3.54  2.62 78.30 53.70 94.30 291.3
 HOU 20121226  3.53  3.33100.00 53.70 94.30 292.6
 HOU 20121227  3.75  1.19 33.80 53.60 94.30 278.7
 HOU 20121228  3.90  1.29 35.10 53.50 94.30 270.5
 HOU 20121229  3.96  3.60 96.40 53.50 94.30 267.5
 HOU 20121230  4.17  3.91 99.50 53.40 94.30 256.9
 HOU 20121231  4.28  0.68 16.70 53.30 94.30 252.6
 HOU 20130101  4.43  1.23 29.50 53.30 94.30 246.4
