 RDU 20120102  2.09  1.97100.00 59.30 94.50 342.0
 RDU 20120103  1.70  1.61100.00 59.20 94.50 416.5
 RDU 20120104  2.25  2.12100.00 59.10 94.50 323.3
 RDU 20120105  2.16  2.04100.00 59.00 94.50 338.3
 RDU 20120106  2.50  2.36100.00 58.90 94.50 298.7
 RDU 20120107  2.49  2.33 99.10 58.70 94.50 302.1
 RDU 20120108  2.59  1.57 64.70 58.60 94.50 294.3
 RDU 20120109  2.39  0.91 40.30 58.50 94.50 317.8
 RDU 20120110  2.78  2.59 98.40 58.30 94.50 280.5
 RDU 20120111  2.73  0.69 26.80 58.20 94.50 287.9
 RDU 20120112  2.56  1.70 70.20 58.00 94.50 307.1
 RDU 20120113  2.40  2.27100.00 57.90 94.50 328.4
 RDU 20120114  2.30  2.17100.00 57.70 94.50 345.2
 RDU 20120115  2.29  2.17100.00 57.50 94.50 349.7
 RDU 20120116  2.68  2.24 88.40 57.30 94.50 307.1
 RDU 20120117  3.05  1.92 66.70 57.20 94.50 276.8
 RDU 20120118  3.01  2.85100.00 57.00 94.50 283.0
 RDU 20120119  2.55  2.38 98.80 56.80 94.50 331.2
 RDU 20120120  2.86  2.70100.00 56.60 94.50 302.8
 RDU 20120121  2.83  1.49 55.40 56.40 94.50 308.9
 RDU 20120122  3.03  1.66 58.00 56.10 94.50 294.6
 RDU 20120123  3.21  1.51 49.80 55.90 94.50 282.7
 RDU 20120124  3.03  2.78 97.10 55.70 94.50 300.8
 RDU 20120125  3.28  2.03 65.40 55.50 94.50 284.0
 RDU 20120126  3.57  3.03 89.80 55.20 94.50 267.5
 RDU 20120127  3.09  2.85 97.40 55.00 94.50 306.7
 RDU 20120128  3.74  3.53100.00 54.70 94.50 263.7
 RDU 20120129  3.11  2.94100.00 54.50 94.50 313.9
 RDU 20120130  3.05  2.88100.00 54.20 94.50 323.4
 RDU 20120131  3.09  2.83 97.00 53.90 94.60 324.4
 RDU 20120201  3.37  2.82 88.30 53.70 94.60 304.6
 RDU 20120202  3.44  3.24 99.60 53.40 94.60 302.9
 RDU 20120203  3.53  3.33 99.60 53.10 94.60 300.5
 RDU 20120204  3.64  2.98 86.70 52.80 94.60 297.0
 RDU 20120205  3.72  2.26 64.20 52.50 94.60 295.4
 RDU 20120206  3.69  3.47 99.50 52.20 94.60 301.8
 RDU 20120207  3.85  3.64100.00 51.90 94.60 294.9
 RDU 20120209  3.57  3.37100.00 51.30 94.60 323.7
 RDU 20120210  3.40  2.81 87.40 51.00 94.60 342.2
 RDU 20120211  3.58  3.36 99.20 50.70 94.60 331.5
 RDU 20120212  3.47  3.29100.00 50.40 94.60 345.2
 RDU 20120213  4.10  3.88100.00 50.10 94.60 303.4
 RDU 20120214  3.71  3.24 92.10 49.70 94.60 335.4
 RDU 20120215  4.36  4.12100.00 49.40 94.60 296.1
 RDU 20120216  4.93  1.90 40.70 49.10 94.60 271.0
 RDU 20120217  4.98  4.56 96.90 48.70 94.60 272.3
 RDU 20120218  5.30  4.97 99.10 48.40 94.60 262.1
 RDU 20120219  4.84  0.65 14.20 48.00 94.70 287.1
 RDU 20120220  4.81  4.55100.00 47.70 94.70 292.8
 RDU 20120221  4.73  4.43 98.90 47.30 94.70 300.8
 RDU 20120222  3.77  3.23 90.70 47.00 94.70 370.8
 RDU 20120223  4.43  4.16 99.00 46.60 94.70 326.7
 RDU 20120224  4.94  1.73 37.10 46.20 94.70 301.8
 RDU 20120225  4.35  4.12100.00 45.90 94.70 341.0
 RDU 20120226  5.02  4.53 95.30 45.50 94.70 305.6
 RDU 20120227  5.49  3.86 74.50 45.10 94.70 287.3
 RDU 20120228  5.67  5.37100.00 44.70 94.70 283.3
 RDU 20120229  6.26  1.73 29.20 44.40 94.70 264.5
 RDU 20120302  6.39  4.13 68.30 43.60 94.50 266.9
 RDU 20120303  6.15  1.28 22.20 43.20 94.50 279.3
 RDU 20120304  4.99  4.53 96.20 42.80 94.50 337.5
 RDU 20120305  4.35  2.46 59.70 42.50 94.50 383.9
 RDU 20120306  5.85  5.53100.00 42.10 94.50 302.1
 RDU 20120307  6.32  5.97100.00 41.70 94.50 287.0
 RDU 20120308  6.57  4.05 65.20 41.30 94.50 281.1
 RDU 20120309  6.52  0.78 12.70 40.90 94.50 286.5
 RDU 20120310  6.11  5.78100.00 40.50 94.50 305.9
 RDU 20120313  6.78  5.39 84.10 39.30 94.50 290.6
 RDU 20120314  5.63  5.32100.00 38.90 94.50 343.3
 RDU 20120315  5.97  5.65100.00 38.50 94.50 330.4
 RDU 20120316  6.45  6.07 99.70 38.10 94.60 313.5
 RDU 20120317  6.66  5.92 93.80 37.70 94.60 308.3
 RDU 20120318  6.86  4.16 64.10 37.30 94.60 304.0
 RDU 20120319  6.93  6.55100.00 36.90 94.60 304.7
 RDU 20120320  7.14  6.76100.00 36.50 94.60 300.0
 RDU 20120321  7.45  7.02 99.70 36.10 94.60 293.2
 RDU 20120322  7.47  7.06100.00 35.70 94.60 295.5
 RDU 20120323  8.11  7.63 99.50 35.30 94.60 278.6
 RDU 20120324  7.93  5.02 66.90 34.90 94.60 286.7
 RDU 20120325  6.61  6.21 99.40 34.50 94.60 336.8
 RDU 20120326  7.62  7.21100.00 34.10 94.60 301.8
 RDU 20120327  8.51  8.05100.00 33.70 94.60 278.2
 RDU 20120328  7.87  7.23 97.10 33.30 94.60 299.4
 RDU 20120329  7.81  7.39100.00 32.90 94.60 304.1
 RDU 20120330  7.97  7.46 98.90 32.50 94.60 301.6
 RDU 20120331  7.65  4.76 65.80 32.10 94.60 314.8
 RDU 20120401  7.13  6.59 97.70 31.70 94.60 336.7
 RDU 20120402  7.85  7.25 97.50 31.30 94.60 313.3
 RDU 20120403  8.57  7.98 98.50 30.90 94.60 293.9
 RDU 20120404  8.80  7.94 95.30 30.50 94.60 289.9
 RDU 20120405  8.53  4.71 58.20 30.20 94.60 299.6
 RDU 20120406  7.53  6.91 97.10 29.80 94.60 335.1
 RDU 20120407  7.79  7.37100.00 29.40 94.70 328.2
 RDU 20120408  7.77  7.36100.00 29.00 94.70 331.0
 RDU 20120409  7.39  7.00100.00 28.60 94.70 347.4
 RDU 20120410  6.60  6.18 98.80 28.30 94.70 384.5
 RDU 20120411  6.51  5.63 91.40 27.90 94.70 391.8
 RDU 20120412  6.39  6.05100.00 27.50 94.70 400.2
 RDU 20120413  7.01  6.57 99.10 27.10 94.70 373.1
 RDU 20120414  8.16  7.70 99.70 26.80 94.70 330.8
 RDU 20120415  9.14  5.88 68.00 26.40 94.70 303.1
 RDU 20120416  9.61  9.10100.00 26.10 94.70 292.7
 RDU 20120417  9.37  8.79 99.00 25.70 94.70 300.3
 RDU 20120418  9.09  2.62 30.40 25.30 94.70 310.2
 RDU 20120419  8.71  5.92 71.80 25.00 94.70 322.9
 RDU 20120420  9.53  8.04 89.20 24.60 94.70 301.4
 RDU 20120421  8.89  8.39 99.70 24.30 94.70 320.7
 RDU 20120422  8.57  0.79  9.80 24.00 94.70 332.5
 RDU 20120423  7.54  4.87 68.10 23.60 94.70 371.4
 RDU 20120424  7.74  7.33100.00 23.30 94.70 364.8
 RDU 20120425  7.73  7.31 99.90 23.00 94.70 367.3
 RDU 20120426  8.62  4.77 58.40 22.60 94.70 336.8
 RDU 20120427  8.72  7.97 96.60 22.30 94.70 335.1
 RDU 20120428  9.49  5.71 63.60 22.00 94.70 314.1
 RDU 20120429  9.26  7.52 85.70 21.70 94.70 321.6
 RDU 20120430  9.46  4.78 53.50 21.40 94.70 317.2
 RDU 20120501  9.56  9.02 99.60 21.10 94.70 315.8
 RDU 20120502  9.43  8.91100.00 20.80 94.50 320.5
 RDU 20120503  9.93  9.34 99.50 20.50 94.50 308.7
 RDU 20120504 10.14  6.29 65.60 20.20 94.50 304.5
 RDU 20120505  9.31  8.68 98.60 19.90 94.50 327.7
 RDU 20120506  9.21  3.61 41.50 19.70 94.50 331.9
 RDU 20120507 10.46  9.05 91.60 19.40 94.50 299.4
 RDU 20120508 10.42  9.74 98.90 19.10 94.50 301.3
 RDU 20120509 10.64  5.63 56.00 18.90 94.50 297.1
 RDU 20120510  8.87  8.39100.00 18.60 94.50 345.8
 RDU 20120511  8.50  8.04100.00 18.30 94.50 359.0
 RDU 20120512  9.27  8.10 92.50 18.10 94.50 335.3
 RDU 20120513  9.68  8.99 98.30 17.90 94.50 324.3
 RDU 20120514  9.68  6.86 75.00 17.60 94.50 324.9
 RDU 20120515  9.59  8.95 98.70 17.40 94.50 328.3
 RDU 20120516  9.55  8.89 98.50 17.20 94.50 330.3
 RDU 20120517  9.59  8.23 90.90 16.90 94.50 329.9
 RDU 20120518  9.50  8.85 98.60 16.70 94.50 333.2
 RDU 20120519  9.54  8.66 96.00 16.50 94.50 332.7
 RDU 20120520  9.53  8.55 94.80 16.30 94.50 333.4
 RDU 20120521  9.80  9.04 97.60 16.10 94.50 326.4
 RDU 20120522 10.11  9.51 99.50 15.90 94.50 318.7
 RDU 20120523  9.45  8.86 99.20 15.70 94.50 337.5
 RDU 20120524  9.40  8.89100.00 15.60 94.50 339.5
 RDU 20120525  9.60  9.08100.00 15.40 94.50 334.3
 RDU 20120526 10.58 10.00100.00 15.20 94.50 309.3
 RDU 20120527 11.22 10.47 98.80 15.10 94.50 295.1
 RDU 20120528 10.99  9.68 93.20 14.90 94.50 300.4
 RDU 20120529 11.14  9.64 91.50 14.80 94.50 297.4
 RDU 20120530 11.55  3.81 35.10 14.60 94.50 289.1
 RDU 20120531 11.07 10.47100.00 14.50 94.50 299.3
 RDU 20120601 11.24 10.50 98.80 14.40 94.50 296.1
 RDU 20120602  9.86  8.63 92.70 14.30 94.50 330.0
 RDU 20120603  9.10  8.60100.00 14.10 94.60 352.7
 RDU 20120604  9.45  8.62 96.40 14.00 94.60 341.9
 RDU 20120605  8.50  7.65 95.30 13.90 94.60 373.7
 RDU 20120606  8.60  7.92 97.40 13.80 94.60 370.2
 RDU 20120607  9.05  8.56100.00 13.80 94.60 355.0
 RDU 20120608  9.18  8.68100.00 13.70 94.60 351.0
 RDU 20120609 10.23  9.65 99.80 13.60 94.60 321.3
 RDU 20120610 10.94  9.44 91.20 13.50 94.60 304.1
 RDU 20120611 11.33  4.51 42.10 13.50 94.60 295.8
 RDU 20120612 11.14  9.41 89.40 13.40 94.60 299.7
 RDU 20120613 10.13  8.90 92.90 13.40 94.60 324.2
 RDU 20120614  9.13  3.34 38.70 13.30 94.60 353.3
 RDU 20120615  9.46  8.84 98.90 13.30 94.60 343.1
 RDU 20120616 10.33  9.63 98.60 13.30 94.60 319.1
 RDU 20120617 10.45  9.87 99.90 13.30 94.60 316.1
 RDU 20120618 10.17  6.94 72.20 13.20 94.60 323.4
 RDU 20120619 10.75 10.03 98.70 13.20 94.60 309.1
 RDU 20120620 11.23 10.59 99.80 13.20 94.60 298.0
 RDU 20120621 11.00 10.40100.00 13.20 94.60 302.9
 RDU 20120622 10.57 10.00100.00 13.30 94.60 313.1
 RDU 20120623 10.19  9.63100.00 13.30 94.60 322.6
 RDU 20120624 10.39  9.82100.00 13.30 94.60 317.4
 RDU 20120625 10.25  9.27 95.70 13.30 94.60 320.8
 RDU 20120626  9.95  9.41100.00 13.40 94.60 328.7
 RDU 20120627 10.21  9.65100.00 13.40 94.60 321.6
 RDU 20120628 11.02 10.42100.00 13.50 94.60 301.7
 RDU 20120629 11.14 10.53100.00 13.50 94.60 298.9
 RDU 20120630 11.60 10.89 99.30 13.60 94.60 289.2
 RDU 20120701 11.16 10.11 95.80 13.70 94.60 298.1
 RDU 20120702 10.53  6.00 60.30 13.80 94.60 312.7
 RDU 20120703 10.47  9.85 99.50 13.80 94.60 313.8
 RDU 20120704 10.67 10.00 99.10 13.90 94.60 308.9
 RDU 20120705 10.49  9.91 99.90 14.00 94.60 312.8
 RDU 20120706 10.61  9.64 96.10 14.10 94.60 309.7
 RDU 20120707 11.47 10.78 99.40 14.30 94.50 290.3
 RDU 20120708 11.10  9.95 94.90 14.40 94.50 297.8
 RDU 20120709 10.83 10.23 99.90 14.50 94.50 303.6
 RDU 20120710 11.08  4.92 46.90 14.60 94.50 297.7
 RDU 20120711 11.00  7.54 72.40 14.80 94.50 298.9
 RDU 20120712 10.88  5.87 57.00 14.90 94.50 301.4
 RDU 20120713 10.95  8.35 80.60 15.10 94.50 299.2
 RDU 20120714 11.05 10.11 96.80 15.20 94.50 296.7
 RDU 20120715 10.88 10.21 99.20 15.40 94.50 299.8
 RDU 20120716 10.87  9.90 96.40 15.60 94.50 299.6
 RDU 20120717 10.45  9.86 99.90 15.70 94.50 309.1
 RDU 20120718 10.66 10.06 99.90 15.90 94.50 303.5
 RDU 20120719 10.91 10.30 99.90 16.10 94.50 297.1
 RDU 20120720 10.97 10.05 97.00 16.30 94.50 295.2
 RDU 20120721 10.71  9.12 90.10 16.50 94.50 300.1
 RDU 20120722 10.69  9.43 93.30 16.70 94.50 300.0
 RDU 20120723 10.67 10.06 99.80 16.90 94.50 299.7
 RDU 20120724 10.97  9.72 93.80 17.20 94.50 292.6
 RDU 20120725 10.92 10.29 99.70 17.40 94.50 292.9
 RDU 20120726 10.84 10.25100.00 17.60 94.50 293.9
 RDU 20120727 10.84 10.23 99.80 17.90 94.50 293.2
 RDU 20120728 10.85 10.19 99.40 18.10 94.50 292.3
 RDU 20120729 10.27  9.71100.00 18.30 94.50 304.8
 RDU 20120730 10.07  9.31 97.80 18.60 94.50 309.0
 RDU 20120731 10.01  9.34 98.80 18.90 94.50 309.7
 RDU 20120801  9.92  9.35 99.70 19.10 94.50 311.2
 RDU 20120802  9.95  9.39 99.90 19.40 94.50 309.5
 RDU 20120803 10.54  9.94 99.80 19.70 94.50 294.2
 RDU 20120804 10.26  9.70100.00 19.90 94.50 299.5
 RDU 20120805 10.52  9.95100.00 20.20 94.50 292.6
 RDU 20120806 10.64  9.04 89.90 20.50 94.50 288.9
 RDU 20120807 10.06  5.60 58.90 20.80 94.50 301.0
 RDU 20120808  9.58  8.17 90.30 21.10 94.50 312.2
 RDU 20120809  9.87  9.30 99.60 21.40 94.50 303.2
 RDU 20120810 10.10  7.89 82.50 21.70 94.50 296.3
 RDU 20120811 10.25  7.47 77.10 22.00 94.50 291.7
 RDU 20120812  9.46  8.91 99.60 22.30 94.50 310.0
 RDU 20120813 10.08  9.43 99.10 22.60 94.50 293.2
 RDU 20120815  9.75  7.73 83.80 23.30 94.50 298.1
 RDU 20120816  9.46  8.94100.00 23.60 94.50 304.2
 RDU 20120817  9.84  9.30100.00 24.00 94.50 293.3
 RDU 20120818  9.74  9.20100.00 24.30 94.50 294.3
 RDU 20120819  9.69  8.34 91.00 24.60 94.50 294.0
 RDU 20120820  9.63  7.81 85.90 25.00 94.50 293.9
 RDU 20120825  9.33  4.81 54.50 26.80 94.50 292.7
 RDU 20120826  9.40  8.11 91.30 27.10 94.50 288.9
 RDU 20120827  9.35  8.78 99.40 27.50 94.50 288.2
 RDU 20120828  9.35  8.78 99.40 27.90 94.40 286.3
 RDU 20120831  8.87  8.38100.00 29.00 94.40 292.9
 RDU 20120901  9.07  7.77 90.60 29.40 94.40 285.4
 RDU 20120902  8.94  8.40 99.30 29.80 94.60 286.9
 RDU 20120903  8.97  8.37 98.60 30.20 94.60 283.7
 RDU 20120905  8.95  5.35 63.10 30.90 94.60 279.6
 RDU 20120906  8.76  6.89 83.10 31.30 94.60 282.3
 RDU 20120907  8.26  7.82100.00 31.70 94.60 293.9
 RDU 20120908  8.32  7.56 96.10 32.10 94.60 289.9
 RDU 20120909  7.86  6.77 91.10 32.50 94.60 300.7
 RDU 20120910  7.85  7.43100.00 32.90 94.60 298.4
 RDU 20120911  8.25  7.80100.00 33.30 94.60 284.1
 RDU 20120912  7.87  7.44100.00 33.70 94.60 292.8
 RDU 20120913  7.95  7.52100.00 34.10 94.60 287.7
 RDU 20120914  7.80  6.23 84.40 34.50 94.60 289.5
 RDU 20120915  7.83  7.40100.00 34.90 94.60 285.9
 RDU 20120916  7.70  2.04 28.10 35.30 94.60 287.0
 RDU 20120917  7.51  4.90 68.80 35.70 94.60 290.1
 RDU 20120919  7.55  4.07 56.70 36.50 94.60 282.7
 RDU 20120920  7.50  7.01 98.90 36.90 94.60 281.3
 RDU 20120922  7.59  7.17100.00 37.70 94.60 273.0
 RDU 20120923  6.84  6.47100.00 38.10 94.60 294.0
 RDU 20120924  6.47  6.12100.00 38.50 94.50 304.4
 RDU 20120925  6.88  6.51100.00 38.90 94.50 286.2
 RDU 20120926  6.85  6.48100.00 39.30 94.50 283.9
 RDU 20120927  6.83  6.45100.00 39.70 94.50 281.4
 RDU 20120928  6.87  6.45 99.30 40.10 94.50 276.9
 RDU 20120929  6.11  3.34 57.80 40.50 94.50 301.4
 RDU 20120930  6.40  5.60 92.60 40.90 94.50 286.8
 RDU 20121001  6.75  1.52 23.70 41.30 94.50 271.3
 RDU 20121002  6.84  5.89 91.20 42.10 94.50 261.4
 RDU 20121003  6.87  6.24 96.10 42.50 94.50 257.3
 RDU 20121004  6.94  4.44 67.80 42.80 94.50 252.3
 RDU 20121005  6.83  6.40 99.20 43.20 94.50 252.3
 RDU 20121006  6.52  6.16100.00 43.60 94.50 258.5
 RDU 20121007  5.98  1.10 19.40 44.00 94.50 274.5
 RDU 20121008  5.73  1.00 18.30 44.40 94.50 280.4
 RDU 20121009  5.61  4.92 92.80 44.70 94.50 281.9
 RDU 20121010  5.44  5.13100.00 45.10 94.40 285.7
 RDU 20121012  5.45  5.15100.00 45.90 94.40 277.5
 RDU 20121013  5.44  5.13100.00 46.20 94.40 274.8
 RDU 20121014  5.63  5.32100.00 46.60 94.40 263.2
 RDU 20121015  5.36  3.00 59.30 47.00 94.40 270.9
 RDU 20121016  4.98  4.70100.00 47.30 94.40 284.2
 RDU 20121017  5.17  4.42 90.70 47.70 94.40 271.7
 RDU 20121018  5.27  4.50 90.40 48.00 94.40 263.3
 RDU 20121019  5.21  4.90 99.70 48.40 94.40 262.3
 RDU 20121020  4.89  4.61100.00 48.70 94.40 273.2
 RDU 20121021  4.95  4.67100.00 49.10 94.40 266.4
 RDU 20121022  5.10  4.81100.00 49.40 94.40 256.0
 RDU 20121023  4.89  4.62100.00 49.70 94.40 261.2
 RDU 20121024  4.76  4.49100.00 50.10 94.40 263.8
 RDU 20121025  4.78  4.51100.00 50.40 94.40 259.1
 RDU 20121026  5.09  2.55 53.10 50.70 94.40 242.5
 RDU 20121027  4.97  1.90 40.60 51.00 94.40 244.4
 RDU 20121028  4.75  2.14 47.70 51.30 94.30 250.7
 RDU 20121029  4.55  2.09 48.70 51.60 94.30 256.1
 RDU 20121030  4.34  2.27 55.50 51.90 94.30 263.2
 RDU 20121031  3.79  3.42 95.60 52.20 94.30 291.6
 RDU 20121101  3.58  3.23 95.70 52.50 94.30 301.7
 RDU 20121102  3.53  3.22 96.70 52.50 94.60 305.9
 RDU 20121103  3.73  3.53100.00 52.80 94.60 287.5
 RDU 20121104  3.66  2.00 58.00 53.10 94.60 288.8
 RDU 20121105  3.20  2.99 98.50 53.40 94.60 319.0
 RDU 20121106  3.15  2.33 78.20 53.70 94.60 319.4
 RDU 20121107  2.95  2.39 85.70 53.90 94.60 334.0
 RDU 20121108  2.99  2.82 99.90 54.20 94.50 325.6
 RDU 20121109  3.30  3.12100.00 54.50 94.50 295.0
 RDU 20121110  3.67  3.47100.00 54.70 94.50 265.4
 RDU 20121111  3.95  3.74100.00 55.00 94.50 246.2
 RDU 20121112  3.98  2.96 78.50 55.20 94.50 241.3
 RDU 20121113  3.70  0.51 14.60 55.50 94.50 254.5
 RDU 20121114  3.41  3.23100.00 55.70 94.50 269.3
 RDU 20121115  3.32  2.52 80.50 55.90 94.50 273.0
 RDU 20121116  3.03  2.86100.00 56.10 94.50 292.2
 RDU 20121117  2.93  2.77100.00 56.40 94.50 297.2
 RDU 20121118  3.14  1.26 42.40 56.60 94.50 276.9
 RDU 20121119  3.40  2.72 84.70 56.80 94.50 255.8
 RDU 20121120  3.27  2.64 85.40 57.00 94.50 261.6
 RDU 20121121  2.85  2.66 98.90 57.20 94.50 292.2
 RDU 20121122  2.91  2.75100.00 57.30 94.50 283.3
 RDU 20121123  3.16  2.95 98.90 57.50 94.50 261.3
 RDU 20121124  2.65  2.50100.00 57.70 94.50 302.0
 RDU 20121125  2.70  2.55100.00 57.90 94.50 294.1
 RDU 20121126  2.76  2.61100.00 58.00 94.50 286.2
 RDU 20121127  2.70  1.78 69.70 58.20 94.50 288.8
 RDU 20121128  2.45  2.13 92.00 58.30 94.50 312.5
 RDU 20121129  2.64  2.49100.00 58.50 94.50 290.0
 RDU 20121130  2.66  2.51100.00 58.60 94.50 285.8
 RDU 20121201  2.60  2.46100.00 58.70 94.50 288.8
 RDU 20121202  2.60  2.17 88.50 58.90 94.50 287.4
 RDU 20121203  2.51  1.69 71.00 59.00 94.50 294.4
 RDU 20121204  2.57  2.40 99.00 59.10 94.50 286.3
 RDU 20121205  2.45  0.97 42.00 59.20 94.50 295.8
 RDU 20121206  2.47  2.33100.00 59.30 94.50 292.8
 RDU 20121207  2.88  1.30 47.90 59.40 94.50 254.7
 RDU 20121208  2.70  2.36 92.90 59.40 94.50 268.1
 RDU 20121209  2.61  1.60 65.50 59.50 94.50 274.8
 RDU 20121210  2.52  1.41 59.10 59.60 94.40 281.7
 RDU 20121211  2.68  0.81 32.00 59.70 94.40 266.0
 RDU 20121212  2.76  1.43 55.00 59.70 94.40 257.9
 RDU 20121213  2.60  1.75 71.40 59.80 94.40 271.2
 RDU 20121214  2.55  2.41100.00 59.80 94.40 275.3
 RDU 20121215  2.60  1.95 79.30 59.80 94.40 269.7
 RDU 20121216  2.70  1.82 71.20 59.90 94.40 260.8
 RDU 20121217  2.64  1.53 61.20 59.90 94.40 265.4
 RDU 20121218  2.32  2.18 99.60 59.90 94.40 297.7
 RDU 20121219  2.60  2.45100.00 59.90 94.40 269.2
 RDU 20121220  2.72  2.26 88.10 59.90 94.40 258.7
 RDU 20121221  2.31  2.15 98.60 59.90 94.40 298.4
 RDU 20121222  2.26  2.13100.00 59.90 94.40 304.9
 RDU 20121223  2.41  2.28100.00 59.90 94.40 288.0
 RDU 20121224  2.43  0.98 42.30 59.80 94.40 286.9
 RDU 20121225  2.38  2.21 98.60 59.80 94.40 293.2
 RDU 20121226  2.32  0.41 18.80 59.80 94.40 300.6
 RDU 20121227  2.30  2.17100.00 59.70 94.40 303.5
 RDU 20121228  2.55  2.28 94.60 59.70 94.40 278.0
 RDU 20121229  2.47  1.07 46.00 59.60 94.40 287.7
 RDU 20121230  2.39  2.25100.00 59.50 94.50 297.8
 RDU 20121231  2.66  2.42 96.20 59.40 94.50 272.2
 RDU 20130101  2.77  0.39 14.80 59.40 94.50 264.1
