 SEA 20120102  0.74  0.26 36.60 70.80 96.40 377.1
 SEA 20120103  0.89  0.41 47.30 70.70 96.40 313.2
 SEA 20120104  0.87  0.60 71.80 70.60 96.40 322.9
 SEA 20120105  0.84  0.54 67.50 70.50 96.40 339.0
 SEA 20120106  0.77  0.72 93.00 70.40 96.40 375.8
 SEA 20120107  0.84  0.64 79.20 70.20 96.40 345.9
 SEA 20120108  0.86  0.83100.00 70.10 96.40 340.6
 SEA 20120109  0.87  0.40 48.20 70.00 96.40 340.1
 SEA 20120110  0.85  0.75 90.70 69.80 96.40 353.4
 SEA 20120111  0.94  0.85 94.40 69.70 96.40 326.8
 SEA 20120112  0.99  0.91 95.10 69.50 96.40 314.8
 SEA 20120113  0.96  0.93 99.80 69.40 96.40 329.2
 SEA 20120114  0.85  0.27 32.30 69.20 96.40 379.3
 SEA 20120115  0.81  0.87 93.80 69.00 96.40 409.8
 SEA 20120116  0.83  0.71 88.50 68.90 96.40 407.0
 SEA 20120117  0.79  0.41 45.90 68.70 96.40 436.7
 SEA 20120118  0.95  0.49 45.20 68.50 96.40 367.7
 SEA 20120119  0.98  0.92 82.00 68.30 96.40 360.2
 SEA 20120120  1.03  0.44 41.80 68.10 96.40 350.3
 SEA 20120121  1.01  0.37 36.00 67.90 96.40 366.4
 SEA 20120122  1.12  0.61 52.40 67.60 96.40 336.7
 SEA 20120123  1.05  1.10100.00 67.40 96.40 366.2
 SEA 20120124  1.30  0.29 22.60 67.20 96.40 302.3
 SEA 20120125  1.25  0.56 44.40 67.00 96.40 320.4
 SEA 20120126  1.18  0.82 66.80 66.70 96.40 344.4
 SEA 20120127  1.19  1.23 98.70 66.50 96.40 350.2
 SEA 20120128  1.24  0.98 80.80 66.20 96.40 340.3
 SEA 20120129  1.30  0.29 23.00 66.00 96.40 331.6
 SEA 20120130  1.27  0.67 51.80 65.70 96.40 346.7
 SEA 20120131  1.21  0.67 53.00 65.40 96.40 371.6
 SEA 20120201  1.20  0.66 55.00 65.20 96.40 383.8
 SEA 20120202  1.33  1.26 97.80 64.90 96.50 353.9
 SEA 20120203  1.40  1.37100.00 64.60 96.50 342.5
 SEA 20120204  1.45  1.41 99.90 64.30 96.50 339.7
 SEA 20120205  1.50  1.45100.00 64.00 96.50 336.9
 SEA 20120206  1.50  1.43 98.90 63.80 96.50 345.7
 SEA 20120207  1.48  1.43 99.90 63.50 96.50 357.9
 SEA 20120209  1.88  0.38 20.70 62.80 96.50 299.9
 SEA 20120210  1.75  0.40 23.50 62.50 96.50 327.8
 SEA 20120211  1.80  1.72 98.80 62.20 96.50 325.4
 SEA 20120212  1.90  1.73 94.90 61.90 96.50 317.7
 SEA 20120213  1.88  1.58 87.40 61.60 96.50 326.8
 SEA 20120214  1.78  1.26 73.10 61.20 96.50 351.8
 SEA 20120215  1.80  1.58 91.10 60.90 96.50 354.9
 SEA 20120216  1.84  0.99 55.80 60.60 96.50 354.6
 SEA 20120217  1.90  1.10 59.90 60.20 96.50 352.2
 SEA 20120218  1.67  0.32 18.60 59.90 96.50 406.3
 SEA 20120219  1.73  1.59 87.80 59.50 96.50 401.8
 SEA 20120220  1.88  0.95 52.50 59.20 96.50 380.9
 SEA 20120221  2.22  0.20  9.40 58.80 96.50 334.3
 SEA 20120222  2.27  1.71 75.40 58.50 96.50 335.2
 SEA 20120223  2.43  2.45 97.40 58.10 96.50 321.7
 SEA 20120224  2.53  1.15 47.10 57.70 96.50 317.0
 SEA 20120225  2.22  0.67 29.60 57.40 96.50 364.6
 SEA 20120226  1.93  1.97 97.40 57.00 96.50 424.8
 SEA 20120227  2.15  2.23100.00 56.60 96.60 391.6
 SEA 20120228  2.32  2.17 96.80 56.20 96.60 371.8
 SEA 20120229  1.98  1.30 62.00 55.90 96.60 440.6
 SEA 20120302  2.78  1.71 59.00 55.10 96.00 335.4
 SEA 20120303  3.37  1.32 38.80 54.70 96.00 288.5
 SEA 20120304  3.46  3.09 93.20 54.30 96.10 288.5
 SEA 20120305  2.60  0.39 14.90 53.90 96.10 378.7
 SEA 20120306  2.71  2.24 80.10 53.60 96.10 371.4
 SEA 20120307  3.39  3.25100.00 53.20 96.10 311.5
 SEA 20120308  3.51  3.30 98.00 52.80 96.10 308.0
 SEA 20120309  3.54  0.80 23.60 52.40 96.10 311.2
 SEA 20120310  3.05  1.80 61.90 52.00 96.10 361.5
 SEA 20120313  2.36  1.12 46.00 50.80 96.10 483.0
 SEA 20120314  3.04  0.70 21.10 50.40 96.10 389.0
 SEA 20120315  3.24  1.60 51.70 50.00 96.10 373.2
 SEA 20120316  3.07  2.33 78.40 49.60 96.10 398.3
 SEA 20120317  2.92  1.66 57.10 49.20 96.10 424.9
 SEA 20120318  2.91  2.32 83.40 48.80 96.10 434.2
 SEA 20120319  3.17  3.06100.00 48.40 96.10 408.3
 SEA 20120320  3.92  1.54 39.70 48.00 96.10 344.2
 SEA 20120321  3.79  3.97100.00 47.60 96.10 360.4
 SEA 20120322  3.84  3.57 95.70 47.20 96.10 361.1
 SEA 20120323  3.75  3.58 99.10 46.80 96.10 374.5
 SEA 20120324  3.97  3.77 98.80 46.40 96.10 361.9
 SEA 20120325  3.87  2.52 67.90 46.00 96.20 375.9
 SEA 20120326  3.62  2.91 83.80 45.60 96.20 404.1
 SEA 20120327  3.93  2.66 70.70 45.20 96.20 381.4
 SEA 20120328  3.84  2.40 65.30 44.80 96.20 395.2
 SEA 20120329  4.17  2.10 52.70 44.40 96.20 373.3
 SEA 20120330  4.63  3.55 79.90 44.00 96.20 345.4
 SEA 20120331  5.26  2.38 47.30 43.60 96.20 314.4
 SEA 20120401  4.41  3.65 86.20 43.20 96.20 370.0
 SEA 20120402  5.14  4.01 80.90 42.80 96.20 329.0
 SEA 20120403  4.86  0.85 18.20 42.40 96.20 349.4
 SEA 20120404  4.38  3.09 73.70 42.00 96.20 387.0
 SEA 20120405  4.11  3.55 89.90 41.60 96.20 414.0
 SEA 20120406  4.02  3.12 80.70 41.20 96.20 427.4
 SEA 20120407  4.57  4.40100.00 40.80 96.20 386.9
 SEA 20120408  5.07  4.52 92.70 40.50 96.20 357.9
 SEA 20120409  5.32  4.86 95.10 40.10 96.20 347.7
 SEA 20120410  5.58  5.03 93.70 39.70 96.20 337.2
 SEA 20120411  5.25  2.13 42.60 39.30 96.20 359.1
 SEA 20120412  5.06  4.81 98.80 39.00 96.20 374.8
 SEA 20120413  5.19  4.96 99.40 38.60 96.20 371.0
 SEA 20120414  5.63  5.42100.00 38.20 96.20 349.4
 SEA 20120415  5.73  5.51100.00 37.90 96.20 347.9
 SEA 20120416  5.89  1.28 22.70 37.50 96.20 343.0
 SEA 20120417  5.75  5.22 94.30 37.10 96.20 353.7
 SEA 20120418  5.23  3.97 79.00 36.80 96.20 386.8
 SEA 20120419  6.13  5.16 87.50 36.40 96.20 341.2
 SEA 20120420  6.36  1.86 30.40 36.10 96.20 333.9
 SEA 20120421  7.22  5.83 84.00 35.70 96.20 303.0
 SEA 20120422  7.34  7.02 99.30 35.40 96.20 301.3
 SEA 20120423  7.57  7.29100.00 35.10 96.30 296.2
 SEA 20120424  6.61  1.61 25.10 34.70 96.30 334.6
 SEA 20120425  6.54  1.46 23.30 34.40 96.30 339.8
 SEA 20120426  5.50  4.21 79.80 34.10 96.30 396.3
 SEA 20120427  5.95  4.63 81.10 33.80 96.30 373.8
 SEA 20120428  6.41  6.10 99.00 33.40 96.30 353.6
 SEA 20120429  6.74  4.90 75.80 33.10 96.30 341.0
 SEA 20120430  6.38  1.34 22.00 32.80 96.30 359.9
 SEA 20120501  6.29  3.65 60.50 32.50 96.30 366.6
 SEA 20120502  5.86  4.66 83.40 32.20 95.80 391.8
 SEA 20120503  5.91  2.87 50.80 31.90 95.80 391.4
 SEA 20120504  5.64  4.88 90.40 31.60 95.80 409.8
 SEA 20120505  5.79  4.79 86.80 31.30 95.80 403.6
 SEA 20120506  6.59  6.29 99.70 31.10 95.80 363.6
 SEA 20120507  7.31  6.95 99.30 30.80 95.80 335.5
 SEA 20120508  7.20  6.89 99.90 30.50 95.80 341.6
 SEA 20120509  6.85  6.55100.00 30.20 95.80 358.4
 SEA 20120510  6.69  6.40100.00 30.00 95.80 367.5
 SEA 20120511  6.76  6.47100.00 29.70 95.80 365.9
 SEA 20120512  7.45  7.14100.00 29.50 95.80 338.6
 SEA 20120513  7.94  7.58 99.60 29.20 95.80 322.9
 SEA 20120514  8.06  7.72100.00 29.00 95.80 320.1
 SEA 20120515  8.02  7.42 96.60 28.80 95.80 323.0
 SEA 20120516  7.22  6.90 99.80 28.50 95.80 354.0
 SEA 20120517  6.65  6.37100.00 28.30 95.80 380.3
 SEA 20120518  7.11  6.76 99.30 28.10 95.80 361.2
 SEA 20120519  7.60  7.28100.00 27.90 95.80 343.1
 SEA 20120520  7.90  2.57 33.90 27.70 95.80 333.6
 SEA 20120521  7.48  1.92 27.00 27.50 95.80 350.3
 SEA 20120522  7.06  5.74 85.00 27.30 95.80 368.5
 SEA 20120523  6.75  1.37 21.10 27.10 95.80 383.8
 SEA 20120524  6.58  5.74 91.30 26.90 95.80 393.6
 SEA 20120525  7.04  6.56 97.40 26.80 95.80 373.1
 SEA 20120526  6.85  6.56100.00 26.60 95.80 382.3
 SEA 20120527  6.92  6.62100.00 26.40 95.80 380.4
 SEA 20120528  7.12  5.93 87.20 26.30 95.80 372.4
 SEA 20120529  7.25  6.62 95.40 26.10 95.80 367.8
 SEA 20120530  8.22  5.26 66.60 26.00 95.80 332.1
 SEA 20120531  8.39  4.56 56.80 25.80 95.80 327.1
 SEA 20120601  9.36  2.73 30.50 25.70 95.80 299.4
 SEA 20120602  7.92  6.46 85.40 25.60 95.80 344.7
 SEA 20120603  8.12  5.18 66.40 25.50 95.80 338.2
 SEA 20120604  8.55  1.51 18.50 25.40 95.80 324.8
 SEA 20120605  8.08  1.23 15.90 25.30 95.80 340.7
 SEA 20120606  8.01  6.85 89.30 25.20 95.80 343.6
 SEA 20120607  7.44  1.13 15.90 25.10 95.80 365.7
 SEA 20120608  7.30  6.45 92.30 25.00 95.80 372.4
 SEA 20120609  7.56  3.38 46.80 24.90 95.80 361.9
 SEA 20120610  7.41  6.00 84.60 24.90 95.80 368.2
 SEA 20120611  7.44  7.13100.00 24.80 95.80 367.4
 SEA 20120612  7.79  3.57 47.80 24.70 95.80 353.9
 SEA 20120613  7.43  2.50 35.00 24.70 95.80 368.2
 SEA 20120614  7.23  6.93100.00 24.60 95.80 376.9
 SEA 20120615  8.24  7.71 97.70 24.60 95.80 338.3
 SEA 20120616  8.91  4.81 56.40 24.60 95.80 317.0
 SEA 20120617  7.90  1.89 24.80 24.60 95.80 350.6
 SEA 20120618  7.78  3.90 52.80 24.60 95.80 355.0
 SEA 20120619  7.36  5.62 80.00 24.50 95.80 371.7
 SEA 20120620  8.22  7.83 99.40 24.50 95.80 339.0
 SEA 20120621  8.81  6.88 81.50 24.60 95.80 320.0
 SEA 20120622  8.29  2.04 25.60 24.60 95.80 336.4
 SEA 20120623  8.17  2.91 37.40 24.60 95.80 340.4
 SEA 20120624  7.92  4.46 59.00 24.60 95.80 349.2
 SEA 20120625  8.45  7.17 88.60 24.60 95.80 330.8
 SEA 20120626  7.92  2.30 30.40 24.70 95.80 348.8
 SEA 20120627  8.11  7.77100.00 24.70 95.80 341.5
 SEA 20120628  8.32  7.79 97.80 24.80 95.80 334.4
 SEA 20120629  8.16  6.69 85.60 24.90 95.80 339.2
 SEA 20120630  8.36  6.64 83.00 24.90 95.80 332.1
 SEA 20120701  8.34  6.76 84.70 25.00 95.80 332.5
 SEA 20120702  8.59  6.72 81.50 25.10 95.80 323.8
 SEA 20120703  7.70  5.45 74.40 25.20 95.80 354.1
 SEA 20120704  7.72  7.37 99.60 25.30 95.80 352.6
 SEA 20120705  7.86  7.53100.00 25.40 95.80 346.9
 SEA 20120706  8.16  7.81100.00 25.50 95.80 335.7
 SEA 20120707  9.06  8.68100.00 25.60 95.80 307.2
 SEA 20120708  9.71  9.31100.00 25.70 95.80 289.6
 SEA 20120709  9.41  9.01100.00 25.80 95.80 296.5
 SEA 20120710  9.66  9.26100.00 26.00 95.80 289.4
 SEA 20120711  9.66  9.25100.00 26.10 95.80 288.8
 SEA 20120712  8.87  8.50100.00 26.30 95.80 308.9
 SEA 20120713  8.27  7.92100.00 26.40 95.80 326.5
 SEA 20120714  8.34  7.89 98.70 26.60 95.80 323.0
 SEA 20120715  7.86  6.20 82.20 26.80 95.80 338.2
 SEA 20120716  8.75  7.62 91.00 26.90 95.80 308.7
 SEA 20120717  9.10  5.62 64.60 27.10 95.80 297.8
 SEA 20120718  8.43  8.07100.00 27.30 95.80 316.2
 SEA 20120719  8.93  8.55100.00 27.50 95.80 300.4
 SEA 20120720  8.19  6.27 79.90 27.70 95.80 321.3
 SEA 20120721  8.40  8.04100.00 27.90 95.80 313.7
 SEA 20120722  8.37  8.02100.00 28.10 95.80 313.4
 SEA 20120723  8.36  7.53 94.10 28.30 95.80 312.5
 SEA 20120724  8.99  8.61100.00 28.50 95.80 292.9
 SEA 20120725  8.82  8.45100.00 28.80 95.80 296.3
 SEA 20120726  9.03  8.65100.00 29.00 95.80 289.4
 SEA 20120727  8.27  7.92100.00 29.20 95.80 309.7
 SEA 20120728  8.61  7.80 94.50 29.50 95.80 298.0
 SEA 20120729  8.79  8.42100.00 29.70 95.80 291.9
 SEA 20120730  8.49  8.13100.00 30.00 95.80 298.5
 SEA 20120731  8.13  7.61 97.70 30.20 95.80 308.0
 SEA 20120801  8.47  8.11100.00 30.50 95.80 295.9
 SEA 20120802  8.14  6.72 86.40 30.80 95.80 304.1
 SEA 20120803  8.10  7.76100.00 31.10 95.80 303.4
 SEA 20120804  7.97  7.63100.00 31.30 95.80 305.8
 SEA 20120805  8.36  8.00100.00 31.60 95.80 292.2
 SEA 20120806  8.49  6.22 76.60 31.90 95.80 286.7
 SEA 20120807  8.16  7.71 98.70 32.20 95.80 294.2
 SEA 20120808  7.84  7.51100.00 32.50 95.80 301.9
 SEA 20120809  7.84  7.34 97.90 32.80 95.70 300.0
 SEA 20120810  7.79  7.46100.00 33.10 95.70 299.2
 SEA 20120811  8.20  7.85100.00 33.40 95.70 285.1
 SEA 20120812  7.72  7.39100.00 33.80 95.70 297.3
 SEA 20120813  8.09  7.63 98.50 34.10 95.70 283.9
 SEA 20120815  7.77  7.44100.00 34.70 95.70 289.2
 SEA 20120816  7.93  7.60100.00 35.10 95.70 281.6
 SEA 20120817  7.91  7.57100.00 35.40 95.70 280.1
 SEA 20120818  7.86  7.49 99.60 35.70 95.70 279.0
 SEA 20120819  7.20  6.89100.00 36.10 95.70 297.5
 SEA 20120820  7.00  6.62 98.80 36.40 95.70 301.7
 SEA 20120825  6.59  6.31100.00 38.20 95.70 302.2
 SEA 20120826  6.47  5.98 96.60 38.60 95.70 303.8
 SEA 20120827  6.42  6.15100.00 39.00 95.70 302.5
 SEA 20120828  6.08  5.77 99.20 39.30 95.70 313.5
 SEA 20120831  5.80  5.55100.00 40.50 95.70 315.5
 SEA 20120901  5.93  5.67100.00 40.80 95.70 306.2
 SEA 20120902  5.86  5.64100.00 41.20 96.20 305.4
 SEA 20120903  5.73  5.51100.00 41.60 96.20 307.4
 SEA 20120905  5.89  5.67100.00 42.40 96.20 293.0
 SEA 20120906  5.64  5.42100.00 42.80 96.20 300.0
 SEA 20120907  5.77  5.55100.00 43.20 96.20 290.8
 SEA 20120908  5.93  5.67 99.50 43.60 96.20 280.3
 SEA 20120909  5.43  5.18 99.20 44.00 96.20 297.5
 SEA 20120910  4.96  4.59 96.30 44.40 96.20 316.8
 SEA 20120911  5.27  5.06100.00 44.80 96.20 297.0
 SEA 20120912  5.54  5.33100.00 45.20 96.20 280.4
 SEA 20120913  5.47  5.26100.00 45.60 96.20 279.4
 SEA 20120914  5.33  5.12100.00 46.00 96.20 281.8
 SEA 20120915  4.93  4.73 99.90 46.40 96.10 296.6
 SEA 20120916  5.00  4.80100.00 46.80 96.10 288.9
 SEA 20120917  5.11  4.92100.00 47.20 96.10 278.9
 SEA 20120919  4.78  4.60100.00 48.00 96.10 286.2
 SEA 20120920  4.73  4.55100.00 48.40 96.10 284.1
 SEA 20120922  4.81  4.43 95.80 49.20 96.10 271.3
 SEA 20120923  4.34  4.17100.00 49.60 96.10 290.6
 SEA 20120924  4.80  4.62100.00 50.00 96.10 262.0
 SEA 20120925  4.76  3.39 74.20 50.40 96.10 259.6
 SEA 20120926  4.70  4.39 97.10 50.80 96.10 258.0
 SEA 20120927  4.70  4.52100.00 51.20 96.10 253.9
 SEA 20120928  4.70  3.86 85.50 51.60 96.10 249.7
 SEA 20120929  4.57  2.92 66.70 52.00 96.10 251.3
 SEA 20120930  4.56  4.38100.00 52.40 96.10 247.2
 SEA 20121001  4.66  4.46 99.60 52.80 96.10 238.2
 SEA 20121002  3.76  3.60 99.70 53.60 96.10 275.0
 SEA 20121003  3.51  3.37100.00 53.90 96.10 286.3
 SEA 20121004  3.36  3.22100.00 54.30 96.10 291.4
 SEA 20121005  3.43  3.29100.00 54.70 96.00 280.2
 SEA 20121006  3.56  3.42100.00 55.10 96.00 265.9
 SEA 20121007  3.59  3.45100.00 55.50 96.00 258.9
 SEA 20121008  3.52  3.38100.00 55.90 96.00 258.5
 SEA 20121009  3.48  3.34100.00 56.20 96.00 256.4
 SEA 20121010  3.47  3.33100.00 56.60 96.00 252.3
 SEA 20121012  3.22  1.49 48.20 57.40 96.00 258.2
 SEA 20121013  2.84  1.33 49.30 57.70 96.00 281.7
 SEA 20121014  2.98  0.73 25.40 58.10 96.00 264.9
 SEA 20121015  2.78  2.43 90.80 58.50 96.00 275.4
 SEA 20121016  2.51  1.51 63.00 58.80 96.00 294.8
 SEA 20121017  2.77  2.62 98.70 59.20 96.00 265.0
 SEA 20121018  2.80  2.04 75.70 59.50 96.00 256.5
 SEA 20121019  2.55  0.46 18.70 59.90 96.00 272.4
 SEA 20121020  1.91  1.14 60.30 60.20 96.00 345.0
 SEA 20121021  1.73  1.58 95.40 60.60 96.00 371.8
 SEA 20121022  1.64  1.40 88.90 60.90 96.00 381.6
 SEA 20121023  1.62  1.55 99.90 61.20 96.00 378.5
 SEA 20121024  1.60  1.24 81.20 61.60 96.00 376.4
 SEA 20121025  1.70  1.61 99.10 61.90 95.90 347.4
 SEA 20121026  1.76  0.47 28.10 62.20 95.90 329.2
 SEA 20121027  1.86  0.98 55.10 62.50 95.90 306.0
 SEA 20121028  1.93  1.01 54.30 62.80 95.90 288.6
 SEA 20121029  1.97  1.18 63.30 63.10 95.90 277.7
 SEA 20121030  2.04  0.22 11.30 63.50 95.90 262.8
 SEA 20121031  1.87  0.62 34.70 63.80 95.90 278.0
 SEA 20121101  1.65  1.24 78.80 64.00 95.90 305.5
 SEA 20121102  1.80  1.67 96.40 64.00 96.50 282.2
 SEA 20121103  1.85  0.43 24.20 64.30 96.50 269.4
 SEA 20121104  1.96  0.48 25.70 64.60 96.50 249.7
 SEA 20121105  2.02  1.91 98.00 64.90 96.50 237.3
 SEA 20121106  1.86  1.13 63.10 65.20 96.40 250.9
 SEA 20121107  1.43  1.34 96.60 65.40 96.40 311.6
 SEA 20121108  1.16  1.11 99.30 65.70 96.40 374.7
 SEA 20121109  1.18  1.04 91.40 66.00 96.40 360.5
 SEA 20121110  1.27  1.22 99.90 66.20 96.40 330.4
 SEA 20121111  1.36  1.14 86.20 66.50 96.40 302.8
 SEA 20121112  1.25  0.52 43.50 66.70 96.40 322.7
 SEA 20121113  1.26  0.96 79.40 67.00 96.40 314.6
 SEA 20121114  1.26  0.98 81.20 67.20 96.40 308.7
 SEA 20121115  1.25  1.19 99.00 67.40 96.40 305.7
 SEA 20121116  1.31  1.08 85.50 67.60 96.40 285.8
 SEA 20121117  1.20  0.65 56.20 67.90 96.40 305.6
 SEA 20121118  1.14  0.72 65.50 68.10 96.40 314.8
 SEA 20121119  1.17  0.15 13.50 68.30 96.40 301.4
 SEA 20121120  1.05  0.33 32.40 68.50 96.40 329.0
 SEA 20121121  1.02  0.60 60.90 68.70 96.40 331.3
 SEA 20121122  1.21  0.82 69.70 68.90 96.40 275.7
 SEA 20121123  1.23  0.09  7.90 69.00 96.40 267.4
 SEA 20121124  1.10  1.02 96.00 69.20 96.40 290.8
 SEA 20121125  1.13  1.07 98.60 69.40 96.40 279.3
 SEA 20121126  1.16  1.10 98.60 69.50 96.40 269.2
 SEA 20121127  1.12  1.02 95.00 69.70 96.40 273.1
 SEA 20121128  1.14  0.78 71.30 69.80 96.40 264.2
 SEA 20121129  1.04  0.41 41.50 70.00 96.40 282.6
 SEA 20121130  1.03  0.76 76.20 70.10 96.40 283.6
 SEA 20121201  0.93  0.23 25.70 70.20 96.40 308.7
 SEA 20121202  0.87  0.16 19.00 70.40 96.40 327.0
 SEA 20121203  1.08  0.56 51.20 70.50 96.40 261.8
 SEA 20121204  0.98  0.43 45.80 70.60 96.40 285.9
 SEA 20121205  0.93  0.85 95.20 70.70 96.40 297.3
 SEA 20121206  0.74  0.20 25.90 70.80 96.40 372.8
 SEA 20121207  0.77  0.59 75.10 70.90 96.40 356.3
 SEA 20121208  0.89  0.71 77.10 71.00 96.40 303.1
 SEA 20121209  0.93  0.35 38.50 71.00 96.40 289.6
 SEA 20121210  0.93  0.72 80.50 71.10 96.40 285.9
 SEA 20121211  0.81  0.33 41.80 71.20 96.40 326.7
 SEA 20121212  0.76  0.66 86.00 71.20 96.40 346.0
 SEA 20121213  0.81  0.81 97.60 71.30 96.40 323.4
 SEA 20121214  0.75  0.63 87.20 71.30 96.40 352.3
 SEA 20121215  0.73  0.31 44.60 71.30 96.40 360.9
 SEA 20121216  0.75  0.61 78.70 71.40 96.40 346.1
 SEA 20121217  0.72  0.39 53.20 71.40 96.40 363.6
 SEA 20121218  0.68  0.64 82.60 71.40 96.40 385.9
 SEA 20121219  0.69  0.15 22.10 71.40 96.40 380.3
 SEA 20121220  0.69  0.31 42.60 71.40 96.40 379.2
 SEA 20121221  0.67  0.46 64.00 71.40 96.40 390.9
 SEA 20121222  0.65  0.33 48.10 71.40 96.40 405.8
 SEA 20121223  0.65  0.56 81.90 71.40 96.40 408.9
 SEA 20121224  0.69  0.69 95.40 71.30 96.40 382.3
 SEA 20121225  0.71  0.39 51.50 71.30 96.40 369.3
 SEA 20121226  0.67  0.63 96.50 71.30 96.40 398.7
 SEA 20121227  0.72  0.48 69.00 71.20 96.40 371.6
 SEA 20121228  0.76  0.69 93.50 71.20 96.40 350.8
 SEA 20121229  0.72  0.38 52.10 71.10 96.40 374.4
 SEA 20121230  0.73  0.70100.00 71.00 96.40 373.8
 SEA 20121231  0.77  0.58 79.00 71.00 96.40 353.5
 SEA 20130101  0.87  0.83 98.90 70.90 96.40 313.7
