 BOS 20060102  1.49  1.40 97.50 65.80 96.20 291.1
 BOS 20060103  1.48  0.50 35.70 65.70 96.20 295.0
 BOS 20060104  1.49  1.43100.00 65.60 96.20 295.3
 BOS 20060105  1.45  0.40 28.60 65.50 96.20 304.9
 BOS 20060106  1.40  0.90 66.90 65.40 96.20 317.7
 BOS 20060107  1.24  1.20100.00 65.30 96.20 359.9
 BOS 20060108  1.17  0.39 34.00 65.20 96.20 385.3
 BOS 20060109  1.43  1.06 76.30 65.00 96.20 320.2
 BOS 20060110  1.34  1.29100.00 64.90 96.20 345.3
 BOS 20060111  1.54  1.32 89.10 64.80 96.20 305.9
 BOS 20060112  1.53  1.47100.00 64.60 96.20 312.7
 BOS 20060113  1.65  1.58100.00 64.40 96.20 295.2
 BOS 20060114  1.70  0.70 42.90 64.30 96.20 291.3
 BOS 20060115  1.44  0.32 22.80 64.10 96.20 344.6
 BOS 20060116  1.57  1.49 97.70 63.90 96.20 321.2
 BOS 20060117  1.77  1.67 97.70 63.70 96.30 291.7
 BOS 20060118  1.88  0.46 25.00 63.50 96.30 280.1
 BOS 20060119  1.64  1.54 97.70 63.30 96.30 323.2
 BOS 20060120  1.84  1.69 95.60 63.10 96.30 295.0
 BOS 20060121  1.90  1.74 95.10 62.90 96.30 291.5
 BOS 20060122  1.76  1.69100.00 62.70 96.30 316.8
 BOS 20060123  1.92  0.33 17.90 62.50 96.30 297.5
 BOS 20060124  1.66  1.60100.00 62.30 96.30 344.8
 BOS 20060125  1.49  0.46 31.70 62.00 96.30 389.1
 BOS 20060126  1.48  1.44100.00 61.80 96.30 399.0
 BOS 20060127  1.68  1.57 95.40 61.60 96.30 357.8
 BOS 20060128  1.94  1.64 87.80 61.30 96.30 318.7
 BOS 20060131  1.99  0.58 30.30 60.50 96.30 327.0
 BOS 20060201  2.08  1.99 99.30 60.30 96.30 317.8
 BOS 20060202  2.29  1.67 75.80 60.00 96.30 297.4
 BOS 20060203  2.45  0.25 10.70 59.70 96.30 284.5
 BOS 20060204  2.54  1.86 76.00 59.40 96.30 280.5
 BOS 20060205  2.20  1.07 50.30 59.10 96.30 325.2
 BOS 20060206  1.82  1.33 76.30 58.80 96.30 396.5
 BOS 20060207  1.98  1.91 99.90 58.50 96.30 372.1
 BOS 20060208  2.21  2.13100.00 58.20 96.30 343.5
 BOS 20060209  1.81  1.71 97.90 57.90 96.30 420.6
 BOS 20060210  1.92  1.81 97.70 57.60 96.30 405.5
 BOS 20060211  1.97  1.89 99.70 57.30 96.30 404.0
 BOS 20060212  1.95  0.39 20.60 57.00 96.30 415.2
 BOS 20060213  1.81  1.77100.00 56.60 96.30 453.5
 BOS 20060214  2.58  2.48 99.90 56.30 96.30 332.6
 BOS 20060215  3.16  2.98 97.90 56.00 96.40 282.6
 BOS 20060216  3.42  3.29 99.80 55.60 96.40 268.8
 BOS 20060217  2.90  0.61 21.70 55.30 96.40 315.4
 BOS 20060218  2.31  1.59 71.50 54.90 96.40 394.0
 BOS 20060219  2.29  2.21100.00 54.60 96.40 404.7
 BOS 20060220  2.79  2.69100.00 54.20 96.40 344.9
 BOS 20060221  2.62  2.48 98.40 53.90 96.40 371.9
 BOS 20060222  2.70  2.60100.00 53.50 96.40 369.3
 BOS 20060223  2.60  2.27 90.50 53.20 96.40 388.3
 BOS 20060224  2.20  2.07 97.60 52.80 96.40 462.9
 BOS 20060225  2.77  1.59 59.60 52.40 96.40 380.5
 BOS 20060226  2.34  2.28100.00 52.10 96.40 452.0
 BOS 20060227  2.13  1.93 93.80 51.70 96.40 502.9
 BOS 20060228  2.20  2.11 98.40 51.30 96.40 496.1
 BOS 20060301  2.51  2.43100.00 50.90 96.40 446.7
 BOS 20060302  2.84  1.50 54.80 50.60 96.20 405.2
 BOS 20060303  2.50  2.37 98.10 50.20 96.20 463.8
 BOS 20060304  2.56  2.11 85.10 49.80 96.20 460.3
 BOS 20060305  2.83  2.72100.00 49.40 96.20 427.1
 BOS 20060306  3.10  2.98100.00 49.00 96.30 400.2
 BOS 20060307  3.45  3.07 92.70 48.60 96.30 370.2
 BOS 20060308  3.54  3.36 98.50 48.20 96.30 367.1
 BOS 20060309  3.77  2.05 56.50 47.90 96.30 353.6
 BOS 20060310  4.17  1.79 44.70 47.50 96.30 328.8
 BOS 20060311  4.95  4.77100.00 47.10 96.30 288.6
 BOS 20060312  5.56  4.33 81.00 46.70 96.30 266.0
 BOS 20060313  5.22  4.71 93.90 46.30 96.30 284.5
 BOS 20060314  5.11  0.69 14.00 45.90 96.30 293.8
 BOS 20060315  3.59  3.09 89.40 45.50 96.30 403.7
 BOS 20060316  4.03  3.86 99.50 45.10 96.30 370.3
 BOS 20060317  3.91  3.75 99.50 44.70 96.30 385.7
 BOS 20060318  3.91  3.77100.00 44.30 96.30 390.8
 BOS 20060319  3.96  3.81 99.90 43.90 96.30 392.3
 BOS 20060320  3.93  3.66 96.60 43.50 96.30 400.5
 BOS 20060321  4.17  3.94 98.00 43.10 96.30 385.4
 BOS 20060322  3.97  3.22 84.30 42.70 96.30 408.2
 BOS 20060323  4.33  3.38 81.00 42.30 96.30 382.8
 BOS 20060324  4.53  3.79 87.00 41.90 96.30 373.7
 BOS 20060325  4.43  2.60 60.80 41.50 96.30 385.4
 BOS 20060326  4.44  2.76 64.50 41.00 96.30 389.4
 BOS 20060327  3.77  3.64100.00 40.60 96.30 455.0
 BOS 20060328  4.23  4.07100.00 40.20 96.30 416.7
 BOS 20060329  4.61  4.44100.00 39.90 96.30 391.0
 BOS 20060330  5.33  5.13 99.80 39.50 96.40 349.3
 BOS 20060331  6.02  5.79 99.80 39.10 96.40 318.8
 BOS 20060401  5.44  3.55 67.80 38.70 96.40 351.7
 BOS 20060402  5.95  5.74100.00 38.30 96.40 329.3
 BOS 20060403  6.70  3.80 58.70 37.90 96.40 301.2
 BOS 20060404  5.34  3.60 69.90 37.50 96.40 369.1
 BOS 20060406  4.94  4.76 99.90 36.70 96.40 402.0
 BOS 20060407  6.02  3.76 64.70 36.30 96.40 343.4
 BOS 20060408  6.09  1.75 29.90 35.90 96.40 343.7
 BOS 20060410  5.80  5.59100.00 35.20 96.40 365.0
 BOS 20060411  5.67  4.83 88.40 34.80 96.40 375.7
 BOS 20060412  6.37  5.85 95.30 34.40 96.40 343.7
 BOS 20060413  6.71  3.48 53.80 34.10 96.40 331.9
 BOS 20060414  6.42  5.98 96.60 33.70 96.40 347.4
 BOS 20060415  6.23  5.24 87.10 33.30 96.40 358.7
 BOS 20060416  5.80  5.54 99.20 33.00 96.40 384.8
 BOS 20060417  5.90  4.67 82.20 32.60 96.40 382.2
 BOS 20060418  6.17  3.19 53.70 32.20 96.40 371.0
 BOS 20060419  6.36  3.24 52.90 31.90 96.40 364.3
 BOS 20060420  6.72  6.48100.00 31.50 96.40 350.5
 BOS 20060421  6.32  6.10100.00 31.20 96.40 371.6
 BOS 20060422  7.26  3.49 49.90 30.80 96.40 333.5
 BOS 20060423  7.41  4.01 56.20 30.50 96.40 330.2
 BOS 20060424  5.82  0.93 16.60 30.20 96.40 407.4
 BOS 20060425  7.28  6.41 91.20 29.80 96.40 339.3
 BOS 20060426  7.05  6.80100.00 29.50 96.40 351.1
 BOS 20060427  7.15  6.04 87.60 29.20 96.40 348.9
 BOS 20060428  7.33  7.05 99.80 28.90 96.40 343.9
 BOS 20060429  7.01  6.76100.00 28.50 96.40 358.6
 BOS 20060430  6.90  6.66100.00 28.20 96.40 365.5
 BOS 20060501  7.47  7.20100.00 27.90 96.40 344.4
 BOS 20060502  8.93  2.17 25.30 27.60 96.30 298.5
 BOS 20060503  8.74  1.27 15.10 27.30 96.30 305.5
 BOS 20060504  8.40  8.04 99.40 27.00 96.30 317.2
 BOS 20060505  8.00  7.70100.00 26.70 96.30 332.2
 BOS 20060506  7.29  6.94 98.90 26.50 96.30 360.1
 BOS 20060507  6.99  6.73100.00 26.20 96.30 375.1
 BOS 20060508  7.41  6.57 92.00 25.90 96.30 358.5
 BOS 20060509  7.84  2.01 26.60 25.60 96.30 343.8
 BOS 20060510  7.57  1.83 25.10 25.40 96.30 355.5
 BOS 20060511  8.08  4.72 60.60 25.10 96.30 338.2
 BOS 20060512  8.56  2.75 33.40 24.90 96.30 323.8
 BOS 20060513  7.83  1.48 19.60 24.60 96.30 349.9
 BOS 20060514  8.08  0.61  7.80 24.40 96.30 342.2
 BOS 20060515  7.56  0.83 11.30 24.10 96.30 362.4
 BOS 20060516  7.28  3.38 48.20 23.90 96.30 375.4
 BOS 20060517  7.04  6.77100.00 23.70 96.30 387.7
 BOS 20060518  7.10  6.84100.00 23.50 96.30 386.0
 BOS 20060519  6.72  3.31 51.10 23.20 96.30 405.6
 BOS 20060520  6.94  4.97 74.20 23.00 96.30 395.6
 BOS 20060521  7.20  6.19 89.30 22.80 96.30 384.7
 BOS 20060522  6.66  6.39 99.70 22.60 96.30 412.0
 BOS 20060523  6.94  6.20 92.80 22.50 96.30 398.7
 BOS 20060524  6.95  5.95 89.00 22.30 96.30 399.3
 BOS 20060525  8.41  7.90 97.50 22.10 96.30 341.3
 BOS 20060526  8.52  7.64 93.10 21.90 96.30 338.6
 BOS 20060527  8.68  6.42 76.70 21.80 96.30 334.1
 BOS 20060528  8.79  8.39 99.10 21.60 96.30 331.5
 BOS 20060529  9.05  6.23 71.40 21.40 96.30 324.2
 BOS 20060530  8.83  3.12 36.60 21.30 96.30 331.6
 BOS 20060531  9.28  8.72 97.60 21.20 96.30 318.4
 BOS 20060601 10.13  9.41 96.40 21.00 96.30 297.0
 BOS 20060602  9.68  4.19 45.00 20.90 96.30 308.9
 BOS 20060603  9.93  2.13 22.30 20.80 96.30 302.9
 BOS 20060604  8.61  4.14 49.90 20.70 96.30 341.1
 BOS 20060605  8.61  6.68 80.60 20.60 96.30 341.6
 BOS 20060606  8.79  8.47100.00 20.50 96.30 336.2
 BOS 20060607  9.61  1.64 17.70 20.40 96.30 312.8
 BOS 20060608  8.91  2.27 26.60 20.30 96.30 333.4
 BOS 20060609  8.90  7.07 82.50 20.20 96.30 333.9
 BOS 20060610  7.71  2.41 32.50 20.10 96.30 376.1
 BOS 20060611  8.25  3.18 39.90 20.10 96.30 356.0
 BOS 20060612  8.58  8.22 99.50 20.00 96.30 344.7
 BOS 20060613  8.56  8.25100.00 19.90 96.30 345.6
 BOS 20060614  9.18  8.24 93.10 19.90 96.30 326.3
 BOS 20060615  8.08  6.64 85.40 19.90 96.30 362.9
 BOS 20060616  8.19  7.86 99.70 19.80 96.30 358.7
 BOS 20060617  8.79  8.37 98.80 19.80 96.30 338.5
 BOS 20060618  9.36  8.96 99.30 19.80 96.30 321.2
 BOS 20060619  9.14  8.69 98.70 19.80 96.30 328.1
 BOS 20060620  9.15  8.79 99.80 19.80 96.30 327.6
 BOS 20060621  8.95  8.62100.00 19.80 96.30 333.6
 BOS 20060622  9.65  8.89 95.70 19.80 96.30 313.4
 BOS 20060623 10.19  9.49 96.60 19.80 96.30 299.4
 BOS 20060624 10.40  1.48 14.80 19.80 96.30 294.7
 BOS 20060625 10.33  6.50 65.40 19.80 96.30 296.1
 BOS 20060626 10.54 10.06 99.10 19.90 96.30 291.3
 BOS 20060627 10.31  9.91 99.80 19.90 96.30 296.1
 BOS 20060628 10.63  5.93 57.90 20.00 96.30 288.8
 BOS 20060629  9.95  9.48 98.90 20.00 96.30 304.4
 BOS 20060630  9.32  8.95 99.70 20.10 96.30 320.6
 BOS 20060701  8.71  8.39100.00 20.20 96.30 339.1
 BOS 20060702  9.40  8.23 90.90 20.20 96.30 317.9
 BOS 20060703  9.23  8.89100.00 20.30 96.30 322.3
 BOS 20060704  9.66  8.25 88.80 20.40 96.30 310.4
 BOS 20060705  9.50  8.91 97.40 20.50 96.30 314.1
 BOS 20060706  9.56  5.83 63.30 20.60 96.30 312.0
 BOS 20060707  8.91  8.58100.00 20.70 96.30 330.2
 BOS 20060708  9.10  8.33 95.10 20.80 96.30 323.9
 BOS 20060709  9.02  8.68100.00 21.00 96.30 325.8
 BOS 20060710  8.91  8.58100.00 21.10 96.30 328.5
 BOS 20060711  8.97  7.74 89.60 21.20 96.30 326.0
 BOS 20060712  9.64  5.48 59.00 21.40 96.30 306.6
 BOS 20060714  9.31  8.97100.00 21.70 96.30 314.0
 BOS 20060715  9.59  8.57 92.80 21.80 96.30 305.8
 BOS 20060716  8.90  8.57100.00 22.00 96.30 324.3
 BOS 20060717  8.72  8.40100.00 22.20 96.30 329.1
 BOS 20060718  9.04  8.69 99.80 22.40 96.30 318.4
 BOS 20060719  9.13  6.94 78.90 22.50 96.30 315.2
 BOS 20060720  9.11  8.65 98.50 22.70 96.30 314.7
 BOS 20060721  9.20  8.38 94.60 22.90 96.30 311.5
 BOS 20060722  9.98  7.19 75.10 23.10 96.30 290.4
 BOS 20060723  9.53  6.46 70.40 23.40 96.30 300.4
 BOS 20060724  8.67  8.35100.00 23.60 96.30 324.0
 BOS 20060725  9.36  8.81 97.70 23.80 96.30 303.0
 BOS 20060726  9.35  8.31 92.40 24.00 96.30 302.4
 BOS 20060727  9.37  8.74 96.90 24.30 96.30 300.9
 BOS 20060728  9.79  8.37 88.80 24.50 96.30 289.4
 BOS 20060729  8.86  8.53100.00 24.70 96.30 312.8
 BOS 20060730  8.87  8.49 99.40 25.00 96.30 311.2
 BOS 20060731  9.12  8.59 97.90 25.20 96.30 302.9
 BOS 20060801  8.95  8.53 98.90 25.50 96.30 306.3
 BOS 20060802  8.66  8.34100.00 25.80 96.30 313.3
 BOS 20060803  8.63  8.31100.00 26.00 96.30 312.7
 BOS 20060804  8.95  2.34 27.20 26.30 96.30 302.2
 BOS 20060805  8.40  8.09100.00 26.60 96.30 316.6
 BOS 20060806  8.13  7.83100.00 26.90 96.30 323.4
 BOS 20060807  8.63  7.94 95.60 27.20 96.30 306.4
 BOS 20060808  7.61  7.32100.00 27.50 96.30 338.1
 BOS 20060809  7.73  7.44100.00 27.80 96.30 332.0
 BOS 20060810  7.77  6.49 86.80 28.10 96.30 328.9
 BOS 20060811  7.26  6.99100.00 28.40 96.30 346.0
 BOS 20060812  6.99  6.73100.00 28.70 96.30 354.8
 BOS 20060813  7.14  6.87 99.90 29.00 96.30 346.5
 BOS 20060814  8.21  7.54 95.30 29.30 96.30 306.7
 BOS 20060815  7.91  7.42 97.50 29.70 96.30 314.5
 BOS 20060816  7.68  7.40100.00 30.00 96.30 319.8
 BOS 20060817  7.65  7.37100.00 30.30 96.30 318.6
 BOS 20060818  8.14  6.97 89.00 30.70 96.30 300.5
 BOS 20060819  8.16  3.71 47.20 31.00 96.30 297.8
 BOS 20060820  7.77  5.69 76.00 31.40 96.30 308.0
 BOS 20060821  7.49  5.92 82.20 31.70 96.30 315.2
 BOS 20060822  7.67  7.38100.00 32.10 96.30 306.7
 BOS 20060823  7.24  6.97100.00 32.40 96.20 318.9
 BOS 20060824  7.10  4.58 67.30 32.80 96.20 321.8
 BOS 20060825  7.08  2.04 30.00 33.10 96.20 319.8
 BOS 20060826  7.09  6.82100.00 33.50 96.20 316.8
 BOS 20060829  7.39  1.92 27.10 34.60 96.20 298.1
 BOS 20060830  6.97  6.62 98.70 35.00 96.20 310.4
 BOS 20060831  6.85  6.26 95.00 35.40 96.20 311.7
 BOS 20060901  6.98  6.53 97.30 35.70 96.20 304.0
 BOS 20060902  7.05  2.85 41.90 36.10 96.40 298.4
 BOS 20060903  7.17  0.65  9.30 36.50 96.40 291.6
 BOS 20060904  7.03  6.12 90.40 36.90 96.40 293.4
 BOS 20060905  6.85  4.91 74.30 37.30 96.40 296.5
 BOS 20060906  6.57  5.54 87.60 37.70 96.40 303.9
 BOS 20060907  6.43  6.20100.00 38.10 96.40 306.0
 BOS 20060908  6.39  6.15100.00 38.50 96.40 304.4
 BOS 20060909  6.31  6.08100.00 38.90 96.40 304.1
 BOS 20060910  6.22  5.96 99.40 39.30 96.40 304.1
 BOS 20060911  6.02  5.80100.00 39.70 96.30 309.1
 BOS 20060912  5.86  5.63 99.80 40.00 96.30 312.9
 BOS 20060913  5.94  5.10 89.10 40.40 96.30 305.6
 BOS 20060914  5.78  3.55 63.80 40.80 96.30 309.0
 BOS 20060915  5.78  3.06 55.00 41.20 96.30 305.2
 BOS 20060916  5.74  5.52 99.90 41.70 96.30 303.0
 BOS 20060917  6.07  5.84100.00 42.10 96.30 285.7
 BOS 20060918  6.37  6.12 99.80 42.50 96.30 270.9
 BOS 20060919  6.23  5.96 99.30 42.90 96.30 272.4
 BOS 20060921  5.33  5.14100.00 43.70 96.30 301.5
 BOS 20060922  5.39  4.54 87.40 44.10 96.30 295.0
 BOS 20060923  5.53  2.54 47.60 44.50 96.30 284.9
 BOS 20060924  5.68  4.78 87.30 44.90 96.30 274.5
 BOS 20060925  4.88  4.70100.00 45.30 96.30 307.6
 BOS 20060926  4.75  4.57100.00 45.70 96.30 310.4
 BOS 20060927  4.74  4.41 96.60 46.10 96.30 306.0
 BOS 20060928  4.78  4.60100.00 46.50 96.30 299.3
 BOS 20060929  4.76  3.00 65.50 46.90 96.30 296.1
 BOS 20060930  4.70  4.52100.00 47.30 96.30 295.2
 BOS 20061001  4.53  1.11 25.20 47.70 96.30 299.6
 BOS 20061002  4.35  4.09 97.70 48.00 96.30 305.4
 BOS 20061003  4.57  4.38 99.50 48.40 96.30 288.3
 BOS 20061004  4.76  3.89 85.00 48.80 96.30 274.3
 BOS 20061005  4.35  4.19100.00 49.20 96.30 291.1
 BOS 20061006  4.24  3.59 87.90 49.60 96.20 292.8
 BOS 20061007  4.29  4.13100.00 50.00 96.20 285.0
 BOS 20061008  4.62  4.45100.00 50.40 96.20 263.3
 BOS 20061009  4.77  4.59100.00 50.80 96.20 252.7
 BOS 20061010  4.55  2.17 49.40 51.10 96.20 258.1
 BOS 20061011  3.96  2.60 68.20 51.50 96.20 286.2
 BOS 20061012  3.69  3.50 98.40 51.90 96.20 298.4
 BOS 20061013  3.73  3.59100.00 52.30 96.20 291.2
 BOS 20061014  3.36  3.24100.00 52.60 96.20 312.9
 BOS 20061015  3.19  3.06 99.70 53.00 96.20 321.6
 BOS 20061016  3.12  2.99 99.60 53.40 96.20 322.6
 BOS 20061017  3.42  2.23 67.80 53.70 96.20 292.6
 BOS 20061018  3.31  2.16 68.00 54.10 96.20 295.6
 BOS 20061019  3.43  3.16 95.70 54.40 96.20 280.9
 BOS 20061020  3.31  0.78 24.40 54.80 96.20 285.2
 BOS 20061021  3.05  2.93100.00 55.10 96.20 300.5
 BOS 20061022  2.96  2.85100.00 55.50 96.20 303.1
 BOS 20061023  2.61  1.67 66.20 55.80 96.20 333.5
 BOS 20061024  2.55  2.44 99.40 56.10 96.20 333.8
 BOS 20061025  2.51  2.40 99.20 56.50 96.20 333.3
 BOS 20061026  2.57  2.02 81.70 56.80 96.20 320.5
 BOS 20061027  2.71  2.61100.00 57.10 96.20 300.1
 BOS 20061028  2.75  0.17  6.40 57.40 96.20 291.5
 BOS 20061029  2.07  1.89 95.00 57.80 96.10 369.6
 BOS 20061030  2.35  2.26100.00 58.10 96.10 323.6
 BOS 20061031  2.89  2.36 84.90 58.40 96.10 264.9
 BOS 20061101  2.71  2.61100.00 58.70 96.10 275.0
 BOS 20061102  2.61  0.55 22.00 59.00 96.30 278.9
 BOS 20061103  2.23  2.15100.00 59.30 96.30 314.7
 BOS 20061104  2.09  1.98 98.10 59.60 96.30 327.7
 BOS 20061105  2.03  1.96100.00 59.80 96.30 329.9
 BOS 20061106  2.01  1.26 64.70 60.10 96.30 327.6
 BOS 20061107  2.10  1.67 82.60 60.40 96.30 309.5
 BOS 20061108  2.32  0.80 35.70 60.70 96.30 278.4
 BOS 20061109  2.25  1.64 75.90 60.90 96.30 282.0
 BOS 20061110  2.33  2.24100.00 61.20 96.30 269.9
 BOS 20061111  2.31  2.00 89.80 61.40 96.30 267.2
 BOS 20061112  2.24  0.70 32.40 61.70 96.30 271.1
 BOS 20061113  2.10  0.61 30.00 61.90 96.30 282.1
 BOS 20061114  1.82  1.31 74.30 62.20 96.30 315.8
 BOS 20061115  1.88  1.35 74.60 62.40 96.30 301.9
 BOS 20061116  2.00  0.84 43.80 62.60 96.30 281.8
 BOS 20061117  1.88  1.08 59.90 62.80 96.30 293.4
 BOS 20061118  1.74  1.67100.00 63.00 96.30 310.2
 BOS 20061119  1.71  1.56 94.60 63.20 96.30 310.5
 BOS 20061120  1.67  1.61100.00 63.40 96.30 312.4
 BOS 20061121  1.69  1.62100.00 63.60 96.30 305.0
 BOS 20061122  1.70  1.63 99.60 63.80 96.30 297.8
 BOS 20061123  1.62  0.89 57.20 64.00 96.20 308.2
 BOS 20061124  1.72  1.66100.00 64.20 96.20 287.5
 BOS 20061125  1.67  1.61100.00 64.40 96.20 291.1
 BOS 20061126  1.67  1.57 97.40 64.50 96.20 287.0
 BOS 20061127  1.62  1.35 86.10 64.70 96.20 291.1
 BOS 20061128  1.58  0.60 39.60 64.80 96.20 294.2
 BOS 20061129  1.60  0.66 43.20 65.00 96.20 288.9
 BOS 20061130  1.63  0.96 61.40 65.10 96.20 280.7
 BOS 20061201  1.69  0.50 30.40 65.20 96.20 269.5
 BOS 20061202  1.50  1.45100.00 65.40 96.20 296.8
 BOS 20061203  1.60  1.54100.00 65.50 96.20 277.6
 BOS 20061204  1.42  0.58 42.10 65.60 96.20 307.6
 BOS 20061205  1.18  1.08 95.30 65.70 96.20 366.9
 BOS 20061206  1.45  1.10 79.10 65.80 96.20 298.1
 BOS 20061207  1.49  1.38 96.30 65.90 96.20 288.3
 BOS 20061208  1.18  0.54 47.10 66.00 96.20 359.4
 BOS 20061209  1.45  1.40 99.90 66.00 96.20 291.8
 BOS 20061210  1.57  1.51100.00 66.10 96.20 271.2
 BOS 20061211  1.57  0.73 48.00 66.20 96.20 269.4
 BOS 20061212  1.55  1.50100.00 66.20 96.20 270.8
 BOS 20061213  1.44  0.73 52.80 66.30 96.20 290.2
 BOS 20061214  1.23  1.18100.00 66.30 96.20 335.8
 BOS 20061215  1.21  0.97 83.00 66.40 96.20 338.0
 BOS 20061216  1.15  1.11100.00 66.40 96.20 356.6
 BOS 20061217  1.35  1.28 98.30 66.40 96.20 304.0
 BOS 20061218  1.34  1.02 79.00 66.40 96.20 305.6
 BOS 20061219  1.04  1.00100.00 66.40 96.20 392.0
 BOS 20061220  1.20  1.16100.00 66.40 96.20 338.9
 BOS 20061221  1.21  0.66 57.30 66.40 96.20 337.0
 BOS 20061222  1.26  1.11 91.70 66.40 96.20 325.4
 BOS 20061223  1.45  0.14 10.10 66.40 96.20 285.2
 BOS 20061224  1.22  0.83 71.10 66.40 96.20 335.9
 BOS 20061225  1.35  1.10 85.00 66.40 96.20 306.5
 BOS 20061226  1.39  0.28 20.90 66.30 96.20 298.1
 BOS 20061227  1.21  0.72 62.50 66.30 96.20 343.9
 BOS 20061228  1.19  1.14 99.80 66.20 96.20 350.2
 BOS 20061229  1.20  1.15100.00 66.10 96.20 349.8
 BOS 20061230  1.21  0.37 32.10 66.10 96.20 347.7
 BOS 20061231  1.32  1.27 99.80 66.00 96.20 320.5
 BOS 20070101  1.37  0.15 11.10 65.90 96.20 311.7
