 DTW 20060102  1.54  0.31 22.20 65.90 91.80 283.1
 DTW 20060103  1.45  0.42 31.30 65.80 91.80 300.9
 DTW 20060104  1.47  0.44 32.30 65.70 91.80 300.8
 DTW 20060105  1.42  0.62 43.90 65.60 91.80 312.8
 DTW 20060106  1.24  1.20 87.50 65.50 91.80 359.7
 DTW 20060107  1.21  0.75 63.10 65.40 91.80 370.4
 DTW 20060108  1.38  0.90 66.70 65.20 91.80 329.5
 DTW 20060109  1.36  0.60 47.70 65.10 91.80 337.2
 DTW 20060110  1.40  1.25 97.00 65.00 91.80 332.3
 DTW 20060111  1.33  0.55 45.30 64.80 91.80 352.5
 DTW 20060112  1.54  1.40 98.70 64.70 91.80 310.7
 DTW 20060113  1.61  0.30 20.60 64.50 91.80 303.2
 DTW 20060114  1.43  1.30 82.90 64.30 91.80 343.9
 DTW 20060115  1.67  1.80100.00 64.20 91.90 301.5
 DTW 20060116  1.76  1.46 90.20 64.00 91.90 291.6
 DTW 20060117  1.87  0.46 27.20 63.80 91.90 279.8
 DTW 20060118  1.50  1.20 68.70 63.60 91.90 347.2
 DTW 20060119  1.67  1.47 76.90 63.40 91.90 318.8
 DTW 20060120  1.74  1.46 91.20 63.20 91.90 311.6
 DTW 20060121  1.55  1.56 96.10 63.00 91.90 354.0
 DTW 20060122  1.79  1.72 94.50 62.80 91.90 314.1
 DTW 20060123  1.64  1.51100.00 62.60 91.90 345.4
 DTW 20060124  1.52  0.52 35.00 62.30 91.90 378.7
 DTW 20060125  1.50  1.24 75.30 62.10 91.90 389.5
 DTW 20060126  1.89  1.87100.00 61.90 91.90 318.1
 DTW 20060127  2.18  2.00100.00 61.60 91.90 284.0
 DTW 20060128  2.20  1.94 96.10 61.40 91.90 286.1
 DTW 20060131  2.04  1.40 74.80 60.60 92.00 320.4
 DTW 20060201  2.00  0.88 47.90 60.30 92.00 331.9
 DTW 20060202  2.29  2.03 96.30 60.10 92.00 298.3
 DTW 20060203  2.12  1.26 59.10 59.80 92.00 325.9
 DTW 20060204  2.03  0.54 28.70 59.50 92.00 344.9
 DTW 20060205  1.92  1.94 77.40 59.20 92.00 371.7
 DTW 20060206  1.90  2.02 86.90 58.90 92.00 382.8
 DTW 20060207  2.00  1.93 83.60 58.60 92.00 372.0
 DTW 20060208  1.89  1.81 81.30 58.30 92.00 399.6
 DTW 20060209  1.92  1.90 86.70 58.00 92.00 401.1
 DTW 20060210  2.05  1.50 63.60 57.70 92.00 384.4
 DTW 20060211  1.90  1.95 89.00 57.40 92.00 420.1
 DTW 20060212  2.02  2.14 91.50 57.10 92.00 403.7
 DTW 20060213  2.25  2.21 82.70 56.70 92.10 372.0
 DTW 20060214  2.95  2.41 68.10 56.40 92.10 297.0
 DTW 20060215  3.28  1.55 51.40 56.10 92.10 275.1
 DTW 20060216  3.34  0.80 23.00 55.70 92.10 276.0
 DTW 20060217  2.82  2.45 90.50 55.40 92.10 324.7
 DTW 20060218  2.58  2.32 97.80 55.10 92.10 359.2
 DTW 20060219  3.02  2.79100.00 54.70 92.10 316.9
 DTW 20060220  2.91  2.73 98.00 54.40 92.10 333.5
 DTW 20060221  2.86  2.30 83.70 54.00 92.10 345.1
 DTW 20060222  2.61  1.84 76.50 53.60 92.10 381.5
 DTW 20060223  2.63  2.42100.00 53.30 92.10 386.6
 DTW 20060224  2.81  2.69 98.70 52.90 92.10 371.1
 DTW 20060225  3.19  2.49 80.90 52.60 92.20 337.2
 DTW 20060226  2.20  2.12 96.70 52.20 92.20 481.8
 DTW 20060227  2.39  2.49 96.30 51.80 92.20 454.3
 DTW 20060228  2.55  2.49 98.10 51.40 92.20 435.0
 DTW 20060301  3.19  2.71 88.20 51.10 92.20 360.8
 DTW 20060302  3.06  1.71 46.60 50.70 91.80 380.3
 DTW 20060303  3.64  3.69 85.50 50.30 91.80 331.5
 DTW 20060304  3.53  3.24100.00 49.90 91.80 346.7
 DTW 20060305  3.92  3.52 97.90 49.50 91.80 321.6
 DTW 20060306  3.43  2.41 76.70 49.20 91.80 367.4
 DTW 20060307  3.71  3.41100.00 48.80 91.80 348.5
 DTW 20060308  3.86  2.40 67.80 48.40 91.80 342.4
 DTW 20060309  3.85  0.57 16.20 48.00 91.80 348.3
 DTW 20060310  4.47  2.40 58.40 47.60 91.80 311.5
 DTW 20060311  5.63  2.23 43.10 47.20 91.90 260.4
 DTW 20060312  5.69  3.01 57.50 46.80 91.90 261.8
 DTW 20060313  4.97  1.70 37.40 46.40 91.90 297.8
 DTW 20060314  4.17  2.57 67.10 46.00 91.90 351.1
 DTW 20060315  3.96  3.63 99.80 45.60 91.90 372.3
 DTW 20060316  4.43  2.58 63.40 45.20 91.90 342.5
 DTW 20060317  4.17  3.59 93.60 44.80 91.90 366.0
 DTW 20060318  4.35  4.00100.00 44.40 91.90 358.2
 DTW 20060319  4.38  3.99 99.10 44.00 91.90 361.0
 DTW 20060320  4.71  3.76 86.90 43.60 91.90 343.9
 DTW 20060321  4.43  2.47 60.70 43.20 91.90 368.0
 DTW 20060322  4.23  3.50 90.00 42.80 92.00 388.1
 DTW 20060323  4.36  2.75 68.60 42.40 92.00 382.8
 DTW 20060324  4.48  2.79 67.80 42.00 92.00 378.7
 DTW 20060325  4.34  3.28 82.30 41.60 92.00 394.5
 DTW 20060326  3.93  2.83 78.40 41.20 92.00 435.5
 DTW 20060327  4.60  4.23100.00 40.80 92.00 384.3
 DTW 20060328  4.37  3.34 83.10 40.40 92.00 406.4
 DTW 20060329  5.16  4.75100.00 40.00 92.00 356.4
 DTW 20060330  6.05  5.52 99.20 39.60 92.00 315.7
 DTW 20060331  5.99  1.06 19.30 39.20 92.00 321.5
 DTW 20060401  6.30  4.19 72.30 38.80 92.00 311.9
 DTW 20060402  7.03  5.09 78.60 38.50 92.00 287.9
 DTW 20060403  5.76  3.93 74.00 38.10 92.00 343.4
 DTW 20060404  4.85  2.13 47.70 37.70 92.00 401.9
 DTW 20060406  5.95  5.42 99.00 36.90 92.10 345.1
 DTW 20060407  5.68  1.09 20.80 36.50 92.10 362.6
 DTW 20060408  5.11  4.69 99.80 36.10 92.10 400.6
 DTW 20060410  5.93  4.74 86.80 35.40 92.10 359.8
 DTW 20060411  6.53  5.71 95.00 35.00 92.10 335.0
 DTW 20060412  6.94  1.16 18.10 34.60 92.10 320.9
 DTW 20060413  6.53  6.00 99.70 34.30 92.10 340.6
 DTW 20060414  6.52  4.63 77.20 33.90 92.10 344.4
 DTW 20060415  6.28  5.79100.00 33.50 92.10 358.2
 DTW 20060416  6.71  1.75 28.30 33.20 92.10 341.4
 DTW 20060417  6.99  6.44100.00 32.80 92.10 332.7
 DTW 20060418  7.22  6.65100.00 32.50 92.10 326.8
 DTW 20060419  7.43  6.83 99.70 32.10 92.10 321.0
 DTW 20060420  7.58  6.99100.00 31.80 92.10 318.3
 DTW 20060421  7.63  5.62 79.90 31.40 92.20 319.0
 DTW 20060422  6.53  5.91 98.20 31.10 92.20 365.8
 DTW 20060423  5.35  4.40 89.30 30.70 92.20 436.7
 DTW 20060424  6.94  3.40 53.20 30.40 92.20 352.4
 DTW 20060425  7.44  4.56 66.50 30.10 92.20 335.0
 DTW 20060426  7.52  6.93100.00 29.80 92.20 334.1
 DTW 20060427  7.51  6.20 89.60 29.40 92.20 336.4
 DTW 20060428  7.60  7.01100.00 29.10 92.20 335.1
 DTW 20060429  7.72  6.46 90.70 28.80 92.20 332.7
 DTW 20060430  7.76  3.74 52.20 28.50 92.20 333.3
 DTW 20060501  7.77  5.02 70.10 28.20 92.20 334.6
 DTW 20060502  7.84  4.50 62.50 27.90 91.80 333.8
 DTW 20060503  8.32  7.60 99.50 27.60 91.80 319.3
 DTW 20060504  8.37  3.33 43.40 27.30 91.80 319.5
 DTW 20060505  7.77  2.52 35.10 27.00 91.80 341.5
 DTW 20060506  6.95  6.38100.00 26.80 91.80 376.5
 DTW 20060507  7.13  6.53 99.70 26.50 91.80 370.3
 DTW 20060508  7.45  6.84100.00 26.20 91.90 358.7
 DTW 20060509  7.97  7.09 97.00 25.90 91.90 340.7
 DTW 20060510  8.09  5.68 76.40 25.70 91.90 337.8
 DTW 20060511  7.48  3.93 57.20 25.40 91.90 362.1
 DTW 20060512  7.09  2.47 38.00 25.20 91.90 380.0
 DTW 20060513  7.24  2.11 31.70 24.90 91.90 375.3
 DTW 20060514  7.51  5.04 73.10 24.70 91.90 365.2
 DTW 20060515  7.18  1.26 19.00 24.50 91.90 380.3
 DTW 20060516  7.14  2.76 42.00 24.20 91.90 383.3
 DTW 20060517  7.33  6.63 98.40 24.00 91.90 376.4
 DTW 20060518  6.97  1.35 21.10 23.80 91.90 393.8
 DTW 20060519  7.05  2.41 37.20 23.60 91.90 391.2
 DTW 20060520  7.92  7.28100.00 23.40 91.90 355.7
 DTW 20060521  7.36  6.70 99.10 23.20 91.90 379.4
 DTW 20060522  7.74  7.11 99.90 23.00 91.90 364.6
 DTW 20060523  8.22  7.55100.00 22.80 91.90 347.9
 DTW 20060524  9.16  6.19 73.50 22.60 91.90 318.7
 DTW 20060525  8.63  7.00 88.30 22.50 91.90 335.7
 DTW 20060526  8.95  4.91 59.60 22.30 91.90 326.4
 DTW 20060527  8.57  5.93 75.30 22.10 91.90 339.1
 DTW 20060528  9.45  8.29 95.60 22.00 91.90 313.7
 DTW 20060529  9.10  8.36 99.90 21.80 91.90 323.9
 DTW 20060530  9.73  8.88 99.30 21.70 91.90 307.3
 DTW 20060531 10.32  9.11 96.10 21.50 91.90 293.4
 DTW 20060601  9.65  3.98 45.00 21.40 91.90 310.6
 DTW 20060602  8.94  7.95 96.80 21.30 91.90 331.3
 DTW 20060603  8.38  7.62 98.90 21.20 91.90 349.8
 DTW 20060604  8.34  7.54 98.30 21.10 91.90 351.6
 DTW 20060605  8.81  7.97 98.50 21.00 91.90 336.5
 DTW 20060606  8.63  7.93100.00 20.90 91.90 342.7
 DTW 20060607  8.28  2.50 32.90 20.80 91.90 355.0
 DTW 20060608  8.23  7.56 99.90 20.70 91.90 357.0
 DTW 20060609  8.69  6.05 75.90 20.60 91.90 341.8
 DTW 20060610  8.83  8.02 98.90 20.50 91.90 337.7
 DTW 20060611  8.79  8.02 99.20 20.50 91.90 338.9
 DTW 20060612  8.93  8.21100.00 20.40 91.90 335.0
 DTW 20060613  8.97  7.88 95.50 20.40 91.90 333.8
 DTW 20060614  8.07  7.42100.00 20.30 91.90 364.7
 DTW 20060615  8.34  7.67100.00 20.30 91.90 354.9
 DTW 20060616  9.18  2.50 29.60 20.20 91.90 328.1
 DTW 20060617  9.46  8.64 99.30 20.20 91.90 319.6
 DTW 20060618 10.05  5.30 57.40 20.20 91.90 304.7
 DTW 20060619  8.33  6.40 83.60 20.20 91.90 355.7
 DTW 20060620  8.66  7.90 99.30 20.20 91.90 344.2
 DTW 20060621  9.21  8.33 98.30 20.20 91.90 327.1
 DTW 20060622 10.09  6.31 68.10 20.20 91.90 303.4
 DTW 20060623  9.61  6.84 77.40 20.20 91.90 315.7
 DTW 20060624  8.99  8.25 99.90 20.20 91.90 333.6
 DTW 20060625  9.37  8.61100.00 20.30 91.90 321.9
 DTW 20060626 10.17  6.38 68.40 20.30 91.90 300.8
 DTW 20060627  9.94  8.02 87.80 20.30 91.90 306.5
 DTW 20060628  9.13  8.39100.00 20.40 91.90 328.6
 DTW 20060629  8.74  8.03100.00 20.40 91.90 340.0
 DTW 20060630  8.88  8.16100.00 20.50 91.90 335.6
 DTW 20060701  9.29  8.21 96.10 20.60 91.90 322.5
 DTW 20060702  9.30  8.30 97.10 20.60 91.90 322.0
 DTW 20060703  9.63  8.38 94.70 20.70 91.90 312.7
 DTW 20060704  9.23  8.41 99.20 20.80 91.90 323.4
 DTW 20060705  8.57  7.86 99.90 20.90 91.90 343.4
 DTW 20060706  7.92  7.28100.00 21.00 91.90 365.9
 DTW 20060707  8.49  7.80100.00 21.10 91.90 345.0
 DTW 20060708  9.06  8.32 99.90 21.20 91.90 326.2
 DTW 20060709  9.48  5.80 66.60 21.30 91.90 314.0
 DTW 20060710  9.17  6.97 82.70 21.50 91.90 321.7
 DTW 20060711  9.74  6.73 75.20 21.60 91.90 305.8
 DTW 20060712  9.73  4.48 50.20 21.70 91.90 305.5
 DTW 20060714  9.88  8.21 90.50 22.00 91.90 300.2
 DTW 20060715  9.19  8.44100.00 22.20 91.90 317.9
 DTW 20060716  9.48  8.65 99.20 22.40 91.90 309.3
 DTW 20060717  9.46  6.08 69.80 22.50 91.90 309.0
 DTW 20060718  9.06  8.31 99.80 22.70 91.90 319.1
 DTW 20060719  8.91  8.18 99.90 22.90 91.90 322.7
 DTW 20060720  9.72  5.37 60.20 23.10 91.90 299.8
 DTW 20060721  9.34  6.41 74.60 23.30 91.90 308.9
 DTW 20060722  8.44  7.03 90.60 23.50 91.90 334.7
 DTW 20060723  7.99  7.10 96.80 23.70 91.90 349.5
 DTW 20060724  8.87  8.15 99.90 23.90 91.90 319.1
 DTW 20060725  9.13  8.35 99.50 24.10 91.90 311.0
 DTW 20060726  9.39  7.62 88.30 24.30 91.90 302.5
 DTW 20060727  9.18  5.90 70.10 24.60 91.90 307.4
 DTW 20060728  9.00  8.27100.00 24.80 91.90 311.3
 DTW 20060729  9.59  4.49 51.00 25.10 91.90 294.3
 DTW 20060730  9.61  4.61 52.30 25.30 91.90 292.6
 DTW 20060731  9.52  8.65 99.00 25.60 91.90 293.8
 DTW 20060801  9.27  8.52100.00 25.80 91.90 298.5
 DTW 20060802  9.80  7.65 85.10 26.10 91.90 284.1
 DTW 20060803  9.65  3.19 36.00 26.30 91.80 286.5
 DTW 20060804  8.56  7.82 99.50 26.60 91.80 314.6
 DTW 20060805  8.87  8.15100.00 26.90 91.80 303.9
 DTW 20060806  9.12  7.74 92.40 27.20 91.80 295.7
 DTW 20060807  9.15  7.64 90.90 27.50 91.80 293.2
 DTW 20060808  8.51  7.82100.00 27.80 91.80 309.7
 DTW 20060809  8.60  7.85 99.30 28.00 91.80 305.2
 DTW 20060810  8.56  6.92 88.00 28.40 91.80 304.7
 DTW 20060811  8.22  7.53 99.80 28.70 91.80 313.4
 DTW 20060812  7.82  7.16 99.70 29.00 91.80 324.7
 DTW 20060813  8.48  7.60 97.70 29.30 91.80 301.7
 DTW 20060814  8.44  2.28 29.40 29.60 91.80 301.2
 DTW 20060815  7.79  7.15100.00 29.90 91.80 319.7
 DTW 20060816  7.79  7.15100.00 30.30 91.80 317.7
 DTW 20060817  8.58  5.13 65.20 30.60 91.80 291.3
 DTW 20060818  8.40  6.33 82.30 30.90 91.80 294.5
 DTW 20060819  8.51  1.53 19.70 31.30 91.80 289.2
 DTW 20060820  7.80  6.24 87.20 31.60 91.80 308.4
 DTW 20060821  7.81  7.17100.00 31.90 91.80 305.5
 DTW 20060822  7.56  6.93100.00 32.30 91.80 311.8
 DTW 20060823  7.50  6.31 91.60 32.60 91.80 311.3
 DTW 20060824  7.42  4.78 70.40 33.00 91.80 311.6
 DTW 20060825  7.61  4.93 70.50 33.40 91.70 302.3
 DTW 20060826  7.80  4.83 67.30 33.70 91.70 293.9
 DTW 20060829  7.30  6.66 99.50 34.80 91.70 302.5
 DTW 20060830  6.73  6.14 99.50 35.20 91.70 320.9
 DTW 20060831  6.83  6.22 99.20 35.60 91.70 313.8
 DTW 20060901  7.16  5.26 80.10 36.00 91.70 298.7
 DTW 20060902  7.01  2.61 40.40 36.30 92.10 301.2
 DTW 20060903  6.99  3.81 59.20 36.70 92.10 298.8
 DTW 20060904  6.76  5.86 94.30 37.10 92.10 304.5
 DTW 20060905  6.57  6.04 99.80 37.50 92.10 308.5
 DTW 20060906  6.09  5.61100.00 37.90 92.00 325.1
 DTW 20060907  6.15  5.66100.00 38.30 92.00 319.0
 DTW 20060908  6.20  5.69 99.70 38.60 92.00 313.5
 DTW 20060909  5.89  1.23 22.70 39.00 92.00 323.5
 DTW 20060910  6.09  4.76 84.90 39.40 92.00 311.2
 DTW 20060911  6.11  1.66 29.50 39.80 92.00 306.6
 DTW 20060912  5.97  0.46  8.40 40.20 92.00 309.4
 DTW 20060913  5.63  2.46 47.60 40.60 92.00 320.6
 DTW 20060914  5.83  2.41 44.90 41.00 92.00 307.8
 DTW 20060915  6.10  4.45 79.40 41.40 92.00 293.0
 DTW 20060916  5.94  5.46100.00 41.80 92.00 295.7
 DTW 20060917  6.24  5.69 99.30 42.20 92.00 280.1
 DTW 20060918  6.54  0.97 16.10 42.60 92.00 266.0
 DTW 20060919  5.56  3.49 68.20 43.00 91.90 300.4
 DTW 20060921  5.21  4.79100.00 43.80 91.90 308.9
 DTW 20060922  5.35  2.29 46.50 44.20 91.90 297.8
 DTW 20060923  5.53  4.94 97.10 44.60 91.90 285.8
 DTW 20060924  4.90  1.50 33.20 45.00 91.90 311.9
 DTW 20060925  4.82  2.74 61.70 45.40 91.90 312.1
 DTW 20060926  4.79  4.40100.00 45.80 91.90 309.2
 DTW 20060927  4.53  3.67 88.00 46.20 91.90 319.2
 DTW 20060928  4.12  2.32 61.40 46.60 91.90 341.7
 DTW 20060929  3.97  3.65100.00 47.00 91.90 347.3
 DTW 20060930  3.91  1.13 31.40 47.40 91.90 346.9
 DTW 20061001  4.31  2.05 51.60 47.80 91.80 313.9
 DTW 20061002  4.42  3.39 83.80 48.20 91.80 302.8
 DTW 20061003  4.63  2.68 62.90 48.60 91.80 286.4
 DTW 20061004  4.65  0.74 17.20 49.00 91.80 280.5
 DTW 20061005  4.42  3.77 92.90 49.30 91.80 288.6
 DTW 20061006  4.45  4.09100.00 49.70 91.80 281.7
 DTW 20061007  4.67  4.26 99.40 50.10 91.80 266.7
 DTW 20061008  5.05  4.62 99.60 50.50 91.80 245.6
 DTW 20061009  4.93  4.37 96.50 50.90 91.80 246.6
 DTW 20061010  4.22  2.30 59.50 51.30 91.80 276.6
 DTW 20061011  3.81  0.76 21.80 51.60 91.80 297.2
 DTW 20061012  3.13  2.42 84.10 52.00 91.70 346.0
 DTW 20061013  2.83  2.42 93.00 52.40 91.70 372.3
 DTW 20061014  2.81  2.19 84.90 52.70 91.70 369.0
 DTW 20061015  2.98  2.73100.00 53.10 91.70 343.8
 DTW 20061016  3.32  1.29 42.30 53.50 91.70 307.3
 DTW 20061017  3.38  0.22  7.10 53.80 91.70 297.1
 DTW 20061018  3.42  1.71 54.50 54.20 91.70 288.9
 DTW 20061019  3.26  1.15 38.70 54.50 91.70 295.4
 DTW 20061020  2.87  2.33 88.50 54.90 91.70 323.7
 DTW 20061021  3.17  1.81 62.40 55.20 91.70 292.3
 DTW 20061022  2.83  0.96 37.00 55.60 91.60 317.2
 DTW 20061023  2.72  1.95 78.20 55.90 91.60 322.5
 DTW 20061024  2.72  1.81 72.40 56.20 91.60 317.5
 DTW 20061025  3.01  2.57 93.00 56.60 91.60 285.2
 DTW 20061026  3.14  2.30 80.00 56.90 91.60 270.8
 DTW 20061027  2.90  0.61 23.10 57.20 91.60 284.6
 DTW 20061028  2.20  0.83 41.20 57.50 91.60 358.2
 DTW 20061029  2.22  1.85 90.60 57.90 91.60 348.8
 DTW 20061030  2.81  2.56 99.40 58.20 91.60 277.4
 DTW 20061031  2.92  0.73 27.50 58.50 91.60 264.0
 DTW 20061101  2.47  2.24 99.30 58.80 91.60 299.7
 DTW 20061102  1.98  1.55 84.80 59.10 92.00 359.3
 DTW 20061103  1.92  1.61 91.30 59.40 92.00 363.0
 DTW 20061104  2.15  1.44 73.10 59.60 92.00 321.4
 DTW 20061105  2.11  1.90 98.00 59.90 92.00 320.2
 DTW 20061106  2.11  1.54 79.20 60.20 92.00 315.3
 DTW 20061107  2.19  1.12 55.60 60.50 92.00 299.8
 DTW 20061108  2.29  1.63 77.10 60.70 91.90 283.5
 DTW 20061109  2.47  1.57 69.30 61.00 91.90 261.3
 DTW 20061110  2.25  2.02 97.60 61.30 91.90 278.9
 DTW 20061111  2.15  0.85 42.90 61.50 91.90 286.8
 DTW 20061112  2.15  1.92 97.10 61.80 91.90 282.1
 DTW 20061113  1.90  1.64 93.40 62.00 91.90 309.8
 DTW 20061114  1.90  1.64 94.00 62.20 91.90 305.8
 DTW 20061115  1.86  1.56 90.80 62.50 91.90 306.3
 DTW 20061116  1.77  0.07  4.60 62.70 91.90 316.8
 DTW 20061117  1.68  0.91 59.20 62.90 91.90 327.2
 DTW 20061118  1.69  1.42 91.10 63.10 91.90 319.5
 DTW 20061119  1.68  0.66 42.80 63.30 91.90 317.0
 DTW 20061120  1.59  1.44 98.30 63.50 91.90 329.0
 DTW 20061121  1.70  1.54 98.50 63.70 91.90 304.9
 DTW 20061122  1.78  1.64100.00 63.90 91.90 287.9
 DTW 20061123  1.71  1.57100.00 64.10 91.90 294.6
 DTW 20061124  1.80  1.65100.00 64.30 91.90 277.7
 DTW 20061125  1.76  1.56 96.80 64.40 91.80 279.5
 DTW 20061126  1.71  1.40 89.20 64.60 91.80 283.0
 DTW 20061127  1.64  0.60 40.30 64.70 91.80 290.8
 DTW 20061128  1.63  0.73 49.00 64.90 91.80 288.9
 DTW 20061129  1.65  0.54 36.00 65.00 91.80 282.0
 DTW 20061130  1.68  0.14  9.20 65.20 91.80 274.5
 DTW 20061201  1.42  0.15 11.30 65.30 91.80 317.9
 DTW 20061202  1.54  1.32 88.90 65.40 91.80 291.6
 DTW 20061203  1.54  1.32 93.90 65.50 91.80 290.6
 DTW 20061204  1.32  0.93 77.10 65.70 91.80 333.4
 DTW 20061205  1.42  1.25 95.80 65.80 91.80 307.3
 DTW 20061206  1.41  0.61 46.70 65.90 91.80 306.8
 DTW 20061207  1.15  1.02 88.50 66.00 91.80 373.8
 DTW 20061208  1.43  1.50 98.70 66.00 91.80 299.5
 DTW 20061209  1.64  1.68100.00 66.10 91.80 263.4
 DTW 20061210  1.61  1.45 98.20 66.20 91.80 266.4
 DTW 20061211  1.59  0.53 36.40 66.20 91.80 267.3
 DTW 20061212  1.54  0.50 35.30 66.30 91.80 274.6
 DTW 20061213  1.26  0.51 44.20 66.40 91.80 331.1
 DTW 20061214  1.22  0.36 32.70 66.40 91.80 340.5
 DTW 20061215  1.08  0.48 48.60 66.40 91.80 381.8
 DTW 20061216  1.29  1.18100.00 66.50 91.80 320.8
 DTW 20061217  1.40  0.88 68.90 66.50 91.80 296.8
 DTW 20061218  1.36  1.23 98.50 66.50 91.80 304.0
 DTW 20061219  1.15  1.06100.00 66.50 91.80 355.9
 DTW 20061220  1.30  1.19100.00 66.50 91.80 316.6
 DTW 20061221  1.25  1.07 93.10 66.50 91.80 328.8
 DTW 20061222  1.24  0.14 12.10 66.50 91.80 331.2
 DTW 20061223  1.26  0.37 32.10 66.50 91.80 327.9
 DTW 20061224  1.23  1.13100.00 66.40 91.80 336.7
 DTW 20061225  1.34  0.76 62.10 66.40 91.80 309.6
 DTW 20061226  1.22  0.53 47.60 66.40 91.80 341.8
 DTW 20061227  1.20  1.10100.00 66.30 91.80 348.5
 DTW 20061228  1.28  0.55 47.20 66.30 91.80 327.7
 DTW 20061229  1.25  0.97 85.20 66.20 91.80 338.5
 DTW 20061230  1.36  1.13 90.40 66.10 91.80 312.8
 DTW 20061231  1.45  0.69 52.20 66.10 91.80 295.8
 DTW 20070101  1.31  0.49 40.50 66.00 91.80 327.8
